chrom,start,end,label,length
chr2,218653989,218894379,YES,240390
chr11,113906434,114132084,YES,225650
chr12,2075647,2568247,YES,492600
chr10,97067934,97335154,YES,267220
chr1,144884890,145041663,YES,156773
chr10,80826302,80957106,YES,130804
chr3,123023076,123170064,YES,146988
chr10,112389222,112598049,YES,208827
chr10,116230749,116543957,YES,313208
chr12,3293428,3391577,YES,98149
chr1,27814432,27932820,YES,118388
chr19,39125225,39226363,YES,101138
chr9,116212524,116388092,YES,175568
chr5,149969036,150054558,YES,85522
chr22,36715557,36823332,YES,107775
chr22,18310131,18488846,YES,178715
chr4,186563668,186802251,YES,238583
chr5,149107525,149238470,YES,130945
chr17,55908975,56034232,YES,125257
chr10,126309100,126444584,YES,135484
chr18,33876237,34175766,YES,299529
chr15,31616694,31696223,YES,79529
chr8,11531349,11623900,YES,92551
chr19,3335177,3460756,YES,125579
chr1,10721949,10857380,YES,135431
chr1,234650974,234750263,YES,99289
chr13,110867907,111097091,YES,229184
chr5,172067221,172234989,YES,167768
chr20,45923633,45991919,YES,68286
chr11,65237797,65278629,YES,40832
chr9,124029047,124135894,YES,106847
chr1,156425855,156481316,YES,55461
chr22,46933553,47086523,YES,152970
chr1,237141837,237399036,YES,257199
chr3,46954986,47030014,YES,75028
chr10,88389930,88472677,YES,82747
chr15,57880821,57985022,YES,104201
chr1,22220165,22285092,YES,64927
chr17,57404485,57519342,YES,114857
chr16,4232851,4324466,YES,91615
chr15,42173421,42265643,YES,92222
chr8,134496637,134588231,YES,91594
chr10,106058695,106110142,YES,51447
chr1,144674397,144710848,YES,36451
chr2,220268381,220340932,YES,72551
chr1,206821682,206911892,YES,90210
chr12,106456296,106542631,YES,86335
chr20,25159186,25292428,YES,133242
chr22,41762417,41845358,YES,82941
chr8,30240080,30429588,YES,189508
chr2,238490020,238653946,YES,163926
chr9,73004011,73054760,YES,50749
chr11,118777124,118804772,YES,27648
chr20,24972474,25040383,YES,67909
chr20,36677797,36797896,YES,120099
chr1,55007313,55077810,YES,70497
chr4,174426896,174485854,YES,58958
chr17,902598,1038942,YES,136344
chr7,151322886,151452873,YES,129987
chr12,123526445,123636562,YES,110117
chr22,35974361,36046286,YES,71925
chr20,30249168,30312142,YES,62974
chr14,77473708,77522172,YES,48464
chr3,127408826,127543420,YES,134594
chr11,126187177,126307082,YES,119905
chr9,134128980,134211241,YES,82261
chr5,139014699,139091197,YES,76498
chr3,156802888,156855556,YES,52668
chr5,172259481,172371501,YES,112020
chr18,19742437,19795465,YES,53028
chr1,234997926,235158976,YES,161050
chr2,105974230,106052843,YES,78613
chr1,227125411,227182472,YES,57061
chr8,145006888,145052028,YES,45140
chr12,109166633,109253030,YES,86397
chr1,8402986,8524956,YES,121970
chr20,42740616,42852189,YES,111573
chr14,93415866,93564286,YES,148420
chr11,65182998,65196371,YES,13373
chr2,159919490,160086979,YES,167489
chr2,240142097,240281901,YES,139804
chr15,85359816,85416617,YES,56801
chr19,13105471,13216310,YES,110839
chr15,86070462,86279313,YES,208851
chr11,128320900,128456329,YES,135429
chr2,238766504,238832550,YES,66046
chr6,108876068,109021771,YES,145703
chr2,20766731,20842620,YES,75889
chr10,33482287,33644765,YES,162478
chr2,220472806,220511531,YES,38725
chr1,201663229,201764512,YES,101283
chr11,119208961,119250508,YES,41547
chr2,201979302,202023641,YES,44339
chr2,128387883,128439505,YES,51622
chr10,120965112,121181648,YES,216536
chr17,48129962,48192785,YES,62823
chr1,156065452,156111766,YES,46314
chr11,62303438,62346617,YES,43179
chr3,52037845,52106123,YES,68278
chr7,44634930,44753688,YES,118758
chr3,42053752,42171456,YES,117704
chr14,94405925,94462381,YES,56456
chr1,201324336,201354894,YES,30558
chr15,71406334,71547728,YES,141394
chr19,12868074,12905743,YES,37669
chr14,74183727,74262296,YES,78569
chr1,33792494,33901928,YES,109434
chr12,53432542,53468856,YES,36314
chr3,39175841,39239180,YES,63339
chr10,123857708,123915310,YES,57602
chr14,105930705,105945037,YES,14332
chr8,142401008,142442340,YES,41332
chr16,29258764,29309354,YES,50590
chr10,104355479,104439263,YES,83784
chr7,75920287,76023567,YES,103280
chr8,26433296,26510166,YES,76870
chr1,12599849,12697400,YES,97551
chr7,101499164,101630700,YES,131536
chr3,129273189,129347529,YES,74340
chr1,11844237,11867827,YES,23590
chr22,46464494,46478302,YES,13808
chr14,23867308,23891809,YES,24501
chr22,34112968,34319015,YES,206047
chr7,44294659,44374473,YES,79814
chr17,75338187,75474477,YES,136290
chr3,186646777,186735646,YES,88869
chr17,37813774,37837800,YES,24026
chr6,33658953,33715982,YES,57029
chr14,55092231,55216302,YES,124071
chr16,46729718,46798764,YES,69046
chr11,33710148,33775628,YES,65480
chr16,88253796,88305650,YES,51854
chr13,113342650,113407911,YES,65261
chr19,39887668,39922282,YES,34614
chr5,172654841,172718095,YES,63254
chr3,50264235,50308232,YES,43997
chr17,74666812,74718476,YES,51664
chr3,134027164,134095017,YES,67853
chr10,80978152,81060973,YES,82821
chr9,134479162,134615438,YES,136276
chr12,48192589,48223755,YES,31166
chr14,23891815,23916981,YES,25166
chr12,113645450,113711891,YES,66441
chr5,131750343,131838737,YES,88394
chr22,41863858,41929914,YES,66056
chr19,2031314,2065994,YES,34680
chr9,132242338,132263562,YES,21224
chr7,150638564,150687391,YES,48827
chr4,119811240,119976240,YES,165000
chr1,56957112,57046072,YES,88960
chr5,67509864,67588518,YES,78654
chr7,73866559,73930701,YES,64142
chr5,148509613,148609765,YES,100152
chr11,19686313,19799732,YES,113419
chr17,38466424,38521460,YES,55036
chr3,73516050,73676653,YES,160603
chr2,207985965,208032993,YES,47028
chr16,75263253,75302524,YES,39271
chr1,207976619,208001249,YES,24630
chr8,1981306,2083135,YES,101829
chr2,46523012,46581196,YES,58184
chr19,1241167,1256331,YES,15164
chr2,40530157,40742603,YES,212446
chr15,99947898,100027960,YES,80062
chr3,138066339,138122159,YES,55820
chr17,43354572,43424205,YES,69633
chr12,124843671,124943435,YES,99764
chr5,1088544,1130046,YES,41502
chr17,36577084,36623926,YES,46842
chr7,116135548,116200891,YES,65343
chr7,139404254,139478968,YES,74714
chr14,102236429,102348443,YES,112014
chr17,2293494,2323407,YES,29913
chr17,8052343,8061010,YES,8667
chr10,81895318,81968097,YES,72779
chr8,123791951,123877195,YES,85244
chr19,11241393,11316168,YES,74775
chr11,72850594,72900096,YES,49502
chr12,122229625,122245245,YES,15620
chr3,141118952,141170271,YES,51319
chr14,73241325,73375331,YES,134006
chr3,5017421,5037778,YES,20357
chr8,38757145,38824306,YES,67161
chr7,5457084,5478285,YES,21201
chr5,149864271,149923309,YES,59038
chr3,119347341,119393932,YES,46591
chr8,22223964,22302434,YES,78470
chr2,101720955,101770878,YES,49923
chr3,46885877,46917260,YES,31383
chr10,3815859,3829902,YES,14043
chr2,54772694,54902160,YES,129466
chr5,133838591,133931800,YES,93209
chr1,16337984,16349439,YES,11455
chr1,204378176,204477480,YES,99304
chr5,148647202,148705489,YES,58287
chr20,2081661,2133483,YES,51822
chr17,71273871,71317398,YES,43527
chr14,61928462,62066240,YES,137778
chr12,52400665,52458803,YES,58138
chr1,226837583,226927341,YES,89758
chr14,69228936,69284110,YES,55174
chr7,104583120,104656407,YES,73287
chr17,38245238,38258862,YES,13624
chr20,60926918,60958334,YES,31416
chr22,38613837,38715170,YES,101333
chr12,6640835,6666374,YES,25539
chr22,47120891,47171009,YES,50118
chr8,17462293,17555388,YES,93095
chr9,112527645,112686153,YES,158508
chr12,111834537,111889117,YES,54580
chr16,1579066,1611482,YES,32416
chr12,120661797,120703598,YES,41801
chr22,24156232,24189601,YES,33369
chr9,100263343,100335213,YES,71870
chr11,306529,321491,YES,14962
chr1,32033763,32062625,YES,28862
chr11,12159432,12224169,YES,64737
chr10,104512350,104578926,YES,66576
chr15,89628631,89685347,YES,56716
chr17,76337300,76417010,YES,79710
chr4,169684418,169810380,YES,125962
chr6,45884422,45986048,YES,101626
chr4,148652213,148767393,YES,115180
chr16,58484748,58537667,YES,52919
chr1,3224044,3287653,YES,63609
chr1,17857543,17958848,YES,101305
chr9,139547596,139569983,YES,22387
chr2,43442717,43459147,YES,16430
chr2,232467667,232511723,YES,44056
chr9,677440,756495,YES,79055
chr14,32873957,33036789,YES,162832
chr3,187452992,187469049,YES,16057
chr16,70713825,70785915,YES,72090
chr1,203594325,203667720,YES,73395
chr11,73017536,73047130,YES,29594
chr17,55161695,55193768,YES,32073
chr5,180212073,180259489,YES,47416
chr1,214449628,214538108,YES,88480
chr2,219251584,219272600,YES,21016
chr15,64259507,64314479,YES,54972
chr1,203236360,203297516,YES,61156
chr3,50635650,50651738,YES,16088
chr5,175083880,175143687,YES,59807
chr9,124452387,124543648,YES,91261
chr10,121412498,121441329,YES,28831
chr20,48994803,49034839,YES,40036
chr6,43735857,43769361,YES,33504
chr6,13395177,13506194,YES,111017
chr20,43963949,43977702,YES,13753
chr3,42723957,42790426,YES,66469
chr1,16452695,16509479,YES,56784
chr1,31834912,31868213,YES,33301
chr10,82211786,82290616,YES,78830
chr22,43264279,43359898,YES,95619
chr8,103779362,103823317,YES,43955
chr3,124703888,124783042,YES,79154
chr7,1569746,1579732,YES,9986
chr19,16530313,16583628,YES,53315
chr4,3462461,3505838,YES,43377
chr13,114053053,114070066,YES,17013
chr15,63331977,63382195,YES,50218
chr7,128466414,128501522,YES,35108
chr3,45577593,45660556,YES,82963
chr11,2387137,2423018,YES,35881
chr2,37846851,37900442,YES,53591
chr17,75092686,75161313,YES,68627
chr3,159535868,159629792,YES,93924
chr1,167585551,167667990,YES,82439
chr2,28611822,28623945,YES,12123
chr19,13245484,13293299,YES,47815
chr9,95944077,96011300,YES,67223
chr15,67356918,67492728,YES,135810
chr13,113823600,113879479,YES,55879
chr12,109547491,109602139,YES,54648
chr1,6641740,6676153,YES,34413
chr17,79345506,79404428,YES,58922
chr9,130707641,130766589,YES,58948
chr12,3179538,3264184,YES,84646
chr5,142148681,142267010,YES,118329
chr17,1386049,1416315,YES,30266
chr8,17575443,17666325,YES,90882
chr9,14296233,14326719,YES,30486
chr2,46767382,46802214,YES,34832
chr12,110662215,110756680,YES,94465
chr6,30690111,30761958,YES,71847
chr1,228532275,228566959,YES,34684
chr11,47346669,47383675,YES,37006
chr2,30424589,30524805,YES,100216
chr19,13948754,13956435,YES,7681
chr1,155096817,155110927,YES,14110
chr20,43200130,43246478,YES,46348
chr10,73505103,73535781,YES,30678
chr2,27927552,27971279,YES,43727
chr22,38786795,38860602,YES,73807
chr17,2060045,2148838,YES,88793
chr3,124480092,124581864,YES,101772
chr6,136355554,136503471,YES,147917
chr1,149821492,149835135,YES,13643
chr11,47196806,47211646,YES,14840
chr2,227602257,227666894,YES,64637
chr22,33195893,33252599,YES,56706
chr8,124498847,124554805,YES,55958
chr4,57907891,57986443,YES,78552
chr14,69005735,69152857,YES,147122
chr6,32934276,32941857,YES,7581
chr14,105183633,105204523,YES,20890
chr12,109078541,109127144,YES,48603
chr21,45552621,45629023,YES,76402
chr5,78984073,79092302,YES,108229
chr18,46275140,46379244,YES,104104
chr10,73721940,73796063,YES,74123
chr9,33101213,33171286,YES,70073
chr2,47233708,47316728,YES,83020
chr15,85872599,85965699,YES,93100
chr9,71303769,71422874,YES,119105
chr2,232570009,232582190,YES,12181
chr17,38217095,38234254,YES,17159
chr17,39926348,39951264,YES,24916
chr9,131899678,131911156,YES,11478
chr6,158410482,158492023,YES,81541
chrX,64853657,64932468,YES,78811
chr14,55231268,55255831,YES,24563
chr6,35691050,35698343,YES,7293
chr17,42163234,42202006,YES,38772
chr11,118450649,118511286,YES,60637
chr20,19737269,19809215,YES,71946
chr5,150434869,150504598,YES,69729
chr2,85954780,86039263,YES,84483
chr21,46361002,46410664,YES,49662
chr12,20512010,20626616,YES,114606
chr1,27094073,27128374,YES,34301
chr3,120121351,120171739,YES,50388
chr8,22829749,22879131,YES,49382
chr18,55914016,55989533,YES,75517
chr9,135987525,136020558,YES,33033
chr12,117462971,117535714,YES,72743
chr10,50478520,50532875,YES,54355
chr3,37492981,37553468,YES,60487
chr6,41665795,41703730,YES,37935
chr16,67554916,67598567,YES,43651
chr4,87920630,88015943,YES,95313
chr2,232526289,232550706,YES,24417
chr1,203475444,203530634,YES,55190
chr1,234835252,234863890,YES,28638
chr11,75264057,75278253,YES,14196
chr22,26137167,26179962,YES,42795
chr1,24388227,24453525,YES,65298
chr12,125388918,125426136,YES,37218
chr19,2567082,2637111,YES,70029
chr22,35694603,35727278,YES,32675
chr8,38297907,38326892,YES,28985
chr5,156937927,156999463,YES,61536
chrX,135228558,135295481,YES,66923
chr7,47491890,47535932,YES,44042
chr12,123324886,123403171,YES,78285
chr1,155929687,155954680,YES,24993
chr6,164505002,164531991,YES,26989
chr1,231471571,231559000,YES,87429
chr20,44033930,44066038,YES,32108
chr6,46347856,46486506,YES,138650
chr19,47470208,47498539,YES,28331
chr2,12854254,12879977,YES,25723
chr1,156629243,156648314,YES,19071
chr12,56096222,56107988,YES,11766
chr16,89362874,89403220,YES,40346
chr1,11916487,11949621,YES,33134
chr5,95137410,95206672,YES,69262
chr15,36863246,36951406,YES,88160
chr7,75548827,75625192,YES,76365
chr3,16923331,16987849,YES,64518
chr1,153699807,153779090,YES,79283
chr4,23836850,23906524,YES,69674
chr10,45466409,45482254,YES,15845
chr15,77748000,77839107,YES,91107
chr18,3447073,3454531,YES,7458
chr20,61146046,61165395,YES,19349
chr14,70076603,70187113,YES,110510
chr7,32058994,32149086,YES,90092
chr7,158860133,158899269,YES,39136
chr10,93322983,93395743,YES,72760
chr12,124958924,125054275,YES,95351
chr1,150530832,150543289,YES,12457
chr15,40613975,40636730,YES,22755
chr18,56199193,56295317,YES,96124
chr12,715581,757268,YES,41687
chr8,67340114,67385009,YES,44895
chr1,9934527,9983038,YES,48511
chr22,38138469,38150901,YES,12432
chr1,169071375,169099007,YES,27632
chr9,35903858,35930432,YES,26574
chr19,30152831,30173228,YES,20397
chr20,19944657,19992336,YES,47679
chr13,111155110,111215652,YES,60542
chr8,41510620,41529810,YES,19190
chr11,44747178,44806338,YES,59160
chr2,179634670,179789920,YES,155250
chr5,150384418,150420723,YES,36305
chr19,46786637,46809123,YES,22486
chr12,106677818,106740319,YES,62501
chr20,35447990,35492961,YES,44971
chr4,15002688,15007345,YES,4657
chrX,106953224,107020257,YES,67033
chr14,100018139,100072661,YES,54522
chr9,137251687,137328676,YES,76989
chr12,32953280,33048040,YES,94760
chr8,28198227,28270549,YES,72322
chr1,61544972,61657512,YES,112540
chr9,131637604,131682313,YES,44709
chr6,44188426,44204393,YES,15967
chr1,12038203,12075418,YES,37215
chr9,37986976,38083636,YES,96660
chr3,38655458,38692040,YES,36582
chr8,126441137,126465108,YES,23971
chr16,24980372,25027884,YES,47512
chr2,134875828,134990277,YES,114449
chr2,106103250,106137172,YES,33922
chr2,10983264,11018807,YES,35543
chr4,95363212,95482084,YES,118872
chr2,43130030,43196018,YES,65988
chr22,31476239,31517122,YES,40883
chr5,80527232,80548889,YES,21657
chr1,16159369,16177170,YES,17801
chr15,99644532,99690461,YES,45929
chr21,35893450,35966396,YES,72946
chr16,2073093,2095216,YES,22123
chr1,45267023,45287326,YES,20303
chr6,163817368,163863231,YES,45863
chr19,36618135,36674936,YES,56801
chr9,34988005,34998899,YES,10894
chr17,72420285,72451828,YES,31543
chr12,6248980,6343766,YES,94786
chr6,111872539,111928480,YES,55941
chr2,86930122,86950198,YES,20076
chr6,34982122,35033845,YES,51723
chr3,111569935,111644040,YES,74105
chr11,76287807,76384529,YES,96722
chr17,15134365,15173398,YES,39033
chr1,236848229,236924880,YES,76651
chr3,65921217,66033884,YES,112667
chr11,133803845,133827876,YES,24031
chr6,112514688,112620667,YES,105979
chr22,20861109,20924439,YES,63330
chr19,49645867,49670439,YES,24572
chr15,65030515,65069661,YES,39146
chr17,17429193,17476114,YES,46921
chr21,43629660,43659142,YES,29482
chr10,123753075,123823534,YES,70459
chr1,21578119,21626908,YES,48789
chr1,19740477,19834560,YES,94083
chr10,71076930,71138068,YES,61138
chr16,56638548,56646957,YES,8409
chr10,126686311,126783431,YES,97120
chr10,33226726,33305816,YES,79090
chr10,45450850,45466188,YES,15338
chr17,40551940,40589358,YES,37418
chr1,43405665,43425550,YES,19885
chr14,59719108,59845133,YES,126025
chr12,27656857,27748654,YES,91797
chr3,98449159,98507902,YES,58743
chr20,62669461,62696010,YES,26549
chr17,21178140,21194297,YES,16157
chr12,49159190,49184182,YES,24992
chr8,94910103,94957022,YES,46919
chr1,156714440,156723231,YES,8791
chr2,145236752,145282694,YES,45942
chr1,27956841,27990060,YES,33219
chr3,14561314,14585664,YES,24350
chr17,17799125,17876878,YES,77753
chr10,102756045,102773619,YES,17574
chr14,35852684,35879201,YES,26517
chr20,62454969,62497590,YES,42621
chr12,4377574,4418139,YES,40565
chr16,67991359,68003966,YES,12607
chr13,30005472,30055487,YES,50015
chr5,151040183,151079599,YES,39416
chr11,19190071,19261125,YES,71054
chr12,111330538,111373231,YES,42693
chr8,124628034,124668459,YES,40425
chr16,66952149,66963402,YES,11253
chr1,59238657,59252060,YES,13403
chr7,844595,879207,YES,34612
chr22,36841236,36871284,YES,30048
chr3,151984024,152053300,YES,69276
chr17,63526295,63561748,YES,35453
chr7,139331057,139378085,YES,47028
chr5,66253025,66363331,YES,110306
chr3,159478688,159514757,YES,36069
chr14,35009226,35031762,YES,22536
chr5,16454557,16507040,YES,52483
chr15,68563877,68592426,YES,28549
chr12,6431334,6473679,YES,42345
chr1,208374093,208419006,YES,44913
chr1,23874912,23908289,YES,33377
chr5,141183036,141232112,YES,49076
chr16,66932049,66942254,YES,10205
chr14,102963966,102992129,YES,28163
chr18,48174869,48201393,YES,26524
chr17,27428880,27484677,YES,55797
chr3,11575288,11656279,YES,80991
chr17,73674514,73704658,YES,30144
chr12,110971375,111029889,YES,58514
chr15,41197516,41250745,YES,53229
chr17,7741642,7749222,YES,7580
chr12,46751076,46781994,YES,30918
chr17,79475592,79487278,YES,11686
chr1,32090447,32116850,YES,26403
chr18,19832874,19862683,YES,29809
chr15,40320238,40398125,YES,77887
chr2,87300774,87309618,YES,8844
chr11,46669385,46734724,YES,65339
chr6,6717838,6752019,YES,34181
chrX,153923675,153980826,YES,57151
chr12,12866882,12898163,YES,31281
chr17,40805289,40833014,YES,27725
chr5,14142255,14223922,YES,81667
chr12,562594,592268,YES,29674
chr14,55031207,55078398,YES,47191
chr1,100109277,100158688,YES,49411
chr4,185711935,185744593,YES,32658
chr1,2982008,3018605,YES,36597
chr2,237144830,237174927,YES,30097
chr1,154971374,154990763,YES,19389
chr17,74511151,74551013,YES,39862
chr13,75922883,76053959,YES,131076
chr3,38559857,38591557,YES,31700
chr11,19973272,20039297,YES,66025
chr19,41219634,41228804,YES,9170
chr8,8989956,9022400,YES,32444
chr2,28883962,28976455,YES,92493
chr17,46122584,46142260,YES,19676
chr7,30932288,30975583,YES,43295
chr1,9292811,9314973,YES,22162
chr12,821184,864553,YES,43369
chr11,6338579,6349696,YES,11117
chr17,48980937,49028827,YES,47890
chr12,678106,701927,YES,23821
chr20,32005205,32033034,YES,27829
chr20,33563754,33576644,YES,12890
chr10,112255397,112273453,YES,18056
chr19,13956563,13963049,YES,6486
chr19,18570485,18633223,YES,62738
chr18,46448945,46483227,YES,34282
chr19,41801931,41835177,YES,33246
chr4,159691157,159792251,YES,101094
chr19,4049212,4079181,YES,29969
chr10,76951560,76996045,YES,44485
chr4,187587322,187648617,YES,61295
chr14,103978672,104025387,YES,46715
chr10,52335577,52386000,YES,50423
chr16,30071830,30082168,YES,10338
chr15,37373845,37403911,YES,30066
chr4,186033069,186071309,YES,38240
chr16,29167587,29197343,YES,29756
chr4,10092955,10120034,YES,27079
chr1,32394227,32422571,YES,28344
chr2,159809655,159906688,YES,97033
chr1,154376986,154407850,YES,30864
chr2,47072422,47116272,YES,43850
chr7,123239269,123322522,YES,83253
chr22,50346484,50364901,YES,18417
chr13,97873861,97928679,YES,54818
chr16,4513458,4565516,YES,52058
chr7,4721228,4790018,YES,68790
chr20,35088626,35128670,YES,40044
chr19,45244406,45262268,YES,17862
chr7,131181842,131243223,YES,61381
chr17,66487392,66539090,YES,51698
chr11,61721908,61747491,YES,25583
chr1,145447968,145458010,YES,10042
chr14,105045011,105055076,YES,10065
chr11,6623600,6634948,YES,11348
chr7,47325174,47420892,YES,95718
chr14,104272777,104348944,YES,76167
chr11,11984846,12016816,YES,31970
chr8,48646025,48651934,YES,5909
chr3,128879041,128917176,YES,38135
chr2,3456477,3477371,YES,20894
chr15,63187301,63234200,YES,46899
chr7,31913717,32040438,YES,126721
chr20,547607,593173,YES,45566
chr5,139584508,139653770,YES,69262
chr16,10646471,10675582,YES,29111
chr2,127412387,127428858,YES,16471
chr10,111966912,111988491,YES,21579
chr12,96586375,96657858,YES,71483
chr6,2947313,2991716,YES,44403
chr2,27993654,28024456,YES,30802
chr14,55564586,55601252,YES,36666
chr8,142120798,142140753,YES,19955
chr2,85725807,85770076,YES,44269
chr12,93754200,93809771,YES,55571
chr11,8709321,8756042,YES,46721
chr13,50695591,50705454,YES,9863
chr7,5717124,5744272,YES,27148
chr12,89733216,89785367,YES,52151
chr11,8777134,8835865,YES,58731
chr3,42674505,42710685,YES,36180
chr7,5564674,5572947,YES,8273
chr20,39763974,39785312,YES,21338
chr1,159879713,159896421,YES,16708
chr10,18691476,18795372,YES,103896
chr2,241171958,241200592,YES,28634
chr11,1924529,1991431,YES,66902
chr2,234318225,234338914,YES,20689
chr20,30174792,30199309,YES,24517
chr2,96907611,96932733,YES,25122
chr18,74765691,74846391,YES,80700
chr10,134318397,134335456,YES,17059
chr16,2171325,2177951,YES,6626
chr9,73081675,73110705,YES,29030
chr10,74056634,74097581,YES,40947
chr7,158603931,158623927,YES,19996
chr15,96863802,96904281,YES,40479
chr10,96990374,97051978,YES,61604
chr19,18388780,18394574,YES,5794
chr6,17258921,17293381,YES,34460
chr6,167011184,167054801,YES,43617
chr19,18117487,18169610,YES,52123
chr1,113240337,113250818,YES,10481
chr19,41906990,41939857,YES,32867
chr5,31610953,31712666,YES,101713
chr17,48922302,48945677,YES,23375
chr10,115361833,115426710,YES,64877
chr19,7156073,7260938,YES,104865
chr14,90847258,90876534,YES,29276
chr22,36230100,36318286,YES,88186
chr1,12482828,12557258,YES,74430
chr11,20052527,20089038,YES,36511
chr20,10584121,10656636,YES,72515
chr13,33824233,33865045,YES,40812
chr18,3592804,3606496,YES,13692
chr3,46013701,46035810,YES,22109
chr1,27018265,27033208,YES,14943
chr17,1615274,1622588,YES,7314
chr9,130606655,130622039,YES,15384
chr22,39628660,39642490,YES,13830
chr6,7106581,7173774,YES,67193
chr16,58442640,58468979,YES,26339
chr6,43956949,43979991,YES,23042
chr20,43318341,43360895,YES,42554
chr6,56524595,56638092,YES,113497
chr1,153915039,153937177,YES,22138
chr7,35261962,35302145,YES,40183
chr4,38663569,38693711,YES,30142
chr1,86019218,86049336,YES,30118
chr8,17910655,17943617,YES,32962
chr16,4849958,4881879,YES,31921
chr3,122658800,122698863,YES,40063
chr5,180586942,180652007,YES,65065
chr11,65623765,65629999,YES,6234
chr2,161221989,161289867,YES,67878
chr19,46266793,46276626,YES,9833
chr1,752366,774266,YES,21900
chr10,126802258,126851042,YES,48784
chr5,188107,208929,YES,20822
chr19,49375070,49382315,YES,7245
chr19,45930742,45989696,YES,58954
chr2,42272935,42288722,YES,15787
chr16,3173723,3210649,YES,36926
chr16,67274168,67282560,YES,8392
chr16,53097993,53135415,YES,37422
chr3,30638553,30709036,YES,70483
chr16,15234220,15241531,YES,7311
chr6,143264590,143269401,YES,4811
chr19,41303348,41318145,YES,14797
chr2,28806196,28868492,YES,62296
chr1,228384489,228416766,YES,32277
chr1,117016870,117058570,YES,41700
chr13,80910589,80917868,YES,7279
chr17,1956590,1972819,YES,16229
chr17,16913151,16961046,YES,47895
chr7,150941750,150950626,YES,8876
chr1,214160189,214218299,YES,58110
chr3,52483647,52491326,YES,7679
chr10,75403720,75417344,YES,13624
chr14,77403201,77429300,YES,26099
chr22,19969834,20017672,YES,47838
chr8,58946298,59059024,YES,112726
chr15,44163477,44206823,YES,43346
chr15,65346659,65383257,YES,36598
chr13,111363516,111369174,YES,5658
chr9,139403716,139442661,YES,38945
chr13,110745758,110791670,YES,45912
chr6,46863316,46932084,YES,68768
chr6,82406070,82464464,YES,58394
chr15,69107717,69114759,YES,7042
chr8,66628792,66720654,YES,91862
chr1,116904246,116925382,YES,21136
chr22,30683675,30718192,YES,34517
chr11,120187229,120217409,YES,30180
chr16,85157004,85254734,YES,97730
chr1,112261574,112289263,YES,27689
chr15,90637014,90650747,YES,13733
chr16,3069922,3074787,YES,4865
chr22,37941066,37964120,YES,23054
chr1,1589360,1633021,YES,43661
chr15,60651043,60701238,YES,50195
chr1,68149853,68226083,YES,76230
chr3,12966416,13012517,YES,46101
chr5,154120056,154175242,YES,55186
chr10,11186977,11285573,YES,98596
chr6,30649369,30659832,YES,10463
chr5,133559389,133592083,YES,32694
chr16,54956669,54972978,YES,16309
chr1,16007161,16063924,YES,56763
chr12,8178407,8192117,YES,13710
chr6,11194559,11234466,YES,39907
chr9,138970625,139012270,YES,41645
chr16,66392592,66418106,YES,25514
chr21,46711825,46741490,YES,29665
chr10,63805100,63855516,YES,50416
chr3,37032460,37074871,YES,42411
chr5,170845246,170882222,YES,36976
chr22,46445577,46455681,YES,10104
chr5,179243816,179266994,YES,23178
chr17,6915108,6927213,YES,12105
chr8,33410630,33425313,YES,14683
chr12,68040909,68075604,YES,34695
chr19,16426162,16460971,YES,34809
chr1,41939250,41970752,YES,31502
chr14,34521765,34568097,YES,46332
chr10,105394825,105438937,YES,44112
chr5,167361058,167380801,YES,19743
chr1,51432810,51445196,YES,12386
chr17,27944427,27973779,YES,29352
chr3,128498422,128538458,YES,40036
chr9,101704485,101762144,YES,57659
chr15,93344648,93377529,YES,32881
chr8,19793898,19827305,YES,33407
chr1,120555136,120613228,YES,58092
chr3,192310683,192440642,YES,129959
chr8,145725805,145730901,YES,5096
chr19,47598005,47617751,YES,19746
chr20,3785906,3803000,YES,17094
chr3,25467771,25530406,YES,62635
chr11,111779358,111785752,YES,6394
chr16,88168231,88185672,YES,17441
chr3,69130567,69168790,YES,38223
chr11,65654793,65662141,YES,7348
chr6,4343497,4382441,YES,38944
chr1,25008893,25097946,YES,89053
chr1,145208221,145266273,YES,58052
chr1,205461801,205489694,YES,27893
chr9,522240,627820,YES,105580
chr14,64964865,64973948,YES,9083
chr2,20610032,20653010,YES,42978
chr1,160070379,160118326,YES,47947
chr6,126064605,126081696,YES,17091
chr11,47414043,47438927,YES,24884
chr10,129704781,129727063,YES,22282
chr20,5107395,5184025,YES,76630
chr2,96841636,96876266,YES,34630
chr17,1537698,1555453,YES,17755
chr12,114818897,114854353,YES,35456
chr1,208057654,208099208,YES,41554
chr11,65336077,65346256,YES,10179
chr11,68075208,68123382,YES,48174
chr10,3842907,3872492,YES,29585
chr17,18149686,18166838,YES,17152
chr5,131538178,131565353,YES,27175
chr19,47728549,47735467,YES,6918
chr17,53342109,53379911,YES,37802
chr17,66431778,66471138,YES,39360
chr14,52468767,52531312,YES,62545
chr22,46730851,46751402,YES,20551
chr5,142779028,142785629,YES,6601
chr1,27721859,27765916,YES,44057
chr2,60690108,60782986,YES,92878
chr18,72915455,72943471,YES,28016
chr9,112857148,112924687,YES,67539
chr20,1301339,1319565,YES,18226
chr6,52354525,52388134,YES,33609
chr8,11424513,11452356,YES,27843
chr15,75929699,75968658,YES,38959
chr17,62222204,62254553,YES,32349
chr3,177047500,177080290,YES,32790
chr8,98775446,98831212,YES,55766
chr3,126057498,126077867,YES,20369
chr9,71735328,71833215,YES,97887
chr15,62724238,62808550,YES,84312
chr1,164530750,164629838,YES,99088
chr18,60189280,60194833,YES,5553
chr13,113612250,113641315,YES,29065
chr5,150576139,150619284,YES,43145
chr15,74273575,74285697,YES,12122
chr1,92149999,92230912,YES,80913
chr1,202530758,202563873,YES,33115
chr21,38923095,38938438,YES,15343
chr9,137215357,137237311,YES,21954
chr5,148793677,148806287,YES,12610
chr9,124359721,124384088,YES,24367
chr5,133327954,133354898,YES,26944
chr16,30203438,30221791,YES,18353
chr2,192700356,192747042,YES,46686
chr14,64660312,64700346,YES,40034
chr17,12615489,12649513,YES,34024
chr16,57661097,57683234,YES,22137
chr7,130565192,130627453,YES,62261
chr20,33290883,33302295,YES,11412
chr21,46273299,46302183,YES,28884
chr5,96034862,96093218,YES,58356
chrX,327678,335460,YES,7782
chr1,36831174,36854038,YES,22864
chr17,4847325,4855581,YES,8256
chr19,14222079,14231611,YES,9532
chr18,25728320,25764162,YES,35842
chr11,10323683,10332474,YES,8791
chr11,45867549,45884002,YES,16453
chr3,66443053,66510127,YES,67074
chr1,205881216,205890540,YES,9324
chr3,124302961,124340873,YES,37912
chr6,157097552,157113040,YES,15488
chr11,18404329,18418518,YES,14189
chr2,71677845,71703050,YES,25205
chr17,18084348,18098753,YES,14405
chr9,134247746,134309280,YES,61534
chr4,90164154,90229804,YES,65650
chr19,15392741,15448394,YES,55653
chr6,164378889,164387975,YES,9086
chr15,92394756,92412202,YES,17446
chr19,55597853,55630780,YES,32927
chr4,114494741,114628620,YES,133879
chr12,65043151,65083599,YES,40448
chr17,4402138,4445734,YES,43596
chr11,67032959,67058194,YES,25235
chr17,36849347,36863638,YES,14291
chr17,3561104,3573076,YES,11972
chr22,43092255,43100382,YES,8127
chr17,42294831,42308135,YES,13304
chr11,46359906,46387059,YES,27153
chr4,103737271,103750921,YES,13650
chr16,7380125,7430988,YES,50863
chr2,169369873,169451960,YES,82087
chr11,1771354,1786096,YES,14742
chr12,48108620,48153932,YES,45312
chr12,50039272,50069640,YES,30368
chr12,26265322,26280544,YES,15222
chr8,101961712,101966305,YES,4593
chr10,88485389,88517848,YES,32459
chr3,193851160,193862365,YES,11205
chr2,70311805,70317810,YES,6005
chr1,150116756,150138381,YES,21625
chr15,91411185,91429562,YES,18377
chr11,64007073,64015827,YES,8754
chr1,149801810,149805853,YES,4043
chr7,130789609,130796500,YES,6891
chr15,99382459,99470552,YES,88093
chr15,72511715,72530634,YES,18919
chr18,32609930,32676609,YES,66679
chr19,6735760,6746572,YES,10812
chr5,149510774,149544849,YES,34075
chr16,4348620,4380133,YES,31513
chr7,72298117,72302602,YES,4485
chr10,7375483,7453753,YES,78270
chr7,30503397,30519137,YES,15740
chr1,26014447,26036004,YES,21557
chr12,54800939,54827572,YES,26633
chr8,18669447,18712958,YES,43511
chr9,2013881,2040271,YES,26390
chr17,56583710,56617516,YES,33806
chr1,236202920,236232636,YES,29716
chr11,65147327,65155112,YES,7785
chr7,149411154,149429909,YES,18755
chr2,173937081,173989736,YES,52655
chr15,89439445,89477501,YES,38056
chr17,73868267,73875286,YES,7019
chr1,26600620,26617866,YES,17246
chr5,173304035,173354249,YES,50214
chr8,67419234,67436697,YES,17463
chr17,7358547,7384115,YES,25568
chr10,105640750,105684141,YES,43391
chr21,38736825,38759505,YES,22680
chr8,134299416,134316124,YES,16708
chr16,57820080,57864268,YES,44188
chr1,205751880,205797279,YES,45399
chr3,121311298,121349820,YES,38522
chr6,118605359,118639141,YES,33782
chr10,115799813,115828874,YES,29061
chr22,18912940,18924351,YES,11411
chr11,1551688,1596310,YES,44622
chr22,24938005,24963662,YES,25657
chr2,66659742,66674404,YES,14662
chr17,73455153,73513361,YES,58208
chr11,2479939,2499543,YES,19604
chr11,67118632,67125361,YES,6729
chr1,184794654,184887770,YES,93116
chr6,43137638,43144657,YES,7019
chr8,67024522,67081054,YES,56532
chr10,11054424,11131833,YES,77409
chr3,183872280,183896065,YES,23785
chr4,169400816,169462504,YES,61688
chr3,105502416,105563295,YES,60879
chr12,57910445,57918848,YES,8403
chr1,164716837,164764482,YES,47645
chrX,39989448,40039429,YES,49981
chr12,109881100,109906575,YES,25475
chr6,76107838,76205706,YES,97868
chr17,38688372,38717293,YES,28921
chr6,16736801,16782756,YES,45955
chr17,76857816,76896362,YES,38546
chr8,11690450,11736265,YES,45815
chr4,84456088,84481882,YES,25794
chr1,230978304,231005514,YES,27210
chr15,91078277,91155759,YES,77482
chr11,71722725,71760272,YES,37547
chr6,36788577,36835976,YES,47399
chr12,123996593,124019541,YES,22948
chr7,100737714,100783464,YES,45750
chr6,139688667,139698912,YES,10245
chr6,137532434,137559011,YES,26577
chr14,73159378,73221174,YES,61796
chr10,74031722,74037780,YES,6058
chr1,223892178,223937269,YES,45091
chr7,80209201,80290666,YES,81465
chr1,116940313,116977122,YES,36809
chr1,12192776,12247059,YES,54283
chr13,41627359,41638612,YES,11253
chr2,219145847,219154222,YES,8375
chr2,29232255,29241397,YES,9142
chr4,89503494,89542410,YES,38916
chr2,217542963,217576474,YES,33511
chr7,97909683,97919463,YES,9780
chr8,142235785,142323125,YES,87340
chr2,174827832,174831673,YES,3841
chr15,35081374,35104083,YES,22709
chr17,27988083,28072293,YES,84210
chr5,6703633,6733846,YES,30213
chr1,27424454,27482444,YES,57990
chr15,92456827,92525751,YES,68924
chr11,130734175,130779587,YES,45412
chr15,75321297,75358806,YES,37509
chr17,73628597,73638696,YES,10099
chr7,49811946,49844438,YES,32492
chr3,50192219,50210393,YES,18174
chr6,36928432,36967381,YES,38949
chr11,10881342,10933675,YES,52333
chr21,28205993,28220030,YES,14037
chr2,9351695,9416636,YES,64941
chr2,8815902,8826323,YES,10421
chr17,38260727,38270618,YES,9891
chr17,62957932,62987759,YES,29827
chr1,154939374,154949015,YES,9641
chr5,180668287,180676063,YES,7776
chr9,112777882,112844492,YES,66610
chr12,119613589,119627670,YES,14081
chr4,169481160,169567960,YES,86800
chr3,140953072,140975520,YES,22448
chr16,83931663,83947570,YES,15907
chr3,14164865,14188070,YES,23205
chr1,109911090,109941509,YES,30419
chr17,40663838,40684603,YES,20765
chr16,23130576,23161870,YES,31294
chr1,116290842,116314890,YES,24048
chr19,42781527,42790773,YES,9246
chr10,45484789,45497540,YES,12751
chr21,33781765,33788072,YES,6307
chr7,95211743,95239783,YES,28040
chr11,16624447,16636326,YES,11879
chr20,23336499,23344710,YES,8211
chr14,75866128,75927295,YES,61167
chr12,19281966,19351504,YES,69538
chr11,67265370,67276853,YES,11483
chr22,41952787,41979484,YES,26697
chr5,42990668,43020976,YES,30308
chr4,77114800,77136423,YES,21623
chr7,134828398,134857056,YES,28658
chr19,46282053,46290392,YES,8339
chr10,69847161,69921124,YES,73963
chr3,20080190,20123278,YES,43088
chr19,52691714,52711163,YES,19449
chr1,202921396,202938841,YES,17445
chr16,120811,153746,YES,32935
chr11,130317849,130329160,NO,11311
chr2,151328377,151344467,NO,16090
chr9,74976886,74981624,NO,4738
chr12,57478839,57488886,NO,10047
chr2,54685458,54758855,NO,73397
chr1,201847105,201888028,NO,40923
chr3,64653041,64680350,NO,27309
chr22,22290570,22304965,NO,14395
chr12,121115216,121149924,NO,34708
chr7,16673875,16711535,NO,37660
chr2,30568680,30590085,NO,21405
chr4,2787775,2815379,NO,27604
chr6,36645765,36649061,NO,3296
chr13,111560098,111574569,NO,14471
chr16,20908111,20942235,NO,34124
chr19,3948345,3956458,NO,8113
chr22,46479363,46489403,NO,10040
chr10,3132087,3179877,NO,47790
chr9,2602464,2665105,NO,62641
chr12,94195977,94289698,NO,93721
chr1,38460552,38482508,NO,21956
chr18,3245488,3251032,NO,5544
chr22,28046935,28084604,NO,37669
chr7,74263978,74268970,NO,4992
chr5,175959669,175972071,NO,12402
chr1,181057099,181087646,NO,30547
chr4,114680641,114684665,NO,4024
chr3,50617892,50627062,NO,9170
chr2,101429108,101474496,NO,45388
chr13,76336279,76390927,NO,54648
chr10,65387524,65405982,NO,18458
chr9,109622007,109656051,NO,34044
chr7,74507959,74512273,NO,4314
chr10,131743413,131763667,NO,20254
chr10,95176518,95231705,NO,55187
chr14,105945521,105958352,NO,12831
chr19,5926406,5970110,NO,43704
chr19,49126495,49142541,NO,16046
chr19,3963348,3971922,NO,8574
chr10,103872659,103883289,NO,10630
chr2,157188165,157199984,NO,11819
chr12,7033259,7048784,NO,15525
chrX,39949101,39969537,NO,20436
chr14,21148770,21153709,NO,4939
chr19,47343926,47370260,NO,26334
chr3,46704496,46739379,NO,34883
chr5,140872731,140910359,NO,37628
chr14,77562818,77588383,NO,25565
chr3,71095685,71116712,NO,21027
chr2,43286092,43338162,NO,52070
chr4,185304245,185347211,NO,42966
chr6,33264477,33283699,NO,19222
chr13,44678805,44730763,NO,51958
chr10,89619976,89625844,NO,5868
chr19,41104809,41126451,NO,21642
chr5,139691086,139728409,NO,37323
chr2,64976722,65006930,NO,30208
chr12,6221482,6235852,NO,14370
chr9,73188568,73230984,NO,42416
chr3,66522666,66559079,NO,36413
chr3,12663474,12706642,NO,43168
chr19,59064945,59071826,NO,6881
chr10,81156770,81201656,NO,44886
chr17,45972216,46007738,NO,35522
chr5,43063715,43076118,NO,12403
chr9,98263917,98274549,NO,10632
chr22,43038598,43046317,NO,7719
chr18,12360421,12378569,NO,18148
chr5,6429823,6473953,NO,44130
chr11,86650901,86669898,NO,18997
chr16,22199478,22244740,NO,45262
chr1,27690965,27703611,NO,12646
chr10,72975876,73030121,NO,54245
chr9,129916823,129962314,NO,45491
chr10,92672311,92696728,NO,24417
chr16,53534659,53554255,NO,19596
chr11,65042445,65085232,NO,42787
chr16,54298584,54322199,NO,23615
chr4,89197977,89219863,NO,21886
chr11,128561385,128599897,NO,38512
chr2,168975466,169080504,NO,105038
chr6,41038587,41043517,NO,4930
chr5,148922416,148944727,NO,22311
chr17,37023651,37079643,NO,55992
chr16,58055760,58083918,NO,28158
chr12,46119601,46126426,NO,6825
chr18,13215981,13233337,NO,17356
chr11,2321554,2348167,NO,26613
chr5,36645962,36704080,NO,58118
chr2,33663833,33716013,NO,52180
chr19,555974,584823,NO,28849
chr3,171995950,172050605,NO,54655
chr19,51865088,51872290,NO,7202
chr6,7528688,7563360,NO,34672
chr10,134440083,134448916,NO,8833
chr8,103665528,103675512,NO,9984
chr6,26155332,26173851,NO,18519
chr10,105498712,105537827,NO,39115
chr2,110856349,110878845,NO,22496
chr17,73772230,73782844,NO,10614
chr5,177952627,177975820,NO,23193
chr3,188657893,188669993,NO,12100
chr17,9988081,10040318,NO,52237
chr11,64034458,64040251,NO,5793
chr7,542699,566645,NO,23946
chr8,97272820,97310579,NO,37759
chr3,49480993,49523643,NO,42650
chr1,150549148,150553263,NO,4115
chr11,118036453,118083849,NO,47396
chr19,658222,681944,NO,23722
chr9,35509889,35554201,NO,44312
chr3,52558297,52585704,NO,27407
chr3,150124840,150129287,NO,4447
chr11,1884205,1904693,NO,20488
chr2,98769144,98782462,NO,13318
chr15,71610089,71684309,NO,74220
chr1,61886270,61920832,NO,34562
chrX,153612996,153619890,NO,6894
chr5,133793211,133804327,NO,11116
chr12,58235970,58242139,NO,6169
chr14,91579525,91594775,NO,15250
chr7,26238720,26242690,NO,3970
chr10,27528542,27548795,NO,20253
chr5,138725119,138733365,NO,8246
chr7,157128533,157153741,NO,25208
chr1,161165017,161173815,NO,8798
chr3,183342363,183360313,NO,17950
chr1,2143301,2146921,NO,3620
chr12,57009864,57031625,NO,21761
chr1,245116758,245135987,NO,19229
chr13,114539647,114568093,NO,28446
chr11,64615516,64628179,NO,12663
chr18,46056143,46090946,NO,34803
chr15,75744228,75749182,NO,4954
chr12,52279772,52320782,NO,41010
chr17,41890726,41911654,NO,20928
chr8,125606636,125700231,NO,93595
chr16,85635453,85674088,NO,38635
chr20,3707636,3750104,NO,42468
chr1,149856056,149861002,NO,4946
chrX,153568951,153574125,NO,5174
chr19,39338932,39354318,NO,15386
chr12,53607042,53618563,NO,11521
chr4,185393218,185397160,NO,3942
chr6,16237602,16259280,NO,21678
chr14,100198437,100220920,NO,22483
chr6,3742375,3753964,NO,11589
chr2,220035779,220044044,NO,8265
chr3,13025071,13041676,NO,16605
chr3,129179501,129224909,NO,45408
chr19,45901007,45910479,NO,9472
chr15,99241594,99278642,NO,37048
chr9,133699455,133749726,NO,50271
chr16,87396921,87423468,NO,26547
chr19,15355363,15378866,NO,23503
chr6,3905577,3930770,NO,25193
chr18,19901427,19936544,NO,35117
chr20,62573619,62584584,NO,10965
chr11,72413750,72448706,NO,34956
chr17,1665042,1704609,NO,39567
chr22,50324132,50332906,NO,8774
chr7,66457979,66460812,NO,2833
chr12,10858414,10877070,NO,18656
chr3,49156160,49172652,NO,16492
chr17,74481295,74498581,NO,17286
chr15,83464827,83480044,NO,15217
chr4,2838985,2872441,NO,33456
chr17,48221856,48233460,NO,11604
chr16,67875200,67882372,NO,7172
chr14,21489381,21496418,NO,7037
chr11,58340894,58347699,NO,6805
chr6,159051748,159076441,NO,24693
chr11,119168800,119193688,NO,24888
chr18,12271201,12289380,NO,18179
chr5,78767441,78811166,NO,43725
chr9,35726191,35734029,NO,7838
chr18,7557240,7585326,NO,28086
chr4,152205889,152247602,NO,41713
chr7,134451140,134551971,NO,100831
chr22,44419259,44454532,NO,35273
chr1,212457259,212469247,NO,11988
chr20,35168748,35179852,NO,11104
chr8,42320632,42372150,NO,51518
chr2,187453645,187483030,NO,29385
chr6,89788772,89793546,NO,4774
chr2,54586870,54672029,NO,85159
chr1,180493163,180536286,NO,43123
chr3,50353868,50362737,NO,8869
chr1,198125174,198139813,NO,14639
chr12,56116471,56124835,NO,8364
chr22,33013364,33058048,NO,44684
chr15,85446917,85471867,NO,24950
chr17,79302145,79321208,NO,19063
chr16,82659910,82690314,NO,30404
chr2,26463088,26498738,NO,35650
chr17,43203974,43210931,NO,6957
chr10,44341500,44376068,NO,34568
chr6,56658830,56717924,NO,59094
chr19,1194299,1219474,NO,25175
chr17,17379990,17411417,NO,31427
chr1,21643047,21672767,NO,29720
chr19,15532031,15564506,NO,32475
chr1,145434488,145443623,NO,9135
chr2,88899028,88929217,NO,30189
chr3,53269491,53305344,NO,35853
chr11,65404093,65422587,NO,18494
chr13,99102388,99162942,NO,60554
chr8,19520004,19598348,NO,78344
chr1,19233139,19278950,NO,45811
chr5,175796825,175841980,NO,45155
chr2,85645001,85674022,NO,29021
chr10,73595032,73621388,NO,26356
chr5,96257911,96273100,NO,15189
chr4,159078519,159098083,NO,19564
chr1,26053405,26071811,NO,18406
chr16,27502459,27543423,NO,40964
chr11,16865483,16927988,NO,62505
chr5,16521345,16599384,NO,78039
chr1,245025705,245030197,NO,4492
chr3,125977985,125989965,NO,11980
chr16,19842190,19897157,NO,54967
chr17,56049331,56073292,NO,23961
chr11,72335186,72354533,NO,19347
chr13,20691993,20725889,NO,33896
chr8,26682204,26725120,NO,42916
chr6,41018986,41031350,NO,12364
chr6,3053362,3070337,NO,16975
chr1,36619756,36624641,NO,4885
chr1,40500288,40507709,NO,7421
chr13,52025097,52028797,NO,3700
chr17,8123412,8131069,NO,7657
chr11,63683153,63689545,NO,6392
chrX,109244769,109311625,NO,66856
chr18,2874584,2908205,NO,33621
chr1,182346253,182362169,NO,15916
chr4,141070977,141076011,NO,5034
chr17,7183446,7200468,NO,17022
chr20,62312607,62333714,NO,21107
chr22,38886406,38903961,NO,17555
chr19,2166567,2190268,NO,23701
chr1,36635030,36646127,NO,11097
chrX,75362211,75372567,NO,10356
chr3,37803043,37815345,NO,12302
chr22,39568831,39582498,NO,13667
chr11,57077532,57095476,NO,17944
chr7,39987651,39991939,NO,4288
chr2,120231787,120250170,NO,18383
chr10,77155314,77171003,NO,15689
chr12,10363810,10373783,NO,9973
chr1,41170786,41236083,NO,65297
chr2,64870076,64882265,NO,12189
chr10,29870768,29881671,NO,10903
chr1,2475082,2484326,NO,9244
chr6,160372327,160405894,NO,33567
chr17,27264397,27280290,NO,15893
chr3,37567070,37651566,NO,84496
chr11,9573250,9599565,NO,26315
chr11,9773404,9806999,NO,33595
chr20,36611718,36625469,NO,13751
chr3,45023440,45077430,NO,53990
chr11,122930824,122935667,NO,4843
chr11,67797426,67808756,NO,11330
chr19,42752706,42761197,NO,8491
chr2,28555057,28580440,NO,25383
chr19,10854571,10895628,NO,41057
chr22,39914220,39922024,NO,7804
chr10,71216381,71242358,NO,25977
chr3,48632831,48643672,NO,10841
chr22,39091740,39114924,NO,23184
chr18,43985931,44000651,NO,14720
chr9,140189808,140216155,NO,26347
chr1,39619978,39682765,NO,62787
chr13,21586567,21621890,NO,35323
chr21,40176509,40196930,NO,20421
chr12,57520376,57547563,NO,27187
chr2,174850776,174905418,NO,54642
chr13,41232119,41242208,NO,10089
chr3,40330749,40356730,NO,25981
chr7,1066745,1096736,NO,29991
chr4,2246611,2268400,NO,21789
chr5,137137995,137195055,NO,57060
chr6,42749256,42759165,NO,9909
chr11,205850,210837,NO,4987
chr1,208114628,208138868,NO,24240
chr5,41391653,41462311,NO,70658
chr7,136552950,136597485,NO,44535
chr22,18592295,18616446,NO,24151
chr6,35698386,35702029,NO,3643
chr9,33287194,33329849,NO,42655
chr5,107714105,107719256,NO,5151
chr1,183236454,183298111,NO,61657
chr7,129469275,129565805,NO,96530
chr8,12949811,12990931,NO,41120
chr21,47373974,47414170,NO,40196
chr22,36632668,36656165,NO,23497
chr6,21587124,21597314,NO,10190
chr3,149356429,149377739,NO,21310
chr9,97766006,97771573,NO,5567
chr1,23693575,23699169,NO,5594
chr15,81291794,81332389,NO,40595
chr19,1264241,1272707,NO,8466
chr6,163754806,163778173,NO,23367
chr16,4662763,4676954,NO,14191
chr1,209789247,209823663,NO,34416
chr3,62107602,62173784,NO,66182
chr14,105648060,105672755,NO,24695
chr17,19030085,19048805,NO,18720
chr14,65268867,65314866,NO,45999
chr17,18932362,18951086,NO,18724
chr9,128267933,128319237,NO,51304
chr10,99078313,99095393,NO,17080
chr2,217396885,217422692,NO,25807
chr3,194291887,194309557,NO,17670
chr22,43078061,43086779,NO,8718
chr19,15217365,15237290,NO,19925
chr11,130379810,130399720,NO,19910
chr2,1711062,1749556,NO,38494
chr1,10269493,10278625,NO,9132
chr10,3085851,3117212,NO,31361
chrX,153592136,153599770,NO,7634
chr7,56031431,56046726,NO,15295
chr16,9183593,9197916,NO,14323
chr14,25344868,25444160,NO,99292
chr11,124745719,124772058,NO,26339
chr9,130834013,130864708,NO,30695
chr17,2606500,2628550,NO,22050
chr3,50335338,50341679,NO,6341
chr3,32147262,32172252,NO,24990
chr7,51322634,51376837,NO,54203
chr17,80242715,80257355,NO,14640
chr1,95000164,95018327,NO,18163
chr22,25348017,25422556,NO,74539
chr17,16975154,17025122,NO,49968
chr1,94017541,94102151,NO,84610
chr14,31664668,31678849,NO,14181
chr16,84076268,84126027,NO,49759
chr4,141896742,141949599,NO,52857
chr10,13721490,13761849,NO,40359
chr2,10167711,10198585,NO,30874
chr10,99329991,99336420,NO,6429
chr1,59339965,59370279,NO,30314
chr15,65169400,65191042,NO,21642
chr1,65527611,65535065,NO,7454
chr20,56259977,56293198,NO,33221
chr1,56876540,56924026,NO,47486
chr12,11801182,11828133,NO,26951
chr14,89852024,89897724,NO,45700
chr5,141249049,141262251,NO,13202
chr16,75120539,75147535,NO,26996
chr1,237043309,237069320,NO,26011
chr3,135913061,135916775,NO,3714
chr5,150141782,150181637,NO,39855
chr17,77015661,77025073,NO,9412
chr12,56649867,56667377,NO,17510
chr5,138261941,138311902,NO,49961
chr6,31694640,31706741,NO,12101
chr17,17737637,17742260,NO,4623
chr22,37879700,37909238,NO,29538
chr18,20031436,20053368,NO,21932
chr11,61581485,61585230,NO,3745
chr7,5588676,5598911,NO,10235
chr3,69787199,69841614,NO,54415
chr13,51798666,51867227,NO,68561
chr2,87752802,87798646,NO,45844
chr11,2825612,2861412,NO,35800
chr10,105593330,105616224,NO,22894
chr1,202994837,203011348,NO,16511
chr5,180464538,180482613,NO,18075
chr5,173180016,173209858,NO,29842
chr19,15477696,15491815,NO,14119
chr17,7140138,7147670,NO,7532
chr14,75742879,75747316,NO,4437
chr5,98262800,98275075,NO,12275
chr1,165599369,165615671,NO,16302
chr22,24538400,24573851,NO,35451
chr20,60691950,60699643,NO,7693
chr17,74400056,74445514,NO,45458
chr12,92525873,92539716,NO,13843
chr5,65220380,65223880,NO,3500
chr9,33813760,33820066,NO,6306
chr4,120023798,120083817,NO,60019
chr3,71628806,71635330,NO,6524
chr12,56108623,56116079,NO,7456
chr1,169452537,169457952,NO,5415
chr9,132170085,132179446,NO,9361
chr16,68297121,68300903,NO,3782
chr3,118997686,119020982,NO,23296
chr5,14663487,14686380,NO,22893
chr19,18400574,18406103,NO,5529
chr2,112209285,112254886,NO,45601
chrX,2608093,2629080,NO,20987
chr7,100025361,100030279,NO,4918
chr12,106630433,106644347,NO,13914
chr10,13850962,13937160,NO,86198
chr8,22452155,22459398,NO,7243
chr7,150754307,150760944,NO,6637
chr20,62113945,62141004,NO,27059
chr14,35804386,35836058,NO,31672
chr10,91234080,91282340,NO,48260
chr11,111599574,111609589,NO,10015
chr14,77370092,77388279,NO,18187
chr7,134570328,134618680,NO,48352
chr3,9436861,9441934,NO,5073
chr1,30994129,31001592,NO,7463
chr9,96212443,96231800,NO,19357
chr19,50140765,50146392,NO,5627
chr1,82265466,82274880,NO,9414
chr9,14341144,14373471,NO,32327
chr19,48101442,48137712,NO,36270
chr4,140096746,140100282,NO,3536
chr17,7736428,7741321,NO,4893
chr17,4869287,4874874,NO,5587
chr20,62257118,62273190,NO,16072
chr10,43901877,43917164,NO,15287
chr3,46599129,46608598,NO,9469
chr17,17742433,17746903,NO,4470
chr1,61508406,61523439,NO,15033
chr9,95497121,95533389,NO,36268
chr6,151709248,151713693,NO,4445
chr3,187869855,187874743,NO,4888
chr3,195611532,195642363,NO,30831
chr3,172390329,172429735,NO,39406
chr17,17594691,17599484,NO,4793
chr11,10828295,10831646,NO,3351
chr6,134491056,134500145,NO,9089
chr22,50719733,50748240,NO,28507
chr14,34401446,34421037,NO,19591
chr11,64508941,64533319,NO,24378
chr1,11967761,11999849,NO,32088
chr9,94169744,94188445,NO,18701
chr1,155656173,155659773,NO,3600
chr4,108912635,108952931,NO,40296
chr21,27103566,27109340,NO,5774
chr2,102340515,102393994,NO,53479
chr3,50675039,50690854,NO,15815
chr2,132247190,132251816,NO,4626
chr17,42856023,42883227,NO,27204
chr1,150967454,150998227,NO,30773
chr1,94502751,94535930,NO,33179
chr1,59603208,59618258,NO,15050
chr4,88410067,88463214,NO,53147
chr1,46596771,46616670,NO,19899
chr22,30211584,30253141,NO,41557
chr8,10567859,10591223,NO,23364
chr3,52266889,52275375,NO,8486
chr11,72532507,72577469,NO,44962
chr19,49492578,49497882,NO,5304
chr19,36244440,36249881,NO,5441
chr16,67913533,67931460,NO,17927
chr17,12568210,12588698,NO,20488
chr15,48008321,48043952,NO,35631
chr3,171842500,171900531,NO,58031
chr17,7754623,7762476,NO,7853
chr8,145529871,145548604,NO,18733
chr19,55662657,55673008,NO,10351
chr12,102088979,102107613,NO,18634
chr20,57463168,57484933,NO,21765
chr7,57385315,57431811,NO,46496
chr2,102637936,102700202,NO,62266
chr10,17256920,17273673,NO,16753
chr22,40571490,40635840,NO,64350
chr1,161352048,161370707,NO,18659
chr11,57530609,57568763,NO,38154
chrX,52986189,53033972,NO,47783
chr9,102580638,102585937,NO,5299
chr18,32692675,32720633,NO,27958
chr9,3524516,3528125,NO,3609
chr10,35656351,35679990,NO,23639
chr16,31434291,31465416,NO,31125
chr3,145870531,145883302,NO,12771
chr13,24120765,24154500,NO,33735
chr2,47399188,47404876,NO,5688
chr7,50689381,50737880,NO,48499
chr14,94208148,94239614,NO,31466
chr12,118489143,118501009,NO,11866
chr2,75061131,75077427,NO,16296
chr10,30711725,30745351,NO,33626
chr15,63793009,63798498,NO,5489
chr1,155530101,155534368,NO,4267
chr14,32543971,32548146,NO,4175
chr22,38051451,38073755,NO,22304
chr3,179369842,179400012,NO,30170
chrX,49010995,49024665,NO,13670
chr1,204033917,204078595,NO,44678
chr15,75986140,76006417,NO,20277
chr1,167902953,167907076,NO,4123
chr12,46650613,46664038,NO,13425
chr19,2524840,2551553,NO,26713
chr12,58285713,58293441,NO,7728
chr22,41611955,41659391,NO,47436
chr1,26480954,26491631,NO,10677
chr19,35613737,35632197,NO,18460
chr1,181110357,181123436,NO,13079
chr17,8062522,8068701,NO,6179
chr17,48240968,48250022,NO,9054
chr16,66544372,66556413,NO,12041
chr16,89571116,89575822,NO,4706
chr15,37267642,37351398,NO,83756
chr17,68163596,68178715,NO,15119
chr8,93112709,93116407,NO,3698
chr11,93257611,93277345,NO,19734
chr12,93963055,93968062,NO,5007
chr12,122488027,122526946,NO,38919
chr5,107000811,107009784,NO,8973
chr16,11014723,11037631,NO,22908
chr1,109622167,109647497,NO,25330
chr1,8932956,8951331,NO,18375
chr21,46824983,46859773,NO,34790
chr1,46135631,46154725,NO,19094
chr6,31782342,31788286,NO,5944
chr12,53885874,53897729,NO,11855
chr15,85174195,85178174,NO,3979
chr3,8523446,8575276,NO,51830
chr11,117721761,117757863,NO,36102
chr9,93948546,93983980,NO,35434
chr5,126333723,126377525,NO,43802
chr13,52375440,52401863,NO,26423
chr2,20249221,20275146,NO,25925
chr3,50659086,50669810,NO,10724
chr17,1317254,1367185,NO,49931
chr8,131427897,131457996,NO,30099
chr2,39346513,39352527,NO,6014
chr10,102819882,102827949,NO,8067
chr15,100103627,100119032,NO,15405
chr2,161125176,161128655,NO,3479
chr8,12609957,12624825,NO,14868
chr1,184449505,184506042,NO,56537
chr19,45347544,45380014,NO,32470
chr4,140473261,140482291,NO,9030
chr5,148759953,148770350,NO,10397
chr3,119809482,119815622,NO,6140
chr9,111856403,111882594,NO,26191
chr20,48805793,48812385,NO,6592
chr8,75158035,75197548,NO,39513
chr15,85522502,85554929,NO,32427
chr2,130937930,130942650,NO,4720
chr19,54368552,54383244,NO,14692
chr1,94701070,94724525,NO,23455
chr9,124402260,124426410,NO,24150
chr1,78510856,78580305,NO,69449
chr19,1256381,1263745,NO,7364
chr19,48823529,48837889,NO,14360
chr16,81026176,81042038,NO,15862
chr1,54738274,54807168,NO,68894
chr18,7599437,7627990,NO,28553
chr19,18525015,18550415,NO,25400
chr8,48565168,48589878,NO,24710
chr17,41418831,41451352,NO,32521
chr10,11784329,11803753,NO,19424
chr1,184906597,184944531,NO,37934
chr10,111765285,111802280,NO,36995
chr9,35109767,35117199,NO,7432
chr19,52190760,52196238,NO,5478
chr3,71274543,71308061,NO,33518
chr10,21813174,21817308,NO,4134
chr17,36901943,36909835,NO,7892
chr5,170171154,170186695,NO,15541
chr19,1015718,1029339,NO,13621
chr19,18413448,18418910,NO,5462
chr9,99169296,99183711,NO,14415
chr2,45876387,45880334,NO,3947
chr15,57840722,57860049,NO,19327
chr1,26360862,26366799,NO,5937
chr5,180686377,180690218,NO,3841
chrX,18889492,18915204,NO,25712
chr19,46008996,46029951,NO,20955
chr17,180646,203618,NO,22972
chr2,237475623,237488942,NO,13319
chr19,14473915,14495917,NO,22002
chr13,28021088,28026143,NO,5055
chr19,11353524,11390919,NO,37395
chr19,50999278,51005775,NO,6497
chr10,31606848,31610280,NO,3432
chr2,201724717,201730777,NO,6060
chr1,243416356,243433412,NO,17056
chr15,58520219,58554362,NO,34143
chr16,30903941,30909130,NO,5189
chr1,36614067,36618112,NO,4045
chr19,50311560,50324836,NO,13276
chr8,23178316,23212460,NO,34144
chr3,50653277,50659001,NO,5724
chr5,133770668,133775657,NO,4989
chr3,48505829,48520158,NO,14329
chr1,207223266,207230653,NO,7387
chr17,7251437,7256715,NO,5278
chr21,40274492,40298781,NO,24289
chr5,149036289,149074975,NO,38686
chr19,2663558,2702766,NO,39208
chr10,88713126,88720766,NO,7640
chr14,23766732,23772656,NO,5924
chr2,43519909,43576855,NO,56946
chr13,48794901,48811734,NO,16833
chr4,187110421,187123197,NO,12776
chr9,71990888,72013407,NO,22519
chr9,35686111,35697508,NO,11397
chr9,35068069,35073554,NO,5485
chr3,49207541,49215568,NO,8027
chr3,156250965,156277285,NO,26320
chr3,12597585,12636740,NO,39155
chr11,11862443,11867004,NO,4561
chr3,11673998,11686013,NO,12015
chr11,118659930,118664221,NO,4291
chr17,1984502,1994976,NO,10474
chr1,110419275,110474456,NO,55181
chr6,15239465,15269749,NO,30284
chr14,104089980,104104647,NO,14667
chr11,62492834,62497037,NO,4203
chr16,1999636,2011665,NO,12029
chr2,43062230,43109766,NO,47536
chr7,140295420,140342159,NO,46739
chr6,17957264,17989301,NO,32037
chr10,99250004,99282726,NO,32722
chr5,10563479,10608763,NO,45284
chr19,3093601,3114875,NO,21274
chr8,48421530,48440065,NO,18535
chr12,132378888,132408219,NO,29331
chr19,46059679,46082624,NO,22945
chr4,146653232,146658547,NO,5315
chr5,141691941,141707991,NO,16050
chr12,129274618,129307228,NO,32610
chrX,153233640,153240476,NO,6836
chr3,193972917,193995873,NO,22956
chr12,110370631,110402843,NO,32212
chr21,44917678,44941167,NO,23489
chr9,131925881,131940837,NO,14956
chr6,150487230,150519036,NO,31806
chr19,1406276,1430726,NO,24450
chr11,124616193,124633392,NO,17199
chr11,107985383,107999169,NO,13786
chr15,67121765,67144226,NO,22461
chr12,56550836,56556406,NO,5570
chr17,27910222,27920519,NO,10297
chr11,65376539,65384610,NO,8071
chr3,128198907,128209951,NO,11044
chr6,26122395,26127250,NO,4855
chr21,46769232,46789348,NO,20116
chr5,172008967,172044748,NO,35781
chr19,45811582,45828348,NO,16766
chr2,242241803,242257385,NO,15582
chr19,56055842,56076344,NO,20502
chrX,53100699,53124267,NO,23568
chr2,135015570,135072785,NO,57215
chr3,187978707,187987232,NO,8525
chr17,4899991,4904717,NO,4726
chr4,129730357,129734385,NO,4028
chr16,25042181,25080514,NO,38333
chr6,31366997,31373280,NO,6283
chr9,130006785,130081815,NO,75030
chr7,135423167,135460440,NO,37273
chr20,23121784,23143856,NO,22072
chr19,33863675,33889473,NO,25798
chr8,81397404,81401614,NO,4210
chr11,61654129,61660951,NO,6822
chr3,57928401,57970425,NO,42024
chr20,58511216,58517071,NO,5855
chr13,74702207,74711009,NO,8802
chr16,30777073,30799651,NO,22578
chr6,56355951,56420878,NO,64927
chr2,97192586,97205203,NO,12617
chr1,151103004,151120601,NO,17597
chr1,120168218,120179773,NO,11555
chr16,68112305,68121183,NO,8878
chr1,46763903,46770200,NO,6297
chr1,236657262,236697910,NO,40648
chr6,53874880,53926389,NO,51509
chr6,31793865,31797858,NO,3993
chr9,140162247,140173882,NO,11635
chr5,158602490,158637227,NO,34737
chr20,23060996,23068966,NO,7970
chr1,226296197,226310799,NO,14602
chr5,54873185,54901044,NO,27859
chr11,62646720,62659122,NO,12402
chr19,54972328,54983212,NO,10884
chr2,47033459,47049727,NO,16268
chr5,43033778,43045111,NO,11333
chr1,35290702,35332684,NO,41982
chr1,211430617,211434826,NO,4209
chr1,113495945,113501089,NO,5144
chr14,60713893,60718603,NO,4710
chr6,144605258,144619953,NO,14695
chr8,135839016,135853977,NO,14961
chr2,103380414,103426677,NO,46263
chr3,184048945,184064224,NO,15279
chr7,100880309,100895962,NO,15653
chr19,4367677,4397853,NO,30176
chr8,128746201,128751961,NO,5760
chr1,162640263,162681028,NO,40765
chr5,142053164,142079067,NO,25903
chr5,131628114,131638598,NO,10484
chr12,50193918,50223358,NO,29440
chr11,47786943,47815000,NO,28057
chr15,63886831,63903443,NO,16612
chr17,78991550,79032724,NO,41174
chr11,44584910,44625556,NO,40646
chr5,43588088,43613533,NO,25445
chrX,41189727,41195960,NO,6233
chr8,145319011,145330742,NO,11731
chr2,27502977,27508415,NO,5438
chr19,41767259,41772364,NO,5105
chr12,637432,663642,NO,26210
chr8,145488097,145499854,NO,11757
chr10,123929920,123969077,NO,39157
chr19,16392889,16405483,NO,12594
chr12,6711448,6724386,NO,12938
chr20,17537447,17552067,NO,14620
chr1,228348976,228355181,NO,6205
chr17,43223379,43227979,NO,4600
chr1,101700459,101708583,NO,8124
chr12,76413991,76427097,NO,13106
chr22,50966766,50978791,NO,12025
chr1,87169178,87180661,NO,11483
chr8,38585053,38594008,NO,8955
chr3,50372908,50376986,NO,4078
chr4,78738507,78742902,NO,4395
chr10,99354255,99362536,NO,8281
chr3,152091989,152155012,NO,63023
chr10,80719807,80740609,NO,20802
chr6,10510342,10565855,NO,55513
chr10,30289519,30349264,NO,59745
chr22,38559179,38578574,NO,19395
chr9,34242584,34259952,NO,17368
chr1,910941,918970,NO,8029
chr6,41998073,42019517,NO,21444
chr6,111194843,111204853,NO,10010
chr1,228269596,228278689,NO,9093
chr3,25595001,25646107,NO,51106
chr12,12936881,12945697,NO,8816
chr10,72163259,72166505,NO,3246
chr7,150317339,150330127,NO,12788
chr3,194196338,194210025,NO,13687
chr11,85775186,85782119,NO,6933
chr7,112088338,112110712,NO,22374
chr1,183439259,183442791,NO,3532
chr2,241307139,241314957,NO,7818
chr9,19115814,19130561,NO,14747
chr21,40356572,40379933,NO,23361
chr19,778775,803579,NO,24804
chr3,32608564,32620012,NO,11448
chr5,154236357,154240317,NO,3960
chr4,144260016,144281271,NO,21255
chr5,131680645,131707839,NO,27194
chr4,146098211,146102872,NO,4661
chr20,39860481,39891144,NO,30663
chr9,139536916,139542354,NO,5438
chr5,95293690,95299026,NO,5336
chr1,54840216,54875279,NO,35063
chr6,159124141,159142645,NO,18504
chr5,16120138,16156420,NO,36282
chr11,62557414,62575040,NO,17626
chrX,46432283,46461698,NO,29415
chr18,20118585,20143577,NO,24992
chr9,131311846,131337677,NO,25831
chr14,69725835,69759836,NO,34001
chr8,144677381,144683984,NO,6603
chr13,28173234,28196906,NO,23672
chr3,81806956,81814104,NO,7148
chr5,56468218,56476111,NO,7893
chr2,39718935,39753327,NO,34392
chr4,160094386,160173580,NO,79194
chr19,1939319,1943601,NO,4282
chr6,33379826,33402270,NO,22444
chr15,42564454,42568543,NO,4089
chr12,6975663,6983380,NO,7717
chr15,78170408,78185097,NO,14689
chr3,188034260,188071038,NO,36778
chr20,39797818,39808364,NO,10546
chr1,26945097,26948740,NO,3643
chr12,120971848,121001950,NO,30102
chr2,231272996,231289247,NO,16251
chr17,19150393,19176741,NO,26348
chr6,32149695,32161142,NO,11447
chr8,95229159,95276126,NO,46967
chr6,11353133,11371585,NO,18452
chr7,32908849,32933261,NO,24412
chr21,46511301,46556696,NO,45395
chr3,38758160,38768845,NO,10685
chr6,20200634,20219562,NO,18928
chr17,80173867,80205736,NO,31869
chr22,39149348,39153249,NO,3901
chr19,1099741,1114189,NO,14448
chr6,42033796,42072946,NO,39150
chr9,14010633,14032860,NO,22227
chr1,160161445,160190057,NO,28612
chr7,129580093,129610418,NO,30325
chr20,55959494,55975108,NO,15614
chr7,137659158,137687207,NO,28049
chr11,86379753,86407219,NO,27466
chr12,59989021,59993897,NO,4876
chr18,46114597,46134367,NO,19770
chr14,69390970,69420460,NO,29490
chr7,44922783,44926282,NO,3499
chr2,30626293,30646429,NO,20136
chr17,38082724,38091973,NO,9249
chr8,42387534,42410908,NO,23374
chr2,30659217,30688456,NO,29239
chr10,35616448,35636579,NO,20131
chr1,3086541,3114395,NO,27854
chr1,95390284,95394595,NO,4311
chr6,160112618,160122566,NO,9948
chr9,35656719,35662877,NO,6158
chr16,68314763,68326442,NO,11679
chr11,111845226,111890782,NO,45556
chr9,139234735,139241327,NO,6592
chr10,24490548,24505488,NO,14940
chr3,105579003,105602051,NO,23048
chr14,59654154,59665049,NO,10895
chr4,41360120,41378159,NO,18039
chr5,167414529,167454805,NO,40276
chr9,107665377,107691184,NO,25807
chr7,128377756,128408603,NO,30847
chr4,15654896,15668192,NO,13296
chr15,101702494,101742445,NO,39951
chrX,57617185,57623046,NO,5861
chr17,38598704,38619871,NO,21167
chr19,2268809,2274787,NO,5978
chr1,153605507,153610278,NO,4771
chr11,86258681,86318354,NO,59673
chr3,143689479,143692994,NO,3515
chr12,48512166,48546902,NO,34736
chr17,8088770,8094480,NO,5710
chr12,25537351,25540357,NO,3006
chr16,30708789,30725316,NO,16527
chr10,92920985,92924881,NO,3896
chr16,2261565,2277159,NO,15594
chr2,46343065,46428784,NO,85719
chr20,32375097,32427781,NO,52684
chr5,145437670,145453828,NO,16158
chr11,64628533,64634705,NO,6172
chr1,153598492,153604585,NO,6093
chr20,19887332,19927403,NO,40071
chr1,202074619,202083379,NO,8760
chr19,2474429,2479703,NO,5274
chr7,128163007,128173198,NO,10191
chr11,67885219,67896852,NO,11633
chr22,18503740,18558885,NO,55145
chr14,50324157,50335717,NO,11560
chr5,158428655,158500888,NO,72233
chr19,50378246,50382368,NO,4122
chr3,131089394,131107264,NO,17870
chr2,37168938,37203685,NO,34747
chr6,5082107,5133848,NO,51741
chr1,118213694,118239452,NO,25758
chr10,65426577,65482497,NO,55920
chr15,42782342,42803249,NO,20907
chr8,71306904,71317310,NO,10406
chr2,3580004,3591561,NO,11557
chr19,17184866,17219835,NO,34969
chr16,85583745,85609176,NO,25431
chr1,151960166,151974613,NO,14447
chrX,135807116,135862112,NO,54996
chr9,110247677,110267180,NO,19503
chr10,134207935,134236320,NO,28385
chr10,82148394,82177030,NO,28636
chr10,76859804,76875570,NO,15766
chr12,56680213,56696601,NO,16388
chr2,11482447,11486468,NO,4021
chr10,6204402,6246979,NO,42577
chr5,53812918,53844749,NO,31831
chr7,143076606,143089998,NO,13392
chr13,60969813,60973935,NO,4122
chr6,121757334,121769464,NO,12130
chr18,25687761,25715202,NO,27441
chr3,128082831,128105600,NO,22769
chr13,32422339,32483146,NO,60807
chr1,110878371,110884995,NO,6624
chr16,19124461,19144637,NO,20176
chr19,52288427,52307656,NO,19229
chr14,53415555,53428313,NO,12758
chr19,40762386,40792897,NO,30511
chr6,35551848,35572153,NO,20305
chr13,110431955,110443839,NO,11884
chr1,65612630,65644979,NO,32349
chr6,32142947,32148656,NO,5709
chr2,63807930,63821434,NO,13504
chr22,39176145,39186189,NO,10044
chr12,1097458,1113427,NO,15969
chr1,112520628,112536026,NO,15398
chr6,29920782,29945793,NO,25011
chr12,50502797,50507196,NO,4399
chr9,96328680,96345178,NO,16498
chr6,24718739,24722691,NO,3952
chr5,57749984,57757073,NO,7089
chr2,12927847,12976724,NO,48877
chr22,29698203,29708415,NO,10212
chr17,61914186,61921579,NO,7393
chr15,45490333,45496158,NO,5825
chr3,56788185,56833573,NO,45388
chr19,47996021,48027651,NO,31630
chr1,934204,937711,NO,3507
chr12,93561591,93596214,NO,34623
chr22,18045459,18061774,NO,16315
chr7,2823930,2875407,NO,51477
chr1,225922863,225956914,NO,34051
chr11,447825,470621,NO,22796
chr11,112812070,112834737,NO,22667
chr6,43594319,43599272,NO,4953
chr3,38614932,38631383,NO,16451
chr20,56007578,56045245,NO,37667
chr5,14700126,14762759,NO,62633
chr3,61544598,61551003,NO,6405
chr12,53763976,53776623,NO,12647
chr21,45322702,45375330,NO,52628
chr8,28557572,28574575,NO,17003
chr16,88974729,89007954,NO,33225
chr8,141454822,141491013,NO,36191
chr5,138838313,138872972,NO,34659
chr5,14859785,14873495,NO,13710
chr19,11195751,11207694,NO,11943
chr1,26345961,26352110,NO,6149
chr14,100703817,100708158,NO,4341
chr3,120270794,120286793,NO,15999
chr10,78187952,78205521,NO,17569
chr1,236134455,236185477,NO,51022
chrX,38659994,38677012,NO,17018
chr9,114244173,114247173,NO,3000
chr4,124317603,124323958,NO,6355
chr2,128457694,128464719,NO,7025
chrX,57932729,57937915,NO,5186
chr4,53577393,53589640,NO,12247
chr10,111635584,111666769,NO,31185
chr8,141628995,141657255,NO,28260
chr8,19909324,19945222,NO,35898
chr16,66966961,66971510,NO,4549
chr4,53494586,53529604,NO,35018
chr8,141514625,141523607,NO,8982
chr20,48692948,48731263,NO,38315
chr16,69857411,69900154,NO,42743
chr11,96026662,96076676,NO,50014
chr9,92217908,92222937,NO,5029
chr19,37957192,37961242,NO,4050
chr2,31449800,31464402,NO,14602
chr17,79823205,79830577,NO,7372
chr10,60025625,60029978,NO,4353
chr3,43794777,43815533,NO,20756
chr15,100223246,100258272,NO,35026
chr22,51093784,51123880,NO,30096
chr18,48711422,48724146,NO,12724
chr7,14027574,14032418,NO,4844
chr4,72089225,72128508,NO,39283
chr18,3119476,3162864,NO,43388
chr2,65656743,65664765,NO,8022
chr3,48465652,48472363,NO,6711
chr8,38853041,38874992,NO,21951
chr11,101980054,101983702,NO,3648
chr1,225997222,226007896,NO,10674
chr11,62472523,62478539,NO,6016
chr2,191744157,191747610,NO,3453
chr1,1364812,1371812,NO,7000
chr13,45959675,45993332,NO,33657
chr1,154452436,154475753,NO,23317
chr12,121968353,121976965,NO,8612
chr17,41320778,41324905,NO,4127
chr7,116592602,116596994,NO,4392
chr8,270875,280429,NO,9554
chr3,171756787,171775384,NO,18597
chr4,142040407,142056355,NO,15948
chr1,40089861,40119246,NO,29385
chr6,32818566,32823587,NO,5021
chr6,52430760,52442905,NO,12145
chr21,38578682,38594228,NO,15546
chr19,16180621,16191431,NO,10810
chr22,19928230,19942126,NO,13896
chr17,7460167,7466361,NO,6194
chr17,32560428,32583922,NO,23494
chr1,8063982,8108575,NO,44593
chr9,4678449,4686972,NO,8523
chr3,133288659,133294485,NO,5826
chrX,106916047,106929393,NO,13346
chr17,75825250,75839534,NO,14284
chr1,156862572,156869137,NO,6565
chr16,29817598,29824667,NO,7069
chr1,28561797,28576923,NO,15126
chr19,54691886,54696215,NO,4329
chr4,146850984,146860420,NO,9436
chr3,141079595,141089658,NO,10063
chr10,71480925,71493148,NO,12223
chr1,153579361,153586401,NO,7040
chr1,214722762,214726475,NO,3713
chr7,112613008,112636730,NO,23722
chr2,161309991,161351473,NO,41482
chr22,42473540,42477311,NO,3771
chr20,20051236,20083907,NO,32671
chr5,138748833,138756182,NO,7349
chr10,92719039,92749179,NO,30140
chr2,69781823,69832346,NO,50523
chr6,12008060,12014027,NO,5967
chr6,32162393,32165725,NO,3332
chr9,107752519,107756820,NO,4301
chr7,905515,920650,NO,15135
chr7,30789712,30840082,NO,50370
chr8,146125198,146129039,NO,3841
chr2,219432057,219443275,NO,11218
chr14,35342140,35345163,NO,3023
chr3,134360148,134397752,NO,37604
chr20,1350573,1374679,NO,24106
chr20,304303,310604,NO,6301
chr19,14085874,14114868,NO,28994
chr9,35488709,35492987,NO,4278
chr22,36541295,36558027,NO,16732
chr17,19273009,19292513,NO,19504
chr5,138088061,138096997,NO,8936
chr10,62027429,62065975,NO,38546
chr10,31985093,31998845,NO,13752
chr19,8454231,8460301,NO,6070
chr13,113421972,113475045,NO,53073
chr19,48281179,48286033,NO,4854
chr12,123955520,123979902,NO,24382
chr22,46438407,46442975,NO,4568
chr9,97662161,97715919,NO,53758
chr11,125979554,125986721,NO,7167
chr7,115955027,115998808,NO,43781
chr6,44212744,44216461,NO,3717
chr5,71723272,71752657,NO,29385
chr7,47978692,47991342,NO,12650
chr3,194859475,194904831,NO,45356
chr2,39662067,39665690,NO,3623
chr14,24897965,24910474,NO,12509
chr17,40280015,40295486,NO,15471
chr3,170999341,171073172,NO,73831
chr4,87848880,87861677,NO,12797
chr9,100743137,100748029,NO,4892
chr1,44704412,44718065,NO,13653
chr12,1699080,1715956,NO,16876
chr2,61920806,61954537,NO,33731
chr19,35744225,35761260,NO,17035
chr2,85131120,85153551,NO,22431
chr17,29897115,29924759,NO,27644
chr14,105783005,105809920,NO,26915
chr17,76729197,76801808,NO,72611
chr17,62267717,62318994,NO,51277
chr3,167740132,167770263,NO,30131
chr22,32339285,32360176,NO,20891
chr20,33891598,33915813,NO,24215
chr4,77222378,77230827,NO,8449
chr2,43356502,43406908,NO,50406
chr11,67979572,67984546,NO,4974
chr9,132077441,132097649,NO,20208
chr8,54395350,54437954,NO,42604
chr16,1739305,1772733,NO,33428
chr20,1783209,1811901,NO,28692
chr12,56614278,56618974,NO,4696
chr15,92544441,92578139,NO,33698
chr7,74064373,74078940,NO,14567
chr1,39850580,39877252,NO,26672
chr22,46401836,46405414,NO,3578
chr17,79518556,79560742,NO,42186
chr6,291063,313682,NO,22619
chr3,73159600,73160554,NO,954
chr6,43666410,43687881,NO,21471
chr17,74247763,74269637,NO,21874
chr2,69868488,69872930,NO,4442
chr8,106328943,106349726,NO,20783
chr7,29178305,29200614,NO,22309
chr12,94159744,94180876,NO,21132
chr5,65875524,65934352,NO,58828
chr6,44015948,44045250,NO,29302
chr2,97571827,97583138,NO,11311
chr15,75492274,75498000,NO,5726
chr1,155016897,155026889,NO,9992
chr11,818806,823029,NO,4223
chr3,12837302,12859725,NO,22423
chr3,48128065,48131281,NO,3216
chr12,112034748,112038514,NO,3766
chr1,17215191,17241821,NO,26630
chr6,33752286,33757656,NO,5370
chr3,170073268,170076785,NO,3517
chr9,139833401,139840005,NO,6604
chr4,329470,332598,NO,3128
chr17,39821716,39853985,NO,32269
chr5,9502237,9548361,NO,46124
chr12,49522912,49526455,NO,3543
chr3,160508671,160530730,NO,22059
chr10,101187191,101194644,NO,7453
chr10,25009834,25014489,NO,4655
chr2,112810897,112815535,NO,4638
chr2,43035854,43039261,NO,3407
chr2,61761971,61766896,NO,4925
chr4,102266611,102270252,NO,3641
chr1,37936764,37965518,NO,28754
chr11,68604621,68623905,NO,19284
chr1,201499753,201540833,NO,41080
chr19,2769025,2776835,NO,7810
chr8,145114162,145119919,NO,5757
chr11,841789,847068,NO,5279
chr19,3667798,3685034,NO,17236
chr2,98276962,98281699,NO,4737
chr15,92592184,92627374,NO,35190
chr11,59521376,59540840,NO,19464
chr17,73849154,73852847,NO,3693
chr15,44083504,44088212,NO,4708
chr3,113463721,113467124,NO,3403
chr1,60156632,60211265,NO,54633
chr16,14087582,14110492,NO,22910
chr2,47135875,47144456,NO,8581
chr4,149356730,149367757,NO,11027
chr17,46907939,46921291,NO,13352
chr16,28833217,28836454,NO,3237
chr17,19550036,19576413,NO,26377
chr3,194403094,194412744,NO,9650
chr12,12713403,12717207,NO,3804
chr19,17578148,17611767,NO,33619
chr20,48918118,48930655,NO,12537
chr17,76956861,76995657,NO,38796
chr11,12909915,12937257,NO,27342
chr1,151253201,151257223,NO,4022
chr5,81138615,81154113,NO,15498
chr16,21271791,21295723,NO,23932
chr4,1219007,1245450,NO,26443
chr4,152587494,152617151,NO,29657
chr1,43809396,43816541,NO,7145
chr4,186486741,186522762,NO,36021
chr10,3493418,3582041,NO,88623
chr4,30718456,30726293,NO,7837
chr16,73083979,73105729,NO,21750
chr6,118825337,118884591,NO,59254
chr14,25506167,25520503,NO,14336
chr4,99180428,99183665,NO,3237
chr22,29661936,29666618,NO,4682
chr3,177461560,177501830,NO,40270
chr11,831887,835727,NO,3840
chr1,32165768,32181792,NO,16024
chr4,185563997,185577596,NO,13599
chr10,91403180,91406755,NO,3575
chr1,157961872,157996048,NO,34176
chr1,87793056,87802925,NO,9869
chr11,69450627,69463321,NO,12694
chr6,16317059,16346308,NO,29249
chr4,8316709,8343921,NO,27212
chr11,12697444,12729327,NO,31883
chr17,17073843,17110801,NO,36958
chr11,45198358,45204721,NO,6363
chr1,112049693,112060103,NO,10410
chr14,100825844,100843775,NO,17931
chr2,70367695,70371733,NO,4038
chr15,68875977,68915351,NO,39374
chr12,94092577,94138425,NO,45848
chr22,39260085,39279124,NO,19039
chr17,73839541,73848671,NO,9130
chr10,89986590,90017630,NO,31040
chr5,66101512,66145807,NO,44295
chr5,134708955,134733144,NO,24189
chr2,26980870,26996231,NO,15361
chr3,197473418,197479373,NO,5955
chr8,123925458,123952077,NO,26619
chr4,56261069,56264854,NO,3785
chr21,39831253,39876293,NO,45040
chr10,30929253,30941697,NO,12444
chr14,105143272,105167907,NO,24635
chr14,50099831,50109260,NO,9429
chr4,48333532,48346343,NO,12811
chr5,36874618,36879256,NO,4638
chr6,74229278,74233988,NO,4710
chr3,52304009,52315067,NO,11058
chr6,157340767,157343842,NO,3075
chr22,30817400,30821135,NO,3735
chrX,2238207,2271129,NO,32922
chr19,8397884,8432907,NO,35023
chr18,22928107,22932881,NO,4774
chr8,38691324,38733114,NO,41790
chr12,2590401,2620168,NO,29767
chr13,32689336,32744184,NO,54848
chr5,10350807,10355015,NO,4208
chr1,145469799,145475867,NO,6068
chr15,82332785,82341648,NO,8863
chr6,10582996,10622322,NO,39326
chr1,249114190,249121979,NO,7789
chr3,114328366,114347601,NO,19235
chr6,31631086,31634709,NO,3623
chr3,33466405,33483805,NO,17400
chr15,71921358,71985254,NO,63896
chr19,35476129,35500854,NO,24725
chr20,24481856,24488644,NO,6788
chr11,66079025,66096588,NO,17563
chr22,31684331,31692570,NO,8239
chr1,46483560,46508516,NO,24956
chr2,99437033,99451090,NO,14057
chr3,24530845,24538409,NO,7564
chr1,94752247,94801550,NO,49303
chr17,79779074,79800056,NO,20982
chr17,26661439,26675491,NO,14052
chr20,47537436,47558820,NO,21384
chr14,90976000,91023566,NO,47566
chr14,65536857,65565583,NO,28726
chr17,19966809,19999746,NO,32937
chr1,2159610,2168002,NO,8392
chr6,107809894,107818415,NO,8521
chr17,7107750,7126350,NO,18600
chr9,6756585,6759827,NO,3242
chr7,92456623,92466760,NO,10137
chr13,114105546,114110272,NO,4726
chr4,144295496,144333728,NO,38232
chr20,23027682,23043452,NO,15770
chr16,30410748,30430296,NO,19548
chr1,201448729,201482504,NO,33775
chr1,64377835,64413538,NO,35703
chr3,42193967,42238132,NO,44165
chr2,85932071,85941707,NO,9636
chr17,41845917,41857173,NO,11256
chr13,45149469,45152859,NO,3390
chr10,4680039,4707200,NO,27161
chr3,45153445,45168354,NO,14909
chr11,65682002,65687923,NO,5921
chr2,70349831,70353154,NO,3323
chr12,11905940,11950825,NO,44885
chr6,39786472,39830298,NO,43826
chr10,93997048,94001614,NO,4566
chr2,62403719,62425733,NO,22014
chr20,36146680,36157109,NO,10429
chr8,145436316,145449821,NO,13505
chr11,65835144,65839666,NO,4522
chr6,36560857,36602440,NO,41583
chr19,42771685,42776546,NO,4861
chr3,194575174,194606448,NO,31274
chr21,47863408,47882505,NO,19097
chr1,164668362,164702863,NO,34501
chr15,71143846,71160514,NO,16668
chr17,7151806,7156662,NO,4856
chr12,72147868,72158056,NO,10188
chr5,52086832,52097938,NO,11106
chr12,48590832,48594150,NO,3318
chr6,137058407,137107128,NO,48721
chr19,48221438,48247968,NO,26530
chr6,15472596,15517089,NO,44493
chr6,28889302,28892860,NO,3558
chr2,102407092,102471924,NO,64832
chr15,45007085,45023148,NO,16063
chr16,25117234,25123781,NO,6547
chr12,54744804,54773851,NO,29047
chr5,689956,695688,NO,5732
chr5,138455505,138486330,NO,30825
chr1,150942998,150950653,NO,7655
chr7,150433450,150453844,NO,20394
chr9,128233177,128249645,NO,16468
chr9,130211224,130227060,NO,15836
chr11,62606283,62610730,NO,4447
chr3,171460744,171489580,NO,28836
chr12,13348266,13360069,NO,11803
chr7,2796155,2803904,NO,7749
chr1,26390735,26395182,NO,4447
chr12,96789288,96795744,NO,6456
chr16,89786270,89790726,NO,4456
chr11,61455700,61475015,NO,19315
chr5,1798822,1805681,NO,6859
chr5,106874211,106909333,NO,35122
chr16,54515911,54541177,NO,25266
chr2,46039028,46054882,NO,15854
chr1,2500231,2510842,NO,10611
chr11,117007271,117017826,NO,10555
chr11,64642904,64648776,NO,5872
chr9,130317575,130331392,NO,13817
chr15,74906502,74909964,NO,3462
chr16,30668115,30672255,NO,4140
chr2,220354332,220364148,NO,9816
chr5,171429807,171434816,NO,5009
chr2,208393609,208399451,NO,5842
chr20,34327219,34332567,NO,5348
chr9,35811098,35816056,NO,4958
chr15,99190136,99195637,NO,5501
chr16,55404429,55425060,NO,20631
chr19,42923392,42938678,NO,15286
chr11,16806076,16848569,NO,42493
chr3,12179375,12201363,NO,21988
chr16,473475,477070,NO,3595
chr3,187663320,187685337,NO,22017
chr4,38050847,38090458,NO,39611
chr11,46924987,46943257,NO,18270
chr5,53741824,53766002,NO,24178
chr20,39936652,39964693,NO,28041
chr19,41712503,41733109,NO,20606
chr6,30581074,30586873,NO,5799
chr1,42339397,42368706,NO,29309
chr2,208195245,208204504,NO,9259
chr9,2559037,2584179,NO,25142
chr19,4516223,4520416,NO,4193
chr4,10007319,10036421,NO,29102
chr20,60807927,60822962,NO,15035
chr1,147207348,147254237,NO,46889
chr2,238098610,238171966,NO,73356
chr11,93861060,93869229,NO,8169
chr16,75321632,75351875,NO,30243
chr8,142161534,142172191,NO,10657
chr20,43984857,43989285,NO,4428
chr2,61403386,61409078,NO,5692
chr1,25585739,25595007,NO,9268
chr20,52196077,52213599,NO,17522
chr9,14236200,14278948,NO,42748
chr7,100063474,100077595,NO,14121
chr9,131389925,131399749,NO,9824
chr7,150064790,150071753,NO,6963
chr16,30388308,30390971,NO,2663
chr17,9142300,9146443,NO,4143
chr2,102312550,102327728,NO,15178
chr14,24599432,24602765,NO,3333
chr1,36003378,36024652,NO,21274
chr2,27543386,27547868,NO,4482
chr11,116964965,116970962,NO,5997
chr1,46376247,46395491,NO,19244
chr11,85374069,85376505,NO,2436
chr6,109265065,109270307,NO,5242
chr12,1759477,1791549,NO,32072
chr11,68036549,68055721,NO,19172
chr5,137215385,137230270,NO,14885
chr12,2721517,2751806,NO,30289
chr1,36624825,36629231,NO,4406
chr5,14246380,14270974,NO,24594
chr10,75780607,75843573,NO,62966
chr6,138846140,138877309,NO,31169
chr9,127630358,127636229,NO,5871
chr20,34355451,34365580,NO,10129
chr16,83985997,83998021,NO,12024
chr16,75680383,75684021,NO,3638
chr3,37204686,37226072,NO,21386
chr10,76578997,76586778,NO,7781
chr12,111798370,111807585,NO,9215
chr3,38168637,38181061,NO,12424
chr8,145731069,145736192,NO,5123
chr2,100006258,100022848,NO,16590
chr9,139741882,139754729,NO,12847
chr12,13249984,13256250,NO,6266
chr22,32924572,32939966,NO,15394
chr2,241504075,241509421,NO,5346
chr1,167061442,167081721,NO,20279
chrX,148569157,148587436,NO,18279
chr10,99341765,99347420,NO,5655
chr5,158521846,158529908,NO,8062
chr4,152942546,152967833,NO,25287
chr16,58136314,58164181,NO,27867
chr13,31037229,31040445,NO,3216
chr19,6055984,6068421,NO,12437
chr3,111430757,111459399,NO,28642
chr9,97626010,97648773,NO,22763
chr20,3826645,3829907,NO,3262
chr9,123680753,123700121,NO,19368
chr11,78126297,78132531,NO,6234
chr22,46628805,46644488,NO,15683
chr6,35205379,35243778,NO,38399
chr1,6060854,6075943,NO,15089
chr1,154184265,154194888,NO,10623
chr1,204252497,204266348,NO,13851
chr22,43114436,43117673,NO,3237
chr19,56621808,56633833,NO,12025
chr6,109318260,109336725,NO,18465
chr11,123228333,123258607,NO,30274
chr6,148814081,148860029,NO,45948
chr11,117068283,117093371,NO,25088
chr16,87497206,87521769,NO,24563
chr7,32189192,32204499,NO,15307
chr9,109677796,109699552,NO,21756
chr3,184078614,184081906,NO,3292
chr8,125485858,125489183,NO,3325
chr7,683517,715037,NO,31520
chr17,76104626,76141978,NO,37352
chr3,142677210,142707215,NO,30005
chr7,100421837,100435544,NO,13707
chr22,24105719,24111915,NO,6196
chr7,151200237,151218407,NO,18170
chr17,76309670,76322473,NO,12803
chr3,150305764,150329946,NO,24182
chr18,3260349,3264282,NO,3933
chr19,6270729,6277413,NO,6684
chr1,151281509,151301461,NO,19952
chr5,137798823,137802550,NO,3727
chr5,782015,787020,NO,5005
chr11,7532120,7535993,NO,3873
chr4,37866951,37894967,NO,28016
chr11,68136647,68150474,NO,13827
chr18,9101343,9127944,NO,26601
chr16,82731583,82750967,NO,19384
chr8,52654516,52720652,NO,66136
chr2,97531647,97537424,NO,5777
chr9,71576301,71599382,NO,23081
chr5,79534397,79554009,NO,19612
chr16,67894165,67898272,NO,4107
chr3,43430243,43469698,NO,39455
chrX,153186881,153196136,NO,9255
chr8,98655402,98658604,NO,3202
chr6,164164292,164202678,NO,38386
chr1,43831090,43848992,NO,17902
chr10,104028693,104073871,NO,45178
chr9,35746475,35751631,NO,5156
chr3,187934232,187939801,NO,5569
chr5,81045048,81052916,NO,7868
chr7,139748767,139763602,NO,14835
chr5,150529703,150538436,NO,8733
chr2,55275598,55279026,NO,3428
chr4,185262424,185276674,NO,14250
chr5,176919986,176925792,NO,5806
chr1,13849914,13871200,NO,21286
chr5,162929509,162936679,NO,7170
chr13,32619801,32673322,NO,53521
chr3,126463606,126467341,NO,3735
chr19,2719513,2724486,NO,4973
chr15,93449087,93474481,NO,25394
chr3,196225720,196231685,NO,5965
chr11,12821558,12876888,NO,55330
chr1,117908027,117911677,NO,3650
chr19,1272973,1277283,NO,4310
chr6,166060488,166079000,NO,18512
chr16,56658623,56661632,NO,3009
chr17,66372951,66393846,NO,20895
chr7,90892579,90897432,NO,4853
chr7,150782219,150787856,NO,5637
chr17,4840821,4844832,NO,4011
chr14,23442883,23452927,NO,10044
chr17,749907,806010,NO,56103
chr17,7588650,7592452,NO,3802
chr10,124129972,124135635,NO,5663
chr19,16691405,16725165,NO,33760
chr17,27502929,27508325,NO,5396
chr16,68278097,68282439,NO,4342
chr19,40929923,40932641,NO,2718
chr2,241372972,241384051,NO,11079
chr6,6677029,6701253,NO,24224
chr6,12993574,13039509,NO,45935
chr17,41925462,41953530,NO,28068
chr5,88168645,88186313,NO,17668
chr19,40948182,40951229,NO,3047
chr9,137027671,137038661,NO,10990
chr12,3067204,3074568,NO,7364
chr13,99560897,99629106,NO,68209
chr14,66973643,66976621,NO,2978
chr16,70461407,70473992,NO,12585
chr3,37686665,37732307,NO,45642
chr14,32669928,32673861,NO,3933
chr6,40863676,40875929,NO,12253
chr2,25532964,25565988,NO,33024
chr1,228327061,228330999,NO,3938
chr6,118691177,118700586,NO,9409
chr7,152121412,152134478,NO,13066
chr17,47753382,47770641,NO,17259
chr8,49330932,49346343,NO,15411
chr22,39709213,39717008,NO,7795
chr3,14272203,14278824,NO,6621
chr22,42221138,42231129,NO,9991
chr2,26932512,26949362,NO,16850
chr12,49497715,49505428,NO,7713
chr14,102782742,102787524,NO,4782
chr1,150205659,150209116,NO,3457
chr8,80674846,80681633,NO,6787
chr15,38542814,38547132,NO,4318
chr7,157179462,157199606,NO,20144
chr1,171710245,171713444,NO,3199
chr16,2940170,2956598,NO,16428
chr15,66990066,67000308,NO,10242
chr5,58317702,58339176,NO,21474
chr1,66798855,66838729,NO,39874
chr15,78555871,78560860,NO,4989
chr15,78283078,78301021,NO,17943
chr17,38277046,38281336,NO,4290
chr17,4265356,4270655,NO,5299
chr18,34189699,34215355,NO,25656
chr12,65002445,65006350,NO,3905
chr7,151564107,151575327,NO,11220
chr5,156692519,156718824,NO,26305
chr20,19856146,19871011,NO,14865
chr2,9769208,9779832,NO,10624
chr16,575166,580451,NO,5285
chr19,14182448,14186754,NO,4306
chr10,35730950,35760529,NO,29579
chr6,26054388,26057755,NO,3367
chr17,61698750,61724101,NO,25351
chr2,131128508,131150119,NO,21611
chr11,130343480,130350960,NO,7480
chr6,116598220,116602294,NO,4074
chr1,33920952,33940870,NO,19918
chr12,56509004,56515570,NO,6566
chr16,57019005,57049485,NO,30480
chr18,34284410,34304889,NO,20479
chr14,91609662,91638610,NO,28948
chr1,27324043,27340206,NO,16163
chr19,50369331,50374453,NO,5122
chr4,74959904,74983800,NO,23896
chr16,75025620,75047144,NO,21524
chr7,66137325,66148420,NO,11095
chr1,217235951,217265805,NO,29854
chr3,17771658,17785447,NO,13789
chr10,74018222,74021919,NO,3697
chr17,27618976,27621967,NO,2991
chr4,139995984,140006414,NO,10430
chr14,102413573,102415901,NO,2328
chr17,57902588,57931073,NO,28485
chr1,84969236,84973168,NO,3932
chr1,152006596,152021529,NO,14933
chr14,103858219,103876349,NO,18130
chr7,106845045,106878702,NO,33657
chr19,47775672,47781737,NO,6065
chr2,169469497,169501468,NO,31971
chr3,4849416,4873971,NO,24555
chr8,74204847,74208333,NO,3486
chr1,154908486,154911584,NO,3098
chr22,46542461,46546563,NO,4102
chr2,36581958,36600793,NO,18835
chr2,238382223,238399268,NO,17045
chr6,147522966,147526371,NO,3405
chr1,24340178,24350056,NO,9878
chr22,38198166,38204769,NO,6603
chr17,62078180,62103305,NO,25125
chr10,21154215,21185352,NO,31137
chr2,7146969,7170376,NO,23407
chr11,34071849,34075516,NO,3667
chr12,6180605,6203661,NO,23056
chr19,56164475,56167525,NO,3050
chr12,81470153,81480494,NO,10341
chr19,50092675,50097946,NO,5271
chr16,82766307,82801970,NO,35663
chr2,86667523,86671123,NO,3600
chr19,10712574,10724692,NO,12118
chr5,153849522,153858198,NO,8676
chr3,14399618,14420920,NO,21302
chr12,276151,292266,NO,16115
chr17,4107432,4153394,NO,45962
chr15,78338896,78370438,NO,31542
chr12,6872378,6888745,NO,16367
chr14,69599475,69621133,NO,21658
chr13,45477208,45508060,NO,30852
chr6,71373377,71383253,NO,9876
chr12,104679264,104683740,NO,4476
chr9,139868520,139878758,NO,10238
chrX,67891967,67924400,NO,32433
chr2,48131291,48135031,NO,3740
chr3,128723680,128746687,NO,23007
chr1,47269515,47286902,NO,17387
chr16,2722422,2754202,NO,31780
chr9,132198882,132224110,NO,25228
chr10,74006629,74009423,NO,2794
chr6,64281494,64284405,NO,2911
chr17,55431440,55458478,NO,27038
chr16,30543980,30547791,NO,3811
chr1,33438331,33478403,NO,40072
chr22,19417326,19421313,NO,3987
chr17,7787803,7793642,NO,5839
chr16,4419898,4440517,NO,20619
chr19,35223390,35226825,NO,3435
chr17,7474443,7478361,NO,3918
chr11,12236736,12291607,NO,54871
chr7,28447198,28451154,NO,3956
chr15,100650612,100657647,NO,7035
chr17,58211455,58249185,NO,37730
chr8,22514149,22518004,NO,3855
chr11,66362615,66392316,NO,29701
chr21,44896138,44900697,NO,4559
chr2,239193773,239199972,NO,6199
chr2,121279012,121325527,NO,46515
chr7,148822307,148825642,NO,3335
chr2,160463530,160473612,NO,10082
chr19,44256847,44270137,NO,13290
chr2,122282012,122331762,NO,49750
chr20,57224174,57237714,NO,13540
chr5,134209090,134211495,NO,2405
chr13,114520322,114526057,NO,5735
chr16,30361663,30368492,NO,6829
chr18,9797064,9850350,NO,53286
chr12,122458814,122469060,NO,10246
chr5,58419300,58455198,NO,35898
chr8,143739834,143758306,NO,18472
chr13,32820531,32840187,NO,19656
chr4,75920508,75954696,NO,34188
chr4,124746564,124758619,NO,12055
chr4,169629022,169665887,NO,36865
chr6,157725614,157751519,NO,25905
chr13,114142186,114147104,NO,4918
chr20,48780012,48790086,NO,10074
chr9,95881633,95897456,NO,15823
chr2,68477173,68480902,NO,3729
chr16,53163166,53166054,NO,2888
chr1,26131129,26149058,NO,17929
chr19,12654744,12670775,NO,16031
chr20,49120187,49137418,NO,17231
chr1,184355037,184358963,NO,3926
chr20,60715975,60720323,NO,4348
chr8,26239723,26243744,NO,4021
chr7,44512291,44538871,NO,26580
chr6,139598288,139614264,NO,15976
chr22,33140655,33162345,NO,21690
chr10,52748686,52753862,NO,5176
chr17,40717790,40721681,NO,3891
chrX,47655202,47668193,NO,12991
chr3,18460520,18467993,NO,7473
chr4,47821311,47841028,NO,19717
chr9,133319318,133328432,NO,9114
chr8,61563438,61566743,NO,3305
chr6,157137426,157175093,NO,37667
chr9,99365081,99382839,NO,17758
chr11,45167114,45185073,NO,17959
chr19,14670489,14675162,NO,4673
chr16,685529,689379,NO,3850
chr16,30101585,30108584,NO,6999
chr2,71718888,71733558,NO,14670
chr9,13265448,13280303,NO,14855
chr16,87978732,88001001,NO,22269
chr15,62681921,62697719,NO,15798
chr16,3500061,3510558,NO,10497
chr15,77710670,77714159,NO,3489
chr11,66033975,66037331,NO,3356
chr16,27324456,27343115,NO,18659
chr2,161143801,161195820,NO,52019
chr6,170122634,170126138,NO,3504
chr11,9383453,9386841,NO,3388
chr8,141679441,141735980,NO,56539
chr20,30147592,30162123,NO,14531
chr3,14472446,14496340,NO,23894
chr1,115711928,115733546,NO,21618
chr6,128839668,128842754,NO,3086
chr17,80483661,80512687,NO,29026
chrX,52916461,52927784,NO,11323
chr3,129023207,129036371,NO,13164
chr1,166807243,166814942,NO,7699
chr8,146010729,146015176,NO,4447
chr1,112933358,112939933,NO,6575
chr6,139455694,139479184,NO,23490
chr17,75596338,75600275,NO,3937
chr19,56817007,56827487,NO,10480
chr3,41239864,41243284,NO,3420
chr19,5620529,5625394,NO,4865
chr3,176895460,176917715,NO,22255
chr2,40466987,40515304,NO,48317
chr10,74012348,74016486,NO,4138
chr10,61653840,61668762,NO,14922
chr5,172877699,172885251,NO,7552
chr3,4908306,4911207,NO,2901
chr6,166953904,166989541,NO,35637
chr17,41722750,41743850,NO,21100
chr15,66161199,66163832,NO,2633
chr1,178055374,178070625,NO,15251
chr3,9694106,9724204,NO,30098
chr4,41566356,41603701,NO,37345
chr16,29984312,29990946,NO,6634
chr15,34656957,34660826,NO,3869
chr20,31052829,31086289,NO,33460
chr3,64874578,64908227,NO,33649
chr14,93579129,93599513,NO,20384
chr5,10324862,10336573,NO,11711
chr6,114175603,114182148,NO,6545
chr14,103584415,103604423,NO,20008
chr19,17236001,17261081,NO,25080
chr3,45683993,45727329,NO,43336
chr13,109893804,109934955,NO,41151
chr9,5626538,5630477,NO,3939
chr8,125406074,125438998,NO,32924
chr22,46663040,46687596,NO,24556
chr3,183720203,183736604,NO,16401
chr4,108744727,108760400,NO,15673
chr11,12087485,12112325,NO,24840
chrX,153625225,153628928,NO,3703
chr3,119040683,119072469,NO,31786
chr17,43237605,43240310,NO,2705
chr3,149084779,149107339,NO,22560
chr9,71939276,71973334,NO,34058
chr10,103718171,103734698,NO,16527
chr7,66118518,66120969,NO,2451
chr1,44411216,44416090,NO,4874
chr8,30012596,30035833,NO,23237
chr4,160023237,160027527,NO,4290
chr19,1854303,1859141,NO,4838
chr20,44461361,44465911,NO,4550
chr12,69998554,70021515,NO,22961
chr20,60876848,60881231,NO,4383
chr16,31128671,31132647,NO,3976
chr2,191492420,191520986,NO,28566
chr1,27049254,27081420,NO,32166
chr1,68663520,68699028,NO,35508
chr9,101623777,101681089,NO,57312
chr14,23305001,23321440,NO,16439
chr16,19702224,19723730,NO,21506
chr12,107484968,107488437,NO,3469
chr11,113720093,113747268,NO,27175
chr17,80692689,80696797,NO,4108
chr16,68284579,68290282,NO,5703
chr1,39569483,39574297,NO,4814
chr2,65084601,65104018,NO,19417
chr20,45881639,45908080,NO,26441
chr19,530537,534530,NO,3993
chr19,49464979,49473149,NO,8170
chr4,26320204,26323897,NO,3693
chr5,88109678,88133490,NO,23812
chr11,11556137,11568344,NO,12207
chr12,123871748,123884336,NO,12588
chr17,72206319,72213382,NO,7063
chr5,136954811,136966593,NO,11782
chr15,66936115,66955714,NO,19599
chr19,3980996,3987244,NO,6248
chr6,129442036,129480933,NO,38897
chr15,75073642,75083536,NO,9894
chr22,19508812,19515898,NO,7086
chr4,184881007,184918971,NO,37964
chr2,132234284,132237937,NO,3653
chr1,93249280,93251660,NO,2380
chr16,20861300,20890999,NO,29699
chr7,150776640,150781252,NO,4612
chrX,15315310,15347409,NO,32099
chr4,154439079,154495870,NO,56791
chr18,2845803,2858449,NO,12646
chr9,134350992,134362822,NO,11830
chr6,129810180,129823523,NO,13343
chr22,37591735,37596257,NO,4522
chr22,42286090,42300342,NO,14252
chr1,160230164,160233377,NO,3213
chr4,126235114,126245480,NO,10366
chr7,43678880,43691419,NO,12539
chr16,8943435,8962950,NO,19515
chr8,61590413,61593669,NO,3256
chr8,37593281,37596269,NO,2988
chr6,123109414,123119934,NO,10520
chr2,198731025,198780814,NO,49789
chr7,28141338,28154323,NO,12985
chr16,1346508,1383722,NO,37214
chr3,122511710,122515162,NO,3452
chr15,63125162,63136886,NO,11724
chr1,6264361,6268431,NO,4070
chr19,16981673,17008976,NO,27303
chr1,32712131,32718637,NO,6506
chr17,72740662,72770831,NO,30169
chr5,56204318,56214397,NO,10079
chr6,123925129,123962283,NO,37154
chr5,141058804,141075711,NO,16907
chr2,30911065,30930255,NO,19190
chr4,8183043,8203410,NO,20367
chr17,76166764,76172902,NO,6138
chr4,23930826,23948448,NO,17622
chr8,39991289,40033078,NO,41789
chr9,96918381,96931859,NO,13478
chr5,177756880,177760099,NO,3219
chr15,37045183,37101546,NO,56363
chr9,71096956,71131826,NO,34870
chr3,58137018,58162054,NO,25036
chr2,101493866,101523091,NO,29225
chr1,178019963,178031090,NO,11127
chr22,23521094,23580402,NO,59308
chr16,48630104,48658082,NO,27978
chr6,109170714,109218837,NO,48123
chr19,34285250,34290146,NO,4896
chr19,34849132,34862823,NO,13691
chr3,69904781,69927852,NO,23071
chr14,105258033,105268197,NO,10164
chr17,55332442,55372856,NO,40414
chr12,108954050,108960882,NO,6832
chr9,134109055,134115522,NO,6467
chr1,221049312,221056786,NO,7474
chr7,6424608,6439679,NO,15071
chr19,40926378,40929566,NO,3188
chr16,30885504,30888548,NO,3044
chr15,99708634,99722422,NO,13788
chr1,244210059,244214120,NO,4061
chr22,27067552,27070723,NO,3171
chr11,46258353,46265552,NO,7199
chr2,71503106,71512102,NO,8996
chr10,104943852,104958353,NO,14501
chr20,61272731,61284955,NO,12224
chr7,148393919,148397577,NO,3658
chr6,2731346,2745380,NO,14034
chr13,77452194,77462029,NO,9835
chrX,70751754,70765651,NO,13897
chr6,90117982,90123598,NO,5616
chr17,65372462,65387283,NO,14821
chr20,61552485,61561317,NO,8832
chr5,108083257,108085741,NO,2484
chr2,73459355,73462984,NO,3629
chr17,9936663,9973690,NO,37027
chr10,72237589,72270614,NO,33025
chr2,128144224,128146781,NO,2557
chrX,12988476,13000277,NO,11801
chr2,109780986,109813316,NO,32330
chr2,9692291,9706392,NO,14101
chr6,12954236,12974290,NO,20054
chr1,9179679,9190427,NO,10748
chr20,47892643,47896181,NO,3538
chr18,807756,815155,NO,7399
chr6,53523558,53557002,NO,33444
chr5,148828861,148834104,NO,5243
chr18,53053802,53091454,NO,37652
chr6,31788311,31791508,NO,3197
chr1,165864521,165880987,NO,16466
chr11,94799763,94816021,NO,16258
chr1,33720335,33735137,NO,14802
chr12,49945369,49962933,NO,17564
chr17,8265683,8280865,NO,15182
chr3,71151554,71182780,NO,31226
chr5,71795412,71815596,NO,20184
chr12,115109242,115123366,NO,14124
chr1,232745898,232767093,NO,21195
chr9,27571339,27574535,NO,3196
chr22,17648213,17654213,NO,6000
chr5,139486138,139488892,NO,2754
chr17,76911749,76932441,NO,20692
chr4,106392833,106395850,NO,3017
chr3,123991383,123999147,NO,7764
chr5,133705770,133708905,NO,3135
chr5,139379042,139401675,NO,22633
chr10,75756925,75760386,NO,3461
chr22,41047146,41070017,NO,22871
chr7,111843933,111851709,NO,7776
chr15,68206757,68221539,NO,14782
chr2,204546041,204557721,NO,11680
chr4,154142864,154145851,NO,2987
chr22,32446443,32476465,NO,30022
chr6,16128662,16135963,NO,7301
chr19,14626918,14631209,NO,4291
chr3,171169231,171179355,NO,10124
chr17,17683550,17690223,NO,6673
chr2,161064257,161110975,NO,46718
chr9,140111524,140118892,NO,7368
chr10,104179600,104195681,NO,16081
chr4,26858434,26870018,NO,11584
chr6,143140724,143168845,NO,28121
chr18,56529369,56539223,NO,9854
chr7,100270655,100274694,NO,4039
chr20,20190241,20213177,NO,22936
chr16,49887280,49893847,NO,6567
chr1,175157018,175171455,NO,14437
chrX,47056145,47079917,NO,23772
chr1,176659145,176664691,NO,5546
chr15,74212575,74220910,NO,8335
chr9,97850685,97860105,NO,9420
chr6,17907395,17935945,NO,28550
chr8,25087473,25111197,NO,23724
chr2,18739030,18742659,NO,3629
chr11,57191262,57196112,NO,4850
chr6,163707908,163726576,NO,18668
chr1,155289933,155296016,NO,6083
chr16,10921403,10923601,NO,2198
chr15,31506436,31509514,NO,3078
chr1,226540463,226562825,NO,22362
chr5,158931004,158939031,NO,8027
chr7,158651645,158662285,NO,10640
chr17,25641582,25661271,NO,19689
chr1,183599682,183616124,NO,16442
chr1,36668324,36671314,NO,2990
chr11,16943236,16959106,NO,15870
chr19,47103260,47107564,NO,4304
chr4,41537193,41551808,NO,14615
chr2,208345043,208370165,NO,25122
chr7,121783036,121787111,NO,4075
chr19,18313072,18317083,NO,4011
chr17,34889204,34892106,NO,2902
chr17,75722514,75735983,NO,13469
chr4,108774203,108785855,NO,11652
chr2,130951743,130955163,NO,3420
chr16,67948591,67955031,NO,6440
chr5,111067140,111090277,NO,23137
chr17,53487816,53508898,NO,21082
chr10,91086646,91112605,NO,25959
chr17,73072903,73087987,NO,15084
chr13,29290093,29298383,NO,8290
chr17,15335893,15379700,NO,43807
chr10,105201350,105213119,NO,11769
chr8,145146856,145154122,NO,7266
chr6,6885611,6894791,NO,9180
chr4,152719296,152730891,NO,11595
chr13,27997860,28001580,NO,3720
chr13,42183748,42197721,NO,13973
chr3,9956140,9960144,NO,4004
chr1,78289826,78301089,NO,11263
chr5,177657697,177666622,NO,8925
chr1,218337118,218340087,NO,2969
chr4,148965002,148991739,NO,26737
chr14,24613839,24617935,NO,4096
chrX,152988006,152994041,NO,6035
chr12,105611923,105630761,NO,18838
chr2,85468152,85505690,NO,37538
chr11,67006081,67016939,NO,10858
chr9,97836033,97846363,NO,10330
chr11,35373409,35402872,NO,29463
chr1,202402306,202441851,NO,39545
chr1,85778756,85797113,NO,18357
chr2,46479409,46505907,NO,26498
chr16,4725770,4747389,NO,21619
chr14,69433040,69447322,NO,14282
chr13,51245272,51283305,NO,38033
chr11,75049974,75064079,NO,14105
chr14,62215805,62232851,NO,17046
chr11,133894283,133911936,NO,17653
chrX,47415425,47434800,NO,19375
chr12,120728270,120731408,NO,3138
chr12,42862182,42878653,NO,16471
chr14,59948559,59951973,NO,3414
chr16,30932589,30943151,NO,10562
chr19,33139982,33169010,NO,29028
chr10,134276536,134296522,NO,19986
chr11,32433347,32459718,NO,26371
chr10,22540232,22543058,NO,2826
chr1,113524830,113542440,NO,17610
chr5,173371651,173401251,NO,29600
chr22,31602264,31627756,NO,25492
chr10,129766003,129809038,NO,43035
chr17,75953260,75965475,NO,12215
chr9,130529022,130534522,NO,5500
chr9,19229511,19232166,NO,2655
chr17,42274689,42278672,NO,3983
chr18,74533202,74536306,NO,3104
chr22,31432441,31453519,NO,21078
chr1,226488957,226498329,NO,9372
chr1,64503022,64519316,NO,16294
chr13,40133023,40175713,NO,42690
chr15,25199671,25202583,NO,2912
chr4,186919998,186952819,NO,32821
chr1,150576620,150596085,NO,19465
chr7,36312008,36344386,NO,32378
chr11,61343310,61367856,NO,24546
chr3,173112584,173129572,NO,16988
chr14,65396529,65420672,NO,24143
chr11,46140397,46144576,NO,4179
chr5,114867391,114894480,NO,27089
chr5,148207834,148255188,NO,47354
chr11,75012232,75037346,NO,25114
chr10,31262479,31308189,NO,45710
chrX,39870758,39874874,NO,4116
chr14,71371505,71376064,NO,4559
chr17,47692870,47726272,NO,33402
chr5,78279563,78282322,NO,2759
chr6,123829465,123874792,NO,45327
chr6,41752738,41762035,NO,9297
chr11,9634003,9661546,NO,27543
chr9,139246647,139249713,NO,3066
chr11,65637111,65641767,NO,4656
chr2,64070849,64114130,NO,43281
chr9,139843404,139847700,NO,4296
chr9,35603064,35606480,NO,3416
chr18,13542101,13567772,NO,25671
chr19,14543369,14546851,NO,3482
chr4,100563649,100583695,NO,20046
chr11,67182491,67189173,NO,6682
chr7,100141545,100147172,NO,5627
chr2,54195286,54199175,NO,3889
chr19,10378553,10382897,NO,4344
chr6,134350364,134384902,NO,34538
chr5,171838076,171881580,NO,43504
chr4,77483002,77523399,NO,40397
chr22,19704987,19712054,NO,7067
chr17,15545544,15564074,NO,18530
chr8,125846483,125866643,NO,20160
chr14,94575424,94582548,NO,7124
chr6,33215955,33218808,NO,2853
chr17,3530225,3544659,NO,14434
chr10,105879658,105882629,NO,2971
chr1,249156759,249168992,NO,12233
chr1,232688478,232732281,NO,43803
chr2,240312144,240322806,NO,10662
chr3,126005790,126020681,NO,14891
chr11,123320577,123346930,NO,26353
chr6,90060386,90067648,NO,7262
chr16,2562871,2571636,NO,8765
chr20,30789188,30796440,NO,7252
chr19,49954471,49958114,NO,3643
chr9,130635106,130640749,NO,5643
chr20,55731120,55744101,NO,12981
chr22,46497854,46507372,NO,9518
chr3,123953108,123970434,NO,17326
chr11,72945843,72952699,NO,6856
chr1,145127765,145145454,NO,17689
chr1,59279124,59283134,NO,4010
chr3,58559391,58572181,NO,12790
chr3,48774734,48785668,NO,10934
chr16,1139052,1150135,NO,11083
chr3,49839780,49845849,NO,6069
chr15,30916563,30919234,NO,2671
chrX,68113376,68117190,NO,3814
chr13,42030672,42040549,NO,9877
chr2,73290582,73299855,NO,9273
chr7,55187927,55208709,NO,20782
chr19,17345601,17358580,NO,12979
chr10,88726052,88732261,NO,6209
chr5,154057237,154082032,NO,24795
chr4,2536400,2539825,NO,3425
chr13,44867404,44885995,NO,18591
chr13,21374031,21423568,NO,49537
chr5,148416175,148445400,NO,29225
chr17,62392091,62410870,NO,18779
chr2,10537228,10549639,NO,12411
chr3,191045774,191049099,NO,3325
chr6,26204054,26207035,NO,2981
chr4,77994445,77998289,NO,3844
chrX,52948800,52965416,NO,16616
chr3,73467546,73501751,NO,34205
chr7,71077616,71127498,NO,49882
chr7,2645988,2682084,NO,36096
chr8,146051617,146056970,NO,5353
chr2,173886504,173915329,NO,28825
chr9,139458041,139468171,NO,10130
chr1,15849649,15854064,NO,4415
chr22,25796378,25802370,NO,5992
chr12,45625278,45630196,NO,4918
chr14,100751224,100776755,NO,25531
chr10,105725375,105730061,NO,4686
chr11,69257229,69266381,NO,9152
chr3,179422013,179462155,NO,40142
chr7,80393381,80423486,NO,30105
chr9,111773014,111777389,NO,4375
chr17,58467500,58470980,NO,3480
chr2,238222606,238236524,NO,13918
chr10,35928767,35933286,NO,4519
chr13,37572243,37575697,NO,3454
chr1,206575360,206580308,NO,4948
chr21,47447965,47488022,NO,40057
chr18,56657618,56674260,NO,16642
chr11,71933300,71937185,NO,3885
chr1,46668186,46672998,NO,4812
chr12,29877878,29917062,NO,39184
chr5,98104244,98110929,NO,6685
chr1,22773469,22781316,NO,7847
chr18,13259635,13281100,NO,21465
chr11,59304824,59334063,NO,29239
chr1,151027330,151034020,NO,6690
chr2,89126274,89129672,NO,3398
chr3,10230664,10247729,NO,17065
chr17,1068105,1107571,NO,39466
chr4,148400907,148414726,NO,13819
chr11,66884737,66889019,NO,4282
chr5,102090016,102136598,NO,46582
chr7,30323254,30326017,NO,2763
chr5,149378863,149382326,NO,3463
chr2,219154247,219157796,NO,3549
chr8,102018098,102040566,NO,22468
chr21,30109855,30144614,NO,34759
chr11,47289521,47294420,NO,4899
chr1,202367414,202387342,NO,19928
chr9,95854811,95861290,NO,6479
chr1,207195096,207201126,NO,6030
chr10,21803824,21809409,NO,5585
chr7,22881566,22907879,NO,26313
chr11,64869093,64885964,NO,16871
chrX,68141687,68159507,NO,17820
chr1,55517907,55539566,NO,21659
chr10,104153317,104159978,NO,6661
chr1,52101779,52134050,NO,32271
chr19,48982566,48997746,NO,15180
chr19,6087073,6110158,NO,23085
chr12,118558325,118586621,NO,28296
chr9,34650787,34655930,NO,5143
chr8,8914505,8940085,NO,25580
chr21,45145392,45149674,NO,4282
chr6,140364267,140404504,NO,40237
chr19,38740901,38745085,NO,4184
chr9,20678258,20686023,NO,7765
chr5,141307283,141340652,NO,33369
chr1,121125142,121130067,NO,4925
chr11,63741722,63749519,NO,7797
chr1,16968838,16972384,NO,3546
chr3,50603716,50607865,NO,4149
chr14,95999709,96004638,NO,4929
chr10,126600333,126607406,NO,7073
chr17,78427651,78434947,NO,7296
chr11,66821292,66832666,NO,11374
chr9,85848516,85897139,NO,48623
chr6,105611789,105628578,NO,16789
chr9,97778485,97783159,NO,4674
chr2,61977537,61992233,NO,14696
chr13,32518755,32556660,NO,37905
chr7,23281752,23313389,NO,31637
chr17,17654077,17659625,NO,5548
chr17,17584056,17587383,NO,3327
chr1,64159685,64166516,NO,6831
chrX,24164659,24170037,NO,5378
chr11,62365764,62371010,NO,5246
chr11,82780545,82784408,NO,3863
chr5,77799911,77845468,NO,45557
chr9,14197583,14223448,NO,25865
chr7,128093587,128096734,NO,3147
chr12,49450516,49455326,NO,4810
chr3,4760849,4794352,NO,33503
chr6,42979830,42986409,NO,6579
chr1,208036917,208043310,NO,6393
chr2,241499446,241502754,NO,3308
chr1,153505231,153509649,NO,4418
chr8,55365397,55389870,NO,24473
chr7,6261286,6309202,NO,47916
chr10,73469786,73488769,NO,18983
chr19,19171586,19180481,NO,8895
chr5,56110110,56113459,NO,3349
chr9,102118099,102131994,NO,13895
chr6,79785708,79789068,NO,3360
chr4,144105080,144108256,NO,3176
chr6,157007015,157009996,NO,2981
chr5,67101426,67112898,NO,11472
chr1,45125592,45142440,NO,16848
chr19,47405420,47450601,NO,45181
chr1,235242103,235247909,NO,5806
chr3,187999712,188006733,NO,7021
chr8,143806521,143809620,NO,3099
chr3,127667767,127684109,NO,16342
chr2,145159667,145220693,NO,61026
chr17,4476746,4508246,NO,31500
chr8,37639159,37663135,NO,23976
chr18,77152850,77166821,NO,13971
chr4,76436990,76440801,NO,3811
chr16,67968268,67971733,NO,3465
chr2,24712620,24715997,NO,3377
chr16,84208917,84219368,NO,10451
chr20,49257946,49281488,NO,23542
chr15,79152244,79167230,NO,14986
chr2,223724389,223729728,NO,5339
chr11,85337521,85340554,NO,3033
chr3,179039545,179042043,NO,2498
chr15,67041916,67067158,NO,25242
chr10,72080095,72104090,NO,23995
chr22,20305518,20309784,NO,4266
chr2,38078159,38103965,NO,25806
chr22,33993366,34004925,NO,11559
chr19,55894731,55898414,NO,3683
chr16,23080812,23100847,NO,20035
chrX,46988554,47006923,NO,18369
chr1,147009649,147023519,NO,13870
chr15,78439404,78445856,NO,6452
chr16,75076512,75097650,NO,21138
chr2,120123183,120127099,NO,3916
chr6,26532961,26539573,NO,6612
chr3,149686555,149701292,NO,14737
chr14,24693915,24709902,NO,15987
chr11,65323932,65329004,NO,5072
chr15,57023762,57026386,NO,2624
chr3,187913553,187917697,NO,4144
chr5,65644290,65668081,NO,23791
chr1,173990089,173992972,NO,2883
chr19,1360309,1389584,NO,29275
chr12,69003559,69006889,NO,3330
chr14,105281290,105283413,NO,2123
chr22,46406162,46410374,NO,4212
chr1,165796034,165828290,NO,32256
chr13,44792658,44824444,NO,31786
chr5,148864221,148869658,NO,5437
chr19,1506961,1522442,NO,15481
chr19,11642636,11651833,NO,9197
chr11,112646850,112673085,NO,26235
chr22,38596824,38600411,NO,3587
chr8,125732070,125741702,NO,9632
chr8,25894418,25907646,NO,13228
chr22,51013894,51019349,NO,5455
chr10,655449,680545,NO,25096
chr8,49425954,49436159,NO,10205
chr14,38722601,38725962,NO,3361
chr6,34240832,34274539,NO,33707
chr10,44310996,44324533,NO,13537
chr3,197280502,197283417,NO,2915
chr7,1546312,1554487,NO,8175
chr1,41324715,41342313,NO,17598
chrX,9999664,10022049,NO,22385
chr2,239346994,239360311,NO,13317
chr6,26024424,26028182,NO,3758
chr18,67953731,67964106,NO,10375
chr6,31507683,31511474,NO,3791
chr1,85740505,85745408,NO,4903
chr19,5717859,5721141,NO,3282
chr2,87892670,87904673,NO,12003
chr15,71569879,71596780,NO,26901
chr19,17413145,17417839,NO,4694
chr8,41996989,42014312,NO,17323
chr1,67004903,67042989,NO,38086
chr11,66136821,66141537,NO,4716
chr17,80787802,80806364,NO,18562
chr4,119662424,119694300,NO,31876
chr3,14834165,14903775,NO,69610
chr11,17228434,17231839,NO,3405
chr11,121958947,121980241,NO,21294
chr17,65416828,65440923,NO,24095
chr22,43138317,43149220,NO,10903
chr17,33568905,33581901,NO,12996
chr19,47218497,47244366,NO,25869
chr16,30580834,30584055,NO,3221
chr1,51700408,51706450,NO,6042
chr11,75292989,75296017,NO,3028
chr2,202268502,202314280,NO,45778
chr2,61885710,61899691,NO,13981
chr3,152877851,152881717,NO,3866
chr1,2120368,2122996,NO,2628
chr11,76153219,76157363,NO,4144
chr16,11828353,11838013,NO,9660
chr19,10754469,10767099,NO,12630
chr18,21850133,21852947,NO,2814
chr22,39825636,39831422,NO,5786
chr10,32028153,32050260,NO,22107
chr2,207938357,207962569,NO,24212
chr6,41903477,41910617,NO,7140
chr7,151156086,151159249,NO,3163
chr15,79047232,79055035,NO,7803
chr9,129860483,129876292,NO,15809
chr13,33742459,33782840,NO,40381
chr11,61212429,61240794,NO,28365
chr19,36192920,36210615,NO,17695
chr10,29896429,29901861,NO,5432
chr4,129206122,129210424,NO,4302
chr2,112103252,112115251,NO,11999
chr17,27892882,27897097,NO,4215
chr10,134399134,134406995,NO,7861
chr2,173291624,173307452,NO,15828
chr4,17578201,17583582,NO,5381
chr1,32644197,32647355,NO,3158
chr4,73933427,73936407,NO,2980
chr10,102790692,102803750,NO,13058
chr6,134272157,134275201,NO,3044
chr5,66160334,66200512,NO,40178
chr9,34663718,34666808,NO,3090
chr22,45709782,45737980,NO,28198
chr10,111819463,111842220,NO,22757
chr9,128507928,128522546,NO,14618
chr17,37287823,37311157,NO,23334
chr8,22402692,22420495,NO,17803
chr1,180125641,180145711,NO,20070
chr15,45454509,45460740,NO,6231
chr8,30655852,30668198,NO,12346
chr17,75314730,75322917,NO,8187
chr19,1874773,1877117,NO,2344
chr16,29605633,29623485,NO,17852
chr12,28342668,28344931,NO,2263
chr17,74357347,74382940,NO,25593
chr5,112537369,112561728,NO,24359
chr1,227935596,227950893,NO,15297
chr10,99299336,99304068,NO,4732
chr11,352443,356658,NO,4215
chr9,5499364,5519558,NO,20194
chr12,22091797,22095961,NO,4164
chr1,16265091,16283118,NO,18027
chr2,111877598,111881174,NO,3576
chr17,8323364,8345460,NO,22096
chr19,56115681,56118674,NO,2993
chr16,67206765,67210138,NO,3373
chr4,8373314,8407943,NO,34629
chr2,168044377,168061844,NO,17467
chr6,7214216,7240317,NO,26101
chr2,24305617,24308693,NO,3076
chr6,5752016,5766882,NO,14866
chr4,84527831,84552053,NO,24222
chr1,149973146,149983303,NO,10157
chr14,77535826,77545201,NO,9375
chr19,16480901,16510486,NO,29585
chr9,33256589,33266023,NO,9434
chr8,131097921,131135845,NO,37924
chr22,18890486,18898041,NO,7555
chr17,73583347,73586687,NO,3340
chr9,140008966,140025226,NO,16260
chr14,92917217,92928920,NO,11703
chr3,16550945,16570578,NO,19633
chr1,47677093,47701303,NO,24210
chr9,130622051,130625874,NO,3823
chr17,37855648,37873809,NO,18161
chr2,178100149,178118240,NO,18091
chr13,114828944,114834934,NO,5990
chr6,16799448,16806159,NO,6711
chr2,99951801,99955056,NO,3255
chr10,180125,182865,NO,2740
chr12,56039750,56054563,NO,14813
chr17,19204415,19221596,NO,17181
chr3,169375677,169387310,NO,11633
chr8,141557532,141563381,NO,5849
chr9,133587621,133591599,NO,3978
chr9,130280126,130292970,NO,12844
chr14,32460531,32489071,NO,28540
chr3,138552340,138554809,NO,2469
chr12,77157148,77159858,NO,2710
chr1,110077091,110092201,NO,15110
chr17,78932376,78935265,NO,2889
chr1,150520902,150526033,NO,5131
chr10,7293141,7308196,NO,15055
chrX,114816366,114877076,NO,60710
chr9,100355070,100365801,NO,10731
chr12,112185922,112196957,NO,11035
chr18,46200026,46215138,NO,15112
chr17,47794495,47830333,NO,35838
chr19,306899,312492,NO,5593
chr15,57177855,57180796,NO,2941
chr7,95173975,95180848,NO,6873
chr15,70381197,70404723,NO,23526
chr13,31775870,31800563,NO,24693
chr15,59662573,59665991,NO,3418
chr1,1239456,1245587,NO,6131
chr20,326656,329745,NO,3089
chr12,110151576,110162054,NO,10478
chr1,150252731,150256353,NO,3622
chr5,109024005,109027232,NO,3227
chr1,1281267,1297902,NO,16635
chr10,13380157,13391909,NO,11752
chr8,145652485,145656143,NO,3658
chrX,2402108,2419370,NO,17262
chr6,109613280,109629700,NO,16420
chr20,23593925,23618721,NO,24796
chr18,59398513,59416775,NO,18262
chr1,12396053,12405842,NO,9789
chr19,4968959,4989488,NO,20529
chr6,32189417,32224040,NO,34623
chr2,179342586,179350165,NO,7579
chr1,208003251,208007957,NO,4706
chr19,1881654,1885640,NO,3986
chr9,97136126,97141389,NO,5263
chr12,109034832,109060933,NO,26101
chr3,99579040,99600325,NO,21285
chr1,26420150,26422327,NO,2177
chr10,73437497,73455256,NO,17759
chr18,11985586,12033834,NO,48248
chr6,57036448,57047324,NO,10876
chr4,141013315,141021622,NO,8307
chr3,27524420,27528472,NO,4052
chr6,32073881,32083066,NO,9185
chr6,30880795,30895230,NO,14435
chr5,60614763,60627862,NO,13099
chr3,187874801,187880002,NO,5201
chr6,52281347,52289184,NO,7837
chr16,49857845,49873727,NO,15882
chr21,40457722,40470381,NO,12659
chr14,51229259,51260240,NO,30981
chr11,2113817,2131381,NO,17564
chr15,75197231,75200491,NO,3260
chr12,93503201,93532544,NO,29343
chr12,108695340,108708502,NO,13162
chr1,11790069,11807660,NO,17591
chr3,49026381,49029662,NO,3281
chr8,81778811,81787473,NO,8662
chr2,174048600,174083695,NO,35095
chr11,112704271,112735883,NO,31612
chr9,129717966,129748992,NO,31026
chr6,36409784,36412731,NO,2947
chr11,567189,570366,NO,3177
chr1,21008493,21024057,NO,15564
chr19,48151047,48169550,NO,18503
chr12,56221733,56226353,NO,4620
chr1,10878271,10884548,NO,6277
chr13,47126254,47129579,NO,3325
chr7,131749323,131759548,NO,10225
chr4,10173591,10188702,NO,15111
chr19,46098544,46119502,NO,20958
chr3,128000382,128031048,NO,30666
chr8,145986134,145996635,NO,10501
chr10,134349486,134354704,NO,5218
chr22,51019360,51022400,NO,3040
chr1,8875370,8883181,NO,7811
chr14,103521739,103542617,NO,20878
chr9,94244772,94252689,NO,7917
chr4,154404372,154420590,NO,16218
chr16,29815046,29817558,NO,2512
chr11,123172251,123187053,NO,14802
chr22,23860538,23869906,NO,9368
chr12,21924852,21934111,NO,9259
chr20,35369981,35386502,NO,16521
chr1,31295879,31298008,NO,2129
chr9,33375048,33405349,NO,30301
chr11,64634998,64639841,NO,4843
chr19,5880058,5898128,NO,18070
chr1,205594477,205602112,NO,7635
chr19,49314998,49323506,NO,8508
chr11,61594137,61597797,NO,3660
chr4,3292775,3296332,NO,3557
chr8,52557191,52581364,NO,24173
chr19,6218111,6249953,NO,31842
chr3,53106161,53124639,NO,18478
chr2,159313183,159315495,NO,2312
chr6,26043186,26046266,NO,3080
chr17,45342905,45358452,NO,15547
chr2,224794750,224810428,NO,15678
chr5,125750067,125760912,NO,10845
chr14,75398828,75409949,NO,11121
chr15,89698228,89718592,NO,20364
chr2,25516666,25519127,NO,2461
chr2,135117130,135138214,NO,21084
chr22,46390813,46395687,NO,4874
chr14,73079242,73086659,NO,7417
chr4,140677971,140692691,NO,14720
chr1,182317148,182333570,NO,16422
chr6,159237969,159241406,NO,3437
chr7,100180159,100185174,NO,5015
chr17,36884520,36890853,NO,6333
chr1,3330776,3341680,NO,10904
chr22,39648534,39652151,NO,3617
chr1,156250514,156262148,NO,11634
chr16,57332607,57351714,NO,19107
chrX,23800519,23826078,NO,25559
chr20,48746486,48765394,NO,18908
chr4,114388753,114403523,NO,14770
chr7,21978973,21986435,NO,7462
chr16,86600170,86620698,NO,20528
chr7,138775588,138795384,NO,19796
chr10,51569836,51579833,NO,9997
chr10,100025298,100030541,NO,5243
chr12,32675149,32741815,NO,66666
chr5,171906029,171937756,NO,31727
chr14,67823088,67827822,NO,4734
chr2,97452691,97459511,NO,6820
chr10,17684704,17688689,NO,3985
chr17,1475314,1494738,NO,19424
chr11,66111822,66116193,NO,4371
chr19,46852461,46860167,NO,7706
chr4,37970190,37992229,NO,22039
chr17,47268876,47280102,NO,11226
chr21,47607148,47624077,NO,16929
chr22,39539729,39546657,NO,6928
chr2,243021019,243029643,NO,8624
chr19,38852142,38867938,NO,15796
chr1,92282898,92297070,NO,14172
chr3,186123545,186132614,NO,9069
chr17,55677335,55684865,NO,7530
chr3,115376559,115387013,NO,10454
chr5,171570737,171613235,NO,42498
chr17,76243888,76260375,NO,16487
chr7,120483262,120498858,NO,15596
chr4,25082837,25110133,NO,27296
chr6,31801614,31805897,NO,4283
chr6,82847359,82856156,NO,8797
chr17,54987379,54993857,NO,6478
chr5,65618343,65630054,NO,11711
chr3,187894334,187899469,NO,5135
chr7,129062304,129084112,NO,21808
chr7,64540691,64542596,NO,1905
chr17,35836124,35851899,NO,15775
chr11,120078499,120097392,NO,18893
chr21,40822187,40827908,NO,5721
chr1,229543218,229548223,NO,5005
chr16,1457569,1483611,NO,26042
chr11,61316685,61321406,NO,4721
chr20,48426768,48430899,NO,4131
chr5,141735356,141744709,NO,9353
chrX,1600210,1623603,NO,23393
chr8,103114378,103137402,NO,23024
chr15,35982304,35999054,NO,16750
chr11,128760135,128766176,NO,6041
chr2,220133741,220139971,NO,6230
chr1,12289545,12293188,NO,3643
chr9,116931172,116944471,NO,13299
chr15,102285418,102287518,NO,2100
chr7,22600321,22631231,NO,30910
chr1,162595991,162605088,NO,9097
chr11,6702049,6728418,NO,26369
chr16,11761498,11777746,NO,16248
chr15,75139450,75163933,NO,24483
chr4,6270854,6281485,NO,10631
chr11,45230009,45237809,NO,7800
chr5,90575105,90593094,NO,17989
chr3,17198611,17204508,NO,5897
chr4,37649470,37669395,NO,19925
chr3,184031764,184035770,NO,4006
chr14,23856375,23863706,NO,7331
chr6,110849797,110865740,NO,15943
chr2,85810619,85813718,NO,3099
chr9,34645831,34649121,NO,3290
chr13,22247171,22258274,NO,11103
chr17,66230350,66234426,NO,4076
chr21,27541136,27544503,NO,3367
chr1,184577353,184600486,NO,23133
chr17,76030849,76055952,NO,25103
chr2,227496123,227539797,NO,43674
chr3,129106379,129112916,NO,6537
chr1,8688982,8731380,NO,42398
chr19,42745786,42749646,NO,3860
chr2,164589223,164594044,NO,4821
chr9,139937051,139950970,NO,13919
chr14,75800403,75808941,NO,8538
chr7,105704501,105713286,NO,8785
chr3,174154025,174160306,NO,6281
chr13,114880483,114898593,NO,18110
chr8,93050381,93092786,NO,42405
chr6,64344974,64347045,NO,2071
chr22,18259775,18271464,NO,11689
chr19,49241512,49245649,NO,4137
chr9,117144864,117160970,NO,16106
chr8,145686258,145691136,NO,4878
chr6,154829411,154837871,NO,8460
chr8,33454444,33458141,NO,3697
chr4,169970651,170002721,NO,32070
chr14,21256768,21271951,NO,15183
chr14,34487367,34506162,NO,18795
chr15,91472723,91476436,NO,3713
chr6,152482758,152493958,NO,11200
chr1,57116585,57155655,NO,39070
chr1,32813982,32820328,NO,6346
chr22,39857169,39869775,NO,12606
chr14,95648539,95658563,NO,10024
chr20,33580453,33587537,NO,7084
chr7,45020315,45030915,NO,10600
chr3,156891460,156894436,NO,2976
chr11,68227118,68239779,NO,12661
chr3,129157977,129162057,NO,4080
chr6,4008450,4020071,NO,11621
chr3,37090372,37099254,NO,8882
chr22,23646634,23649566,NO,2932
chr13,42613373,42616398,NO,3025
chr5,156008289,156026424,NO,18135
chr9,139794697,139798675,NO,3978
chr9,6680406,6682439,NO,2033
chr11,63604786,63613502,NO,8716
chr3,51717778,51722321,NO,4543
chr18,7366099,7383835,NO,17736
chr6,10720058,10726402,NO,6344
chr2,91843582,91848528,NO,4946
chrX,153743310,153756153,NO,12843
chr14,103056755,103060461,NO,3706
chr6,43459495,43480982,NO,21487
chr1,153526110,153546096,NO,19986
chr2,109196026,109212539,NO,16513
chr6,33586569,33591240,NO,4671
chr11,12124912,12146827,NO,21915
chr5,40676590,40687876,NO,11286
chr11,133989244,133996501,NO,7257
chr4,141845787,141862285,NO,16498
chr13,111827319,111839979,NO,12660
chr8,26148540,26185218,NO,36678
chr2,45985822,46003246,NO,17424
chr17,72977297,72979319,NO,2022
chr16,30816254,30826640,NO,10386
chr9,36485732,36489529,NO,3797
chrX,48896639,48912048,NO,15409
chr22,19157899,19163397,NO,5498
chr13,40073370,40103377,NO,30007
chr7,65234821,65236726,NO,1905
chr4,54929350,54934309,NO,4959
chr11,63626546,63644672,NO,18126
chr3,39146679,39150161,NO,3482
chr11,123389302,123417078,NO,27776
chr22,26940573,26958607,NO,18034
chr1,211784167,211807377,NO,23210
chr19,46455919,46476874,NO,20955
chr1,65466474,65469497,NO,3023
chr13,98627545,98630151,NO,2606
chr1,226064701,226071260,NO,6559
chr11,75523608,75538255,NO,14647
chr17,44449547,44451763,NO,2216
chr12,18900174,18908681,NO,8507
chr3,48720627,48733228,NO,12601
chr11,69294258,69312953,NO,18695
chr10,75665006,75680455,NO,15449
chr4,88028669,88043814,NO,15145
chr11,19585479,19601857,NO,16378
chr21,44393530,44397229,NO,3699
chr3,187004395,187012034,NO,7639
chr16,67202791,67206493,NO,3702
chr2,33733735,33781008,NO,47273
chr20,62584805,62589762,NO,4957
chr3,107148066,107151429,NO,3363
chr7,107578940,107615802,NO,36862
chr5,10288220,10308321,NO,20101
chr1,236307790,236315800,NO,8010
chr9,130523133,130528086,NO,4953
chr14,21536670,21541728,NO,5058
chr8,110344149,110347394,NO,3245
chr1,26407564,26412396,NO,4832
chr9,139819360,139825259,NO,5899
chr16,57400396,57425559,NO,25163
chr12,14409169,14414542,NO,5373
chr6,86353303,86355519,NO,2216
chr16,89554250,89558544,NO,4294
chr14,89017218,89023347,NO,6129
chr1,61360697,61378371,NO,17674
chr9,140082161,140085928,NO,3767
chr15,90772873,90778639,NO,5766
chr1,53661166,53664846,NO,3680
chr1,19969622,19979347,NO,9725
chr8,144103641,144110193,NO,6552
chr7,105856220,105860509,NO,4289
chr9,641874,661190,NO,19316
chr7,141793,154524,NO,12731
chr16,1659793,1665966,NO,6173
chr17,45281894,45318313,NO,36419
chr4,24235524,24251809,NO,16285
chr17,36953318,36956795,NO,3477
chr11,130518074,130526324,NO,8250
chr14,75759962,75763506,NO,3544
chr14,76445224,76462724,NO,17500
chrX,119683187,119696966,NO,13779
chr22,28113630,28124241,NO,10611
chr2,29336192,29353426,NO,17234
chr15,40657411,40673322,NO,15911
chr19,33666563,33669340,NO,2777
chr3,194799342,194804220,NO,4878
chr5,124078575,124085318,NO,6743
chr11,60679896,60683758,NO,3862
chr2,109250212,109259855,NO,9643
chr1,148927967,148932731,NO,4764
chr3,63896851,63899460,NO,2609
chr4,8270635,8288944,NO,18309
chr10,31410113,31448071,NO,37958
chr7,37478477,37489215,NO,10738
chr22,41416899,41425040,NO,8141
chr13,30911980,30917210,NO,5230
chr8,134685292,134703249,NO,17957
chr5,177539830,177554804,NO,14974
chr8,144567642,144613249,NO,45607
chr1,40039375,40042858,NO,3483
chr9,130095164,130116638,NO,21474
chr3,40493660,40495739,NO,2079
chr13,45006546,45012232,NO,5686
chr2,8934603,8972442,NO,37839
chr19,4693477,4714896,NO,21419
chr21,35500067,35505310,NO,5243
chr2,102757358,102772691,NO,15333
chr10,70810817,70826338,NO,15521
chr19,37708296,37710323,NO,2027
chr2,43477878,43501652,NO,23774
chrX,49040297,49048527,NO,8230
chr11,8083769,8091838,NO,8069
chr11,61677781,61692395,NO,14614
chr7,142975969,142986770,NO,10801
chr16,21518095,21530215,NO,12120
chr6,168429893,168456332,NO,26439
chr2,31517129,31527350,NO,10221
chr3,186900272,186907228,NO,6956
chr17,81037455,81067629,NO,30174
chr8,144288177,144302041,NO,13864
chr1,42636564,42639928,NO,3364
chr19,18759016,18772460,NO,13444
chr6,44204506,44207430,NO,2924
chr22,38458422,38467244,NO,8822
chr19,15305134,15338575,NO,33441
chr4,129306242,129315251,NO,9009
chr17,37906036,37912466,NO,6430
chr12,94073085,94079035,NO,5950
chr9,88136035,88152292,NO,16257
chr11,12451636,12470651,NO,19015
chr3,58594062,58615676,NO,21614
chr19,40306497,40325549,NO,19052
chr19,3604593,3618815,NO,14222
chr13,114582476,114586530,NO,4054
chr17,42401445,42405322,NO,3877
chr1,90158201,90205632,NO,47431
chr15,74420068,74430146,NO,10078
chr6,150986789,151008478,NO,21689
chr10,63656613,63665048,NO,8435
chr4,41420002,41441320,NO,21318
chr19,2968305,2984584,NO,16279
chr22,31739234,31744146,NO,4912
chr6,16276549,16280343,NO,3794
chr7,131264919,131271963,NO,7044
chr5,178051688,178054842,NO,3154
chr5,32017637,32043597,NO,25960
chr10,100073919,100101449,NO,27530
chr21,33888665,33898202,NO,9537
chr9,97783350,97787222,NO,3872
chr11,128198553,128213918,NO,15365
chr5,119778007,119802323,NO,24316
chr6,170356722,170365963,NO,9241
chr12,125229260,125251065,NO,21805
chr2,101921719,101926028,NO,4309
chr5,169732135,169743173,NO,11038
chr17,48551815,48561165,NO,9350
chr3,187900586,187904524,NO,3938
chr1,57262407,57280340,NO,17933
chr20,48893285,48903670,NO,10385
chr7,135716906,135722864,NO,5958
chr10,11151907,11161473,NO,9566
chr6,89732617,89746052,NO,13435
chr7,155088170,155091861,NO,3691
chr12,123847779,123850854,NO,3075
chr2,85553208,85569132,NO,15924
chr7,70701179,70710031,NO,8852
chrX,63423611,63427808,NO,4197
chr16,85492356,85500510,NO,8154
chr12,64474281,64484730,NO,10449
chr4,140655069,140662768,NO,7699
chr7,15724246,15728976,NO,4730
chr12,57652266,57667568,NO,15302
chr19,42483311,42498729,NO,15418
chr15,68626890,68661727,NO,34837
chr4,129751721,129779948,NO,28227
chr1,62530244,62536284,NO,6040
chr2,74666181,74669896,NO,3715
chr14,24834319,24842126,NO,7807
chr6,34623387,34647952,NO,24565
chr17,48609539,48621230,NO,11691
chr12,39297388,39301042,NO,3654
chr16,30132522,30135345,NO,2823
chr1,171613970,171640217,NO,26247
chr3,15104469,15107295,NO,2826
chr10,44181112,44204546,NO,23434
chr1,26382802,26390693,NO,7891
chr3,127770089,127773574,NO,3485
chr18,52983828,52991118,NO,7290
chr3,14443013,14453046,NO,10033
chr2,235886813,235898653,NO,11840
chr8,13282531,13330496,NO,47965
chr19,12831401,12835321,NO,3920
chr5,148806323,148812971,NO,6648
chr15,35956822,35968018,NO,11196
chr9,135281688,135286608,NO,4920
chr12,15101432,15115136,NO,13704
chr1,20984407,20993666,NO,9259
chr11,57266670,57270361,NO,3691
chr16,57293749,57303826,NO,10077
chr4,185666975,185679811,NO,12836
chr15,69081027,69088623,NO,7596
chr10,99367656,99372651,NO,4995
chr11,70316004,70329647,NO,13643
chr9,135818728,135822710,NO,3982
chr12,131437568,131469308,NO,31740
chr5,137069489,137074505,NO,5016
chr11,2014105,2021409,NO,7304
chr6,5995634,6010024,NO,14390
chr17,72983207,72985768,NO,2561
chr2,122106839,122123287,NO,16448
chr19,5826194,5830075,NO,3881
chr13,99737501,99740701,NO,3200
chr4,184825737,184829068,NO,3331
chr10,121354536,121357413,NO,2877
chr1,9459349,9474259,NO,14910
chr2,11883676,11895050,NO,11374
chr15,73921215,73927088,NO,5873
chr10,3788689,3798549,NO,9860
chr3,52215809,52233562,NO,17753
chr5,138597974,138612249,NO,14275
chr13,30968836,30997184,NO,28348
chr22,24785746,24804762,NO,19016
chr7,35075130,35078344,NO,3214
chr2,37227384,37249102,NO,21718
chr16,79626860,79635944,NO,9084
chr17,70115748,70123949,NO,8201
chr4,113625993,113637170,NO,11177
chr5,41507440,41511802,NO,4362
chr6,34854880,34866083,NO,11203
chr9,92275562,92301611,NO,26049
chr5,139926024,139930249,NO,4225
chr12,125163711,125184582,NO,20871
chr6,90927452,90929794,NO,2342
chr19,46906788,46930322,NO,23534
chr11,325433,327910,NO,2477
chr8,119120811,119125842,NO,5031
chr18,72211787,72215673,NO,3886
chr2,235956481,235973198,NO,16717
chr11,406270,417937,NO,11667
chr18,3622363,3625673,NO,3310
chr7,150411992,150420230,NO,8238
chr10,5983389,5988627,NO,5238
chr13,95200580,95202991,NO,2411
chr3,49303854,49317671,NO,13817
chr19,6372050,6374591,NO,2541
chr9,130597426,130601979,NO,4553
chr7,107628961,107651962,NO,23001
chr11,44869539,44888475,NO,18936
chr12,133064627,133084731,NO,20104
chr12,96126891,96158487,NO,31596
chr14,23475326,23477225,NO,1899
chr17,43047325,43061364,NO,14039
chr22,19552998,19567871,NO,14873
chr22,24819373,24833138,NO,13765
chr13,34184285,34189997,NO,5712
chr6,3825091,3836024,NO,10933
chr9,34440731,34459382,NO,18651
chr3,188010817,188015278,NO,4461
chr18,77265803,77268561,NO,2758
chr8,8748430,8759712,NO,11282
chr17,29875506,29877961,NO,2455
chr5,177630655,177634551,NO,3896
chr15,79089735,79105034,NO,15299
chr10,114709952,114716900,NO,6948
chr19,2796015,2800157,NO,4142
chr3,58291639,58294111,NO,2472
chr6,28862830,28865403,NO,2573
chr18,52895347,52934550,NO,39203
chr2,88368357,88382542,NO,14185
chr6,53223053,53225828,NO,2775
chr10,73974919,73979479,NO,4560
chr16,56712528,56726244,NO,13716
chr1,15735525,15744589,NO,9064
chr4,141157588,141160484,NO,2896
chr8,129179667,129190785,NO,11118
chr5,54732403,54746792,NO,14389
chr9,107625741,107642799,NO,17058
chr4,1542117,1551876,NO,9759
chr14,75724618,75726895,NO,2277
chr10,103693365,103701570,NO,8205
chr1,67894753,67899759,NO,5006
chr1,66728026,66741953,NO,13927
chr19,5686166,5693255,NO,7089
chr1,43758631,43771097,NO,12466
chr17,17316996,17329502,NO,12506
chr1,230958983,230963610,NO,4627
chr4,75857978,75873765,NO,15787
chr13,24838837,24849440,NO,10603
chr16,84676107,84685349,NO,9242
chr16,87550573,87553361,NO,2788
chr20,39310899,39319578,NO,8679
chr2,238340646,238365464,NO,24818
chr11,86170417,86196511,NO,26094
chr1,203432313,203457486,NO,25173
chr15,86035956,86051405,NO,15449
chr9,139254121,139258541,NO,4420
chr13,34111890,34118445,NO,6555
chr16,3136025,3157256,NO,21231
chr10,62642690,62674913,NO,32223
chr6,43918654,43923417,NO,4763
chr17,44337118,44345516,NO,8398
chr3,97540004,97542960,NO,2956
chr9,110398887,110408049,NO,9162
chr18,55435824,55461377,NO,25553
chr21,37691825,37695943,NO,4118
chr16,72104697,72119712,NO,15015
chr16,75549729,75551597,NO,1868
chr12,110544828,110549139,NO,4311
chr10,18620454,18650017,NO,29563
chr12,50091714,50101410,NO,9696
chr3,17054180,17083102,NO,28922
chr20,34730365,34743639,NO,13274
chr10,81106880,81110855,NO,3975
chr8,107777385,107785608,NO,8223
chr3,52123674,52175135,NO,51461
chr7,102250473,102257496,NO,7023
chr7,143597029,143603115,NO,6086
chr6,44184406,44188407,NO,4001
chr18,8703638,8707559,NO,3921
chr6,34191088,34212762,NO,21674
chr9,4293576,4300350,NO,6774
chr15,92425642,92442674,NO,17032
chr14,45430019,45433614,NO,3595
chr1,2207106,2246623,NO,39517
chr16,73017586,73035468,NO,17882
chr17,19013335,19015005,NO,1670
chr11,120051971,120060139,NO,8168
chr1,55385692,55394962,NO,9270
chr5,171953629,171962351,NO,8722
chr11,70048775,70051454,NO,2679
chr2,46241752,46303832,NO,62080
chr3,195269023,195273454,NO,4431
chr12,105061295,105067240,NO,5945
chr5,142420945,142445718,NO,24773
chr19,18431508,18435219,NO,3711
chr16,30378736,30384534,NO,5798
chr20,62416769,62424920,NO,8151
chr7,102151311,102158517,NO,7206
chr5,38463517,38470318,NO,6801
chr1,56839282,56844721,NO,5439
chr1,212731250,212740951,NO,9701
chr11,46293336,46319142,NO,25806
chr7,123171828,123173353,NO,1525
chr6,157454453,157472628,NO,18175
chr11,115372845,115376346,NO,3501
chr17,2786086,2810343,NO,24257
chr17,17911505,17936388,NO,24883
chr1,203096413,203101205,NO,4792
chr18,25644005,25668983,NO,24978
chr4,680256,683995,NO,3739
chr4,174590060,174620986,NO,30926
chr17,7215730,7219815,NO,4085
chr22,46431740,46433594,NO,1854
chr6,28103819,28106213,NO,2394
chr6,125282660,125286317,NO,3657
chr11,95920854,95962360,NO,41506
chr7,44103038,44106203,NO,3165
chr6,17470434,17494862,NO,24428
chr9,97805717,97808986,NO,3269
chr11,74861099,74893651,NO,32552
chr5,171151554,171165960,NO,14406
chr3,48539534,48543225,NO,3691
chr14,69503835,69527283,NO,23448
chr13,40023011,40037514,NO,14503
chr15,71703743,71750407,NO,46664
chr6,152581869,152623727,NO,41858
chr1,21863549,21880627,NO,17078
chr17,2905492,2909204,NO,3712
chr3,167580095,167595589,NO,15494
chr18,10009533,10016719,NO,7186
chr9,127596174,127598659,NO,2485
chr17,43247381,43251004,NO,3623
chr5,79487341,79514169,NO,26828
chr1,170630909,170637039,NO,6130
chr15,58837530,58842811,NO,5281
chr2,220553285,220574930,NO,21645
chr5,139415129,139423818,NO,8689
chr2,131861337,131864585,NO,3248
chr9,131464379,131468522,NO,4143
chr10,29883558,29890094,NO,6536
chr5,73934807,73940033,NO,5226
chr17,73802822,73806678,NO,3856
chr9,139607009,139610116,NO,3107
chr6,7042443,7059427,NO,16984
chr2,73040761,73053566,NO,12805
chr17,48274728,48292781,NO,18053
chr11,94882759,94885430,NO,2671
chr19,10442970,10446585,NO,3615
chr1,23747708,23752268,NO,4560
chr12,20639211,20681403,NO,42192
chr3,52250273,52254049,NO,3776
chr5,137684786,137690683,NO,5897
chr17,78234570,78238709,NO,4139
chr1,145381972,145398062,NO,16090
chr13,81042606,81052612,NO,10006
chr7,131286921,131319025,NO,32104
chr1,18198988,18219957,NO,20969
chr11,10676880,10697763,NO,20883
chr11,63915446,63934366,NO,18920
chr8,67576471,67592345,NO,15874
chr19,40846593,40851434,NO,4841
chr1,53370118,53386219,NO,16101
chr4,124259514,124284033,NO,24519
chr14,89759164,89772071,NO,12907
chr12,122580670,122593681,NO,13011
chr1,44327599,44348153,NO,20554
chr2,48332979,48341148,NO,8169
chr1,237412353,237427959,NO,15606
chr5,126299377,126320765,NO,21388
chr17,4692364,4694473,NO,2109
chr2,242783096,242803359,NO,20263
chr11,33281222,33318668,NO,37446
chr4,52708190,52719961,NO,11771
chr8,129336028,129346550,NO,10522
chr17,47642920,47646297,NO,3377
chr1,9488187,9503506,NO,15319
chr11,47326275,47328770,NO,2495
chr15,39871225,39878593,NO,7368
chr2,239284699,239300353,NO,15654
chr11,8039771,8058264,NO,18493
chr8,52614767,52637696,NO,22929
chr9,110494684,110531807,NO,37123
chr3,15934847,15946363,NO,11516
chr3,149290771,149314622,NO,23851
chr12,3150926,3165556,NO,14630
chrX,38071028,38093827,NO,22799
chr3,122397281,122401184,NO,3903
chr13,107557933,107573904,NO,15971
chr2,20549529,20551957,NO,2428
chr6,18371406,18390270,NO,18864
chr17,28926573,28928771,NO,2198
chr2,74591278,74616743,NO,25465
chr5,66562948,66566438,NO,3490
chr17,21064783,21090672,NO,25889
chr1,23503242,23505478,NO,2236
chr12,31476470,31480214,NO,3744
chr20,43265610,43273875,NO,8265
chr4,186453124,186464139,NO,11015
chr13,24182545,24204313,NO,21768
chr2,20723436,20733232,NO,9796
chr8,123970146,123983659,NO,13513
chr16,14394814,14402598,NO,7784
chr15,42869565,42900857,NO,31292
chr11,100997317,101000779,NO,3462
chr22,46507433,46513142,NO,5709
chr17,1972989,1976508,NO,3519
chr8,80695502,80697182,NO,1680
chr16,695333,699910,NO,4577
chr9,132358312,132373713,NO,15401
chr1,46659670,46665508,NO,5838
chr3,196337977,196361272,NO,23295
chr11,116705416,116708793,NO,3377
chr3,37901085,37906024,NO,4939
chr2,179582977,179613155,NO,30178
chr21,45501972,45519533,NO,17561
chr6,3022802,3026423,NO,3621
chr5,133286529,133290031,NO,3502
chr3,128398357,128400614,NO,2257
chr5,149807247,149830006,NO,22759
chr17,56160794,56163140,NO,2346
chr9,20619468,20625094,NO,5626
chr19,57348278,57352240,NO,3962
chr3,58030249,58046009,NO,15760
chr17,79993347,79996283,NO,2936
chr10,75645757,75649249,NO,3492
chr10,28965698,28971511,NO,5813
chr14,91223846,91227295,NO,3449
chr19,46219210,46222418,NO,3208
chr20,49334491,49342503,NO,8012
chr17,44655823,44658114,NO,2291
chr11,130541648,130548356,NO,6708
chr14,68698921,68717999,NO,19078
chr6,37207268,37213649,NO,6381
chr12,92933188,92956713,NO,23525
chr13,50654217,50666662,NO,12445
chr13,33682286,33704505,NO,22219
chr2,109847106,109864706,NO,17600
chr19,14217132,14219528,NO,2396
chr6,148683395,148703592,NO,20197
chr22,24680582,24700653,NO,20071
chr2,128784183,128786968,NO,2785
chr2,97302079,97304586,NO,2507
chr15,67168857,67177198,NO,8341
chr15,93412002,93425879,NO,13877
chr16,28269387,28274292,NO,4905
chr3,12768945,12805482,NO,36537
chr11,11632532,11645431,NO,12899
chr11,62266868,62276905,NO,10037
chr6,55928421,55956917,NO,28496
chr14,77233852,77250240,NO,16388
chr11,85861829,85906690,NO,44861
chr16,58032809,58036230,NO,3421
chr18,28679492,28682906,NO,3414
chr12,56519157,56523932,NO,4775
chr5,114749667,114762949,NO,13282
chr16,75572241,75587575,NO,15334
chr7,65957598,65959569,NO,1971
chr14,23590259,23618664,NO,28405
chr4,41205372,41219572,NO,14200
chr6,29719441,29721436,NO,1995
chr1,202101050,202114898,NO,13848
chr19,49399051,49412480,NO,13429
chr3,99975975,99989379,NO,13404
chr3,11759403,11762697,NO,3294
chr2,73333597,73341318,NO,7721
chr6,116571586,116576936,NO,5350
chr6,37137845,37140472,NO,2627
chr7,142959694,142962652,NO,2958
chr10,723708,736857,NO,13149
chr7,93539439,93557136,NO,17697
chr10,112022435,112039412,NO,16977
chr20,61413783,61434085,NO,20302
chr17,73265947,73269493,NO,3546
chr8,348889,355358,NO,6469
chr12,29711480,29737349,NO,25869
chr7,98969836,98992118,NO,22282
chr6,43634886,43652447,NO,17561
chr1,237451202,237487404,NO,36202
chr11,22687178,22699552,NO,12374
chr7,90223740,90240101,NO,16361
chr1,112125183,112137428,NO,12245
chr19,7098578,7100153,NO,1575
chr3,133662427,133668625,NO,6198
chr12,56238879,56244631,NO,5752
chr3,57984078,58006969,NO,22891
chr8,48513558,48546633,NO,33075
chr14,68830104,68870007,NO,39903
chr17,3790071,3799188,NO,9117
chr5,142004474,142040360,NO,35886
chr19,9895651,9904473,NO,8822
chr13,113806165,113809440,NO,3275
chr17,43168368,43171977,NO,3609
chr21,38822015,38836283,NO,14268
chr11,56958318,56982614,NO,24296
chr1,92034432,92051872,NO,17440
chr17,37235524,37256598,NO,21074
chr19,19426813,19435796,NO,8983
chr12,106339828,106361328,NO,21500
chr8,58906380,58910682,NO,4302
chr11,70243588,70257285,NO,13697
chr4,129490984,129523618,NO,32634
chr18,10518501,10545061,NO,26560
chr12,113733926,113738746,NO,4820
chr10,50383073,50398886,NO,15813
chr16,84955305,84968604,NO,13299
chr11,95887348,95902825,NO,15477
chr14,65334946,65348049,NO,13103
chr15,78495182,78516883,NO,21701
chr5,56988268,56996775,NO,8507
chr3,107241137,107244947,NO,3810
chr3,171796782,171826898,NO,30116
chr1,201138967,201141288,NO,2321
chr19,8038031,8067996,NO,29965
chr12,58281332,58285151,NO,3819
chr19,17663965,17676146,NO,12181
chr2,172378296,172381248,NO,2952
chrX,68047781,68052692,NO,4911
chrX,69653241,69656152,NO,2911
chr2,218294792,218301647,NO,6855
chr6,151361657,151392858,NO,31201
chr11,112160496,112173864,NO,13368
chr18,74162164,74172987,NO,10823
chr18,33160607,33163835,NO,3228
chr1,27190512,27192713,NO,2201
chr5,125839251,125868174,NO,28923
chr8,11664941,11668211,NO,3270
chr9,129890400,129896982,NO,6582
chrX,3615456,3633678,NO,18222
chr17,46618291,46632736,NO,14445
chr19,34795956,34824323,NO,28367
chr1,36737889,36766689,NO,28800
chr12,58257812,58259851,NO,2039
chr16,50186080,50189886,NO,3806
chr2,190538201,190540232,NO,2031
chr6,94125755,94130293,NO,4538
chr4,53402668,53418969,NO,16301
chr22,36587030,36599471,NO,12441
chr20,37426675,37442101,NO,15426
chr9,139580369,139584273,NO,3904
chr2,96763529,96775811,NO,12282
chr13,103450734,103456439,NO,5705
chrX,48813557,48817151,NO,3594
chr1,156129503,156133103,NO,3600
chr16,30912858,30916404,NO,3546
chr19,13063083,13076746,NO,13663
chr3,123750733,123754003,NO,3270
chr2,135157998,135178603,NO,20605
chr2,122352582,122403742,NO,51160
chr7,120708842,120727430,NO,18588
chr19,56185743,56189867,NO,4124
chr18,32170322,32192581,NO,22259
chr19,57872672,57875935,NO,3263
chr16,1819780,1824535,NO,4755
chr16,75532007,75536871,NO,4864
chr9,136930605,136934313,NO,3708
chr17,61510570,61525808,NO,15238
chr7,1493680,1501584,NO,7904
chr20,4661647,4670152,NO,8505
chr4,8136818,8167864,NO,31046
chr5,155107557,155113630,NO,6073
chr17,73006616,73009829,NO,3213
chr6,129966498,130007894,NO,41396
chr1,154528530,154532594,NO,4064
chr3,30467597,30497368,NO,29771
chr11,7596641,7600739,NO,4098
chr19,48747389,48763643,NO,16254
chr9,140091717,140096634,NO,4917
chr17,21145424,21164260,NO,18836
chrX,69208731,69234596,NO,25865
chr16,23508354,23522473,NO,14119
chr13,49065396,49081930,NO,16534
chr6,132269733,132273473,NO,3740
chr10,17028299,17052639,NO,24340
chr19,19499137,19518663,NO,19526
chr17,80525752,80572642,NO,46890
chr2,33357435,33363439,NO,6004
chr20,4030857,4051215,NO,20358
chr4,6769759,6782484,NO,12725
chr6,122720141,122725593,NO,5452
chr1,74877707,74899406,NO,21699
chr4,16846133,16869206,NO,23073
chr1,10587691,10601671,NO,13980
chr16,11733500,11735653,NO,2153
chr6,46002139,46022781,NO,20642
chr9,114796602,114845118,NO,48516
chr19,56151168,56155837,NO,4669
chrX,73510257,73513933,NO,3676
chr6,39896637,39907335,NO,10698
chr17,48253979,48256745,NO,2766
chrX,3732135,3734925,NO,2790
chr7,46638909,46644632,NO,5723
chr10,10833897,10848178,NO,14281
chr14,102719005,102732051,NO,13046
chr19,40916594,40918676,NO,2082
chr7,151294751,151305766,NO,11015
chr12,105839730,105880947,NO,41217
chr3,125074691,125097951,NO,23260
chr19,10336375,10349511,NO,13136
chr20,30594430,30607435,NO,13005
chr3,128930445,128964985,NO,34540
chr11,20131121,20135052,NO,3931
chr5,100235500,100240727,NO,5227
chr15,74889158,74892608,NO,3450
chr10,72822599,72829502,NO,6903
chr6,119668604,119672149,NO,3545
chr14,93005723,93016879,NO,11156
chrX,114794615,114797368,NO,2753
chr19,9419567,9421377,NO,1810
chr1,32965530,32969379,NO,3849
chr1,90068459,90082644,NO,14185
chrX,20283221,20287012,NO,3791
chr17,17727028,17729009,NO,1981
chr3,171110629,171139537,NO,28908
chr14,35754760,35773020,NO,18260
chr10,35701821,35714323,NO,12502
chr5,106801281,106826541,NO,25260
chr15,39718753,39731196,NO,12443
chr9,130658485,130662668,NO,4183
chr15,91444883,91447682,NO,2799
chr1,68593320,68616461,NO,23141
chr5,146782355,146797873,NO,15518
chr20,32250549,32256532,NO,5983
chr9,7143915,7149023,NO,5108
chr3,29320627,29333653,NO,13026
chr11,100585793,100611845,NO,26052
chr5,149399689,149425330,NO,25641
chr11,11588263,11614571,NO,26308
chr20,17805177,17831571,NO,26394
chrX,19584318,19598520,NO,14202
chr6,143247352,143249449,NO,2097
chr3,148716562,148739122,NO,22560
chr1,6407811,6421112,NO,13301
chr19,3034463,3037152,NO,2689
chr4,1184999,1197311,NO,12312
chr5,167473715,167535232,NO,61517
chr16,2202524,2212316,NO,9792
chr19,8941916,8944280,NO,2364
chr14,81635620,81637528,NO,1908
chr4,170184487,170193176,NO,8689
chr11,74383324,74409131,NO,25807
chr9,104160013,104163590,NO,3577
chr5,1882632,1888043,NO,5411
chr1,86967129,86970547,NO,3418
chr1,94556731,94563058,NO,6327
chr9,131580087,131583036,NO,2949
chr18,12640093,12653813,NO,13720
chr21,38876236,38906222,NO,29986
chr17,59390247,59417121,NO,26874
chr1,60372775,60389053,NO,16278
chr19,34755532,34765876,NO,10344
chr1,27624151,27628086,NO,3935
chr3,30722172,30738875,NO,16703
chr11,12401452,12434611,NO,33159
chr2,109933893,109949276,NO,15383
chr11,68163950,68181752,NO,17802
chrX,153712354,153715933,NO,3579
chr6,33556195,33559442,NO,3247
chr15,99485719,99499460,NO,13741
chr10,99472492,99475743,NO,3251
chr12,27406194,27446859,NO,40665
chr11,613633,616558,NO,2925
chr8,29956026,29977508,NO,21482
chr10,104004173,104007701,NO,3528
chr19,34307560,34313075,NO,5515
chr19,14199813,14203388,NO,3575
chr1,227102782,227112373,NO,9591
chr16,11588175,11592345,NO,4170
chr14,105556162,105561005,NO,4843
chr14,75703032,75706561,NO,3529
chr5,167598746,167615126,NO,16380
chrX,69696750,69702145,NO,5395
chr4,141228887,141231335,NO,2448
chr16,11221971,11236720,NO,14749
chr3,56933666,56964464,NO,30798
chr6,37095602,37113142,NO,17540
chr12,46917004,46952131,NO,35127
chr2,86449588,86463191,NO,13603
chr22,51051346,51081279,NO,29933
chr1,212399329,212421142,NO,21813
chr19,20146733,20163978,NO,17245
chr11,67350562,67353101,NO,2539
chr16,85547545,85570827,NO,23282
chr15,100044324,100053133,NO,8809
chr2,192087147,192113091,NO,25944
chr6,41417028,41420461,NO,3433
chr3,146254733,146262964,NO,8231
chr22,24638321,24644151,NO,5830
chr15,99210422,99221207,NO,10785
chr1,161087076,161090171,NO,3095
chr1,21899959,21912278,NO,12319
chr14,23789079,23792449,NO,3370
chr10,31071137,31075452,NO,4315
chr22,42054877,42072544,NO,17667
chr20,48035056,48045388,NO,10332
chr3,66161964,66170382,NO,8418
chr7,73685807,73709988,NO,24181
chr19,13892002,13908490,NO,16488
chr18,32308493,32323406,NO,14913
chr8,70744494,70747947,NO,3453
chr3,49536664,49540143,NO,3479
chr7,29283551,29305651,NO,22100
chrX,73754918,73757684,NO,2766
chr1,25942020,25946405,NO,4385
chr7,130670153,130698428,NO,28275
chr19,7597849,7601644,NO,3795
chr5,71168728,71189936,NO,21208
chr20,34458695,34475702,NO,17007
chr11,3852574,3863210,NO,10636
chr7,98739067,98742550,NO,3483
chr5,142302001,142318604,NO,16603
chr17,17779172,17782586,NO,3414
chr9,116966915,116970736,NO,3821
chr3,16398654,16418426,NO,19772
chr5,39398533,39425698,NO,27165
chr16,728799,732309,NO,3510
chr2,86501448,86519015,NO,17567
chr16,27233045,27270218,NO,37173
chr13,39959301,39992349,NO,33048
chr11,64560567,64572201,NO,11634
chr21,43343658,43354342,NO,10684
chr9,96896460,96904866,NO,8406
chr5,64330413,64334307,NO,3894
chr17,8212881,8231057,NO,18176
chr3,62858041,62861253,NO,3212
chr2,237999191,238007336,NO,8145
chr2,36659470,36696797,NO,37327
chr5,154571421,154575490,NO,4069
chr19,38488422,38496529,NO,8107
chr6,2846481,2859713,NO,13232
chr1,1259474,1263260,NO,3786
chr9,118916007,118920701,NO,4694
chr1,147070104,147073200,NO,3096
chr18,60382511,60385208,NO,2697
chr1,6549043,6559862,NO,10819
chr4,75891569,75897681,NO,6112
chr10,120784171,120787001,NO,2830
chrX,154254683,154257894,NO,3211
chr3,190204974,190217404,NO,12430
chr1,151913171,151919327,NO,6156
chr5,42943858,42952726,NO,8868
chr14,91039004,91051043,NO,12039
chr6,17408330,17440266,NO,31936
chr20,30424658,30434305,NO,9647
chr3,50392449,50397657,NO,5208
chr3,12720717,12736891,NO,16174
chr14,91130792,91144437,NO,13645
chr17,4875201,4879407,NO,4206
chr18,56553930,56581417,NO,27487
chr9,132015004,132024963,NO,9959
chr12,9259389,9288435,NO,29046
chr2,27272271,27275737,NO,3466
chr15,85987349,86023224,NO,35875
chr13,49321960,49326254,NO,4294
chr5,140936887,140944471,NO,7584
chr17,73029553,73033501,NO,3948
chr12,98884741,98898339,NO,13598
chr19,40938387,40940666,NO,2279
chr4,185360938,185379670,NO,18732
chr4,95327862,95336112,NO,8250
chr9,89559916,89564174,NO,4258
chr2,37731054,37736237,NO,5183
chr12,43128307,43137993,NO,9686
chr20,62371131,62373658,NO,2527
chr8,82191190,82195709,NO,4519
chr7,12746208,12771055,NO,24847
chr15,39916476,39921837,NO,5361
chr19,47759136,47761945,NO,2809
chr19,49216555,49220802,NO,4247
chr11,65210400,65216954,NO,6554
chr3,156533598,156536480,NO,2882
chr18,53444889,53449061,NO,4172
chr8,126340271,126355240,NO,14969
chr17,47903792,47929820,NO,26028
chr19,41168294,41178631,NO,10337
chr10,73845608,73871471,NO,25863
chr4,185455799,185459577,NO,3778
chr4,114456069,114478978,NO,22909
chr2,19546852,19548948,NO,2096
chr7,2047778,2060523,NO,12745
chr16,11098257,11129126,NO,30869
chr17,27043452,27048216,NO,4764
chr19,55990213,56006589,NO,16376
chr4,142135828,142145188,NO,9360
chr3,61832464,61835799,NO,3335
chr3,128266794,128293463,NO,26669
chr17,48209152,48212505,NO,3353
chr22,28262294,28289421,NO,27127
chr12,125197265,125215666,NO,18401
chr5,106550185,106555534,NO,5349
chr6,138750221,138763601,NO,13380
chr15,79069576,79074508,NO,4932
chr9,71031674,71036532,NO,4858
chr2,238187372,238206072,NO,18700
chr1,81872142,81912517,NO,40375
chr3,187945137,187950289,NO,5152
chr3,37963599,37999656,NO,36057
chr11,4662825,4670117,NO,7292
chr13,80704490,80716144,NO,11654
chr3,25545277,25564390,NO,19113
chr2,234294405,234297541,NO,3136
chr10,6092093,6129236,NO,37143
chr2,158687203,158713108,NO,25905
chrX,66996572,67005009,NO,8437
chr14,45602758,45605979,NO,3221
chr2,207316292,207330273,NO,13981
chr2,56410684,56414460,NO,3776
chr2,68992911,69004130,NO,11219
chr7,47609879,47617668,NO,7789
chr7,55132475,55169469,NO,36994
chr8,93020304,93034493,NO,14189
chr13,50960180,50997974,NO,37794
chr1,222816646,222818432,NO,1786
chr1,59478562,59486725,NO,8163
chr18,8138161,8143265,NO,5104
chr2,135807633,135824249,NO,16616
chr19,703111,728870,NO,25759
chr1,72747493,72751184,NO,3691
chr7,75795140,75796893,NO,1753
chr4,6910056,6929067,NO,19011
chr20,23082932,23102180,NO,19248
chr2,64629825,64633829,NO,4004
chr6,170444109,170483621,NO,39512
chr5,95569908,95595788,NO,25880
chr15,68990608,68998465,NO,7857
chr6,159543989,159548477,NO,4488
chrX,34670790,34676127,NO,5337
chr15,58621962,58626032,NO,4070
chr12,47352822,47360604,NO,7782
chr13,107332276,107367185,NO,34909
chr11,67312151,67332276,NO,20125
chr14,22951004,22966965,NO,15961
chr7,154996771,155001800,NO,5029
chr17,29813640,29838619,NO,24979
chr11,69063747,69066931,NO,3184
chr7,66056072,66057836,NO,1764
chr6,167340039,167343944,NO,3905
chr12,77271823,77274831,NO,3008
chr2,175862923,175880869,NO,17946
chr17,17751203,17756040,NO,4837
chr19,45594006,45603707,NO,9701
chr17,43178926,43183202,NO,4276
chr11,119648794,119654200,NO,5406
chr13,48683510,48702190,NO,18680
chr2,17719605,17722479,NO,2874
chr22,28422980,28431867,NO,8887
chr21,44596182,44599749,NO,3567
chr20,52531241,52576921,NO,45680
chr17,25675648,25681842,NO,6194
chr12,27331864,27351664,NO,19800
chr3,99758541,99767341,NO,8800
chr2,121669867,121678238,NO,8371
chr2,70358667,70361864,NO,3197
chr5,131722070,131726352,NO,4282
chr2,179454303,179501622,NO,47319
chr3,190283303,190305115,NO,21812
chr18,30040250,30051799,NO,11549
chr15,99319638,99349690,NO,30052
chr8,142031130,142049746,NO,18616
chr17,55737986,55744041,NO,6055
chr5,755385,760548,NO,5163
chr17,55517106,55533553,NO,16447
chr8,124022470,124052194,NO,29724
chr1,180894375,180898191,NO,3816
chr1,16573226,16593577,NO,20351
chr6,35452568,35460932,NO,8364
chr10,10952602,10957207,NO,4605
chr1,2456801,2462704,NO,5903
chr1,1554679,1569802,NO,15123
chr5,65948763,65986034,NO,37271
chr7,37371211,37397825,NO,26614
chr15,35008056,35015222,NO,7166
chr2,106359885,106364385,NO,4500
chr15,58731505,58734725,NO,3220
chr11,44005862,44015430,NO,9568
chr14,65170345,65192273,NO,21928
chr3,197438324,197446195,NO,7871
chr2,173241781,173274905,NO,33124
chr7,44787284,44791456,NO,4172
chr8,81937570,81984665,NO,47095
chr19,53581151,53601032,NO,19881
chr2,241523910,241527448,NO,3538
chr9,86080744,86093053,NO,12309
chr15,22903611,22924231,NO,20620
chr17,80445262,80456336,NO,11074
chr9,121786269,121790806,NO,4537
chr22,46546588,46548865,NO,2277
chr20,35571298,35581019,NO,9721
chr6,2874361,2878206,NO,3845
chrX,13096530,13143645,NO,47115
chr16,4094563,4115375,NO,20812
chr10,21782647,21786667,NO,4020
chr11,3167398,3191623,NO,24225
chr6,10746953,10760961,NO,14008
chr1,8557081,8586638,NO,29557
chr1,74928870,74951929,NO,23059
chr2,73209579,73217880,NO,8301
chr17,34039643,34045835,NO,6192
chr10,3944299,3962489,NO,18190
chr6,152689777,152703125,NO,13348
chr2,47496339,47502778,NO,6439
chrX,43551147,43568736,NO,17589
chr8,18595251,18615027,NO,19776
chr1,158114621,158120318,NO,5697
chr12,124468330,124484031,NO,15701
chr13,58204708,58209495,NO,4787
chr5,81629914,81654418,NO,24504
chr6,144664660,144686322,NO,21662
chr4,141346084,141349437,NO,3353
chr19,13971547,13973470,NO,1923
chr7,135354621,135379191,NO,24570
chr5,142507858,142535242,NO,27384
chr3,52462565,52469377,NO,6812
chr15,78263818,78268738,NO,4920
chr5,140976730,140985749,NO,9019
chr16,68329273,68335394,NO,6121
chr2,42151819,42175666,NO,23847
chr10,23383493,23386634,NO,3141
chr5,112610517,112631518,NO,21001
chr1,223958342,223964580,NO,6238
chr22,50620998,50630141,NO,9143
chr18,71944484,71956689,NO,12205
chr1,151168492,151173185,NO,4693
chr22,43089759,43092045,NO,2286
chr10,73924795,73947342,NO,22547
chr15,64979793,64993527,NO,13734
chr15,63049733,63076416,NO,26683
chr15,64424018,64452763,NO,28745
chr5,71402371,71406618,NO,4247
chr6,52897524,52924798,NO,27274
chr8,102120208,102122765,NO,2557
chr8,30136508,30138423,NO,1915
chr3,99638438,99677808,NO,39370
chr7,55636416,55642202,NO,5786
chr14,105880514,105897799,NO,17285
chr17,65464998,65488009,NO,23011
chr6,33544392,33548777,NO,4385
chr11,123298058,123302327,NO,4269
chr2,71830116,71843586,NO,13470
chr9,129783828,129821104,NO,37276
chr1,13909887,13928029,NO,18142
chr2,65576716,65611790,NO,35074
chr9,139619862,139623696,NO,3834
chr9,140280741,140286277,NO,5536
chr8,38265310,38282318,NO,17008
chr1,20354338,20365753,NO,11415
chr4,177150367,177160444,NO,10077
chr18,57169000,57184671,NO,15671
chr17,43441713,43458560,NO,16847
chr16,30958968,30963293,NO,4325
chr6,34884510,34910444,NO,25934
chr6,134833563,134862675,NO,29112
chr4,82390811,82393852,NO,3041
chr15,90937432,90964301,NO,26869
chr17,17717267,17721488,NO,4221
chr15,71884143,71892767,NO,8624
chr9,71437439,71457443,NO,20004
chr1,183838720,183863535,NO,24815
chr11,111793553,111796230,NO,2677
chr17,17130922,17136389,NO,5467
chr18,11946510,11948512,NO,2002
chr1,167682401,167684899,NO,2498
chr5,142122861,142134107,NO,11246
chr12,123751962,123757269,NO,5307
chr17,2755673,2767197,NO,11524
chr6,109287606,109294265,NO,6659
chr8,131368925,131371721,NO,2796
chr15,31527347,31529973,NO,2626
chr1,153892477,153902214,NO,9737
chr14,25276039,25288737,NO,12698
chr17,3414457,3417483,NO,3026
chr9,136097975,136114912,NO,16937
chr7,101457144,101483017,NO,25873
chr1,208021064,208027167,NO,6103
chr17,1977369,1981391,NO,4022
chr20,62603398,62613245,NO,9847
chr10,4282651,4306483,NO,23832
chr3,112073474,112095152,NO,21678
chr12,117255905,117257744,NO,1839
chr1,201602339,201620467,NO,18128
chr1,41883875,41899487,NO,15612
chr3,193787753,193789780,NO,2027
chr17,41164759,41172766,NO,8007
chr3,114212961,114238816,NO,25855
chr7,70728249,70751979,NO,23730
chr22,19107819,19110812,NO,2993
chr8,13007877,13026551,NO,18674
chr1,35255782,35265073,NO,9291
chr9,95360277,95374637,NO,14360
chr13,111853702,111872099,NO,18397
chr1,28827499,28837093,NO,9594
chr6,133561297,133564936,NO,3639
chr16,68290989,68296335,NO,5346
chr16,3998618,4022247,NO,23629
chr11,73691137,73695425,NO,4288
chr13,27844308,27850658,NO,6350
chr2,217637391,217640600,NO,3209
chr9,124319617,124331740,NO,12123
chr6,15416839,15433990,NO,17151
chr3,119133646,119138850,NO,5204
chr7,66099813,66102102,NO,2289
chr6,35685897,35688964,NO,3067
chr17,18574305,18576777,NO,2472
chr7,140204928,140208658,NO,3730
chr19,24215663,24217786,NO,2123
chr22,29949111,29960854,NO,11743
chr7,8250306,8277066,NO,26760
chr3,127629271,127636531,NO,7260
chr1,145541382,145544128,NO,2746
chr5,36609830,36625381,NO,15551
chr10,104086535,104103353,NO,16818
chr4,129276193,129293084,NO,16891
chr3,128838277,128842235,NO,3958
chr1,38395506,38398130,NO,2624
chr10,69522944,69524985,NO,2041
chr1,2063552,2080957,NO,17405
chr17,16289761,16322588,NO,32827
chr10,99178701,99188724,NO,10023
chr18,13450360,13472742,NO,22382
chr20,47366875,47381752,NO,14877
chr8,38613682,38649070,NO,35388
chr6,112064444,112083548,NO,19104
chr19,2948960,2951023,NO,2063
chr15,74606919,74613135,NO,6216
chr4,23370448,23377010,NO,6562
chr9,71144551,71162210,NO,17659
chr13,32999882,33003784,NO,3902
chr18,44334464,44349993,NO,15529
chr15,75181092,75184490,NO,3398
chrX,48533868,48536505,NO,2637
chr2,223911823,223922876,NO,11053
chr1,10105383,10135381,NO,29998
chr10,29920573,29925369,NO,4796
chr12,32551602,32553638,NO,2036
chr2,66703835,66735690,NO,31855
chr9,103188349,103191979,NO,3630
chr6,29617137,29625402,NO,8265
chr3,197077349,197083899,NO,6550
chr13,32769871,32786623,NO,16752
chr12,112210940,112214622,NO,3682
chr6,164122116,164134428,NO,12312
chr1,201416875,201431714,NO,14839
chr3,65534368,65564094,NO,29726
chr12,58229099,58233369,NO,4270
chr12,102268823,102272895,NO,4072
chr22,43473100,43498408,NO,25308
chr8,22550740,22554112,NO,3372
chr1,208007962,208013111,NO,5149
chr18,60087926,60119104,NO,31178
chr6,144535988,144538925,NO,2937
chr1,209957191,209961625,NO,4434
chr1,2157831,2159386,NO,1555
chr16,68270302,68272354,NO,2052
chr10,24581868,24597761,NO,15893
chr7,50858967,50862238,NO,3271
chr1,45096680,45098899,NO,2219
chr10,106015971,106022896,NO,6925
chr19,41192329,41198222,NO,5893
chr5,108062641,108064811,NO,2170
chr19,7981331,7994760,NO,13429
chr20,54981587,54998534,NO,16947
chr1,183203202,183213986,NO,10784
chr2,38318468,38341937,NO,23469
chr2,37423118,37424734,NO,1616
chr5,148783915,148791054,NO,7139
chr10,29606946,29619043,NO,12097
chr7,44161142,44164290,NO,3148
chr14,24604261,24608204,NO,3943
chr1,148555339,148557346,NO,2007
chr7,45196354,45202809,NO,6455
chr15,56283599,56299784,NO,16185
chr9,86781589,86797648,NO,16059
chr1,223189475,223207399,NO,17924
chr1,231980680,231998190,NO,17510
chr1,214279431,214285828,NO,6397
chr7,6198603,6219054,NO,20451
chr7,132148089,132165958,NO,17869
chr1,153669287,153672270,NO,2983
chr22,41684025,41705084,NO,21059
chr19,55717916,55740897,NO,22981
chr12,66520866,66549416,NO,28550
chr10,99445003,99448654,NO,3651
chr9,92754290,92765652,NO,11362
chr2,1565422,1630002,NO,64580
chr12,3947786,3948699,NO,913
chr14,59678978,59705516,NO,26538
chr20,33703215,33725065,NO,21850
chr19,488203,490289,NO,2086
chr17,77792916,77814213,NO,21297
chr12,52518717,52522132,NO,3415
chr6,139183083,139194397,NO,11314
chr12,53717364,53720026,NO,2662
chr14,24778841,24782926,NO,4085
chr6,125905099,125919996,NO,14897
chr2,98484889,98488629,NO,3740
chr16,66432759,66443102,NO,10343
chr22,43106920,43109665,NO,2745
chr12,57844261,57856836,NO,12575
chr2,219123171,219127330,NO,4159
chr3,171358239,171373627,NO,15388
chr1,230847586,230867486,NO,19900
chr1,149215245,149225251,NO,10006
chr6,163506299,163520620,NO,14321
chr1,158969081,158986123,NO,17042
chr11,34363403,34369017,NO,5614
chr8,61760480,61778430,NO,17950
chr7,150163528,150182733,NO,19205
chr4,147143464,147165368,NO,21904
chr9,38648460,38653358,NO,4898
chr20,24445527,24459802,NO,14275
chr11,48190345,48205347,NO,15002
chr3,186098116,186102371,NO,4255
chr1,1330588,1336925,NO,6337
chr1,54952960,54955755,NO,2795
chr15,74084685,74103170,NO,18485
chrX,153599783,153603800,NO,4017
chr22,30169003,30179017,NO,10014
chr1,218518010,218548553,NO,30543
chr7,73092914,73098604,NO,5690
chr17,4736134,4742234,NO,6100
chr16,4161922,4167508,NO,5586
chr17,26901055,26909097,NO,8042
chr3,194979018,194981887,NO,2869
chr6,85471875,85484889,NO,13014
chr1,52078029,52089199,NO,11170
chr1,53067152,53070573,NO,3421
chr2,7003625,7007962,NO,4337
chr14,61793536,61824691,NO,31155
chr4,56038001,56051842,NO,13841
chr17,3731175,3740006,NO,8831
chr1,36785717,36790651,NO,4934
chr6,109401076,109413143,NO,12067
chr11,66622170,66625531,NO,3361
chr1,155909469,155912920,NO,3451
chr12,56913582,56921502,NO,7920
chr19,56145399,56148359,NO,2960
chr1,74844958,74864147,NO,19189
chr3,170891257,170918672,NO,27415
chr14,25469654,25480165,NO,10511
chr11,826635,831009,NO,4374
chr18,29952282,29966936,NO,14654
chr5,172746368,172756730,NO,10362
chr16,84828012,84871028,NO,43016
chr17,45763787,45785187,NO,21400
chr20,48502975,48527751,NO,24776
chr2,218247366,218261446,NO,14080
chr18,22861522,22880250,NO,18728
chr22,25506307,25517279,NO,10972
chr1,68638308,68642342,NO,4034
chr1,51791278,51797922,NO,6644
chr6,149774658,149777071,NO,2413
chr17,40900567,40915887,NO,15320
chr15,77192592,77198723,NO,6131
chr1,46636449,46641485,NO,5036
chr19,8302626,8316753,NO,14127
chr19,41640534,41642626,NO,2092
chr1,41567447,41576263,NO,8816
chr1,46648223,46651977,NO,3754
chr3,23988594,24005099,NO,16505
chr1,1092827,1094532,NO,1705
chr2,85875718,85891405,NO,15687
chr11,56998204,57013357,NO,15153
chrX,41301009,41328815,NO,27806
chr17,1944214,1947396,NO,3182
chr6,82603901,82620667,NO,16766
chrX,56589421,56592269,NO,2848
chr13,29104606,29107881,NO,3275
chr12,112553933,112561361,NO,7428
chr6,43234897,43239360,NO,4463
chr2,235860591,235870030,NO,9439
chr5,60920602,60928164,NO,7562
chr2,206564577,206580043,NO,15466
chr4,121977822,121994467,NO,16645
chr19,53399666,53401768,NO,2102
chr1,198222554,198240565,NO,18011
chr10,43950158,43952175,NO,2017
chr14,50505474,50529187,NO,23713
chr1,155056912,155058683,NO,1771
chr11,116737489,116757350,NO,19861
chr14,65243585,65247008,NO,3423
chr19,19570099,19576078,NO,5979
chr14,50465573,50471034,NO,5461
chr3,142884121,142898055,NO,13934
chr9,139584296,139586499,NO,2203
chr8,134257859,134269580,NO,11721
chr9,127622642,127626716,NO,4074
chr13,40763947,40780884,NO,16937
chr19,56028184,56038606,NO,10422
chr5,126253568,126258155,NO,4587
chr13,47169185,47191903,NO,22718
chr7,120655065,120682480,NO,27415
chr16,88951846,88955751,NO,3905
chr9,37915784,37923587,NO,7803
chr7,33037311,33040597,NO,3286
chr19,16363794,16371735,NO,7941
chr2,217436563,217440328,NO,3765
chr19,35452025,35455505,NO,3480
chr15,74007571,74021264,NO,13693
chr6,157848459,157860392,NO,11933
chr8,124415100,124427358,NO,12258
chr8,134402490,134420277,NO,17787
chr10,77187433,77192946,NO,5513
chr12,65123707,65130472,NO,6765
chr2,36615568,36642786,NO,27218
chr1,144593033,144594995,NO,1962
chr3,194817496,194824963,NO,7467
chr16,1558321,1561235,NO,2914
chr8,128929422,128941319,NO,11897
chr9,133958450,133993625,NO,35175
chr3,186077640,186084411,NO,6771
chr5,31770063,31787046,NO,16983
chr9,107536912,107541523,NO,4611
chr9,27110963,27125454,NO,14491
chr17,26971023,26974227,NO,3204
chr11,118305468,118313110,NO,7642
chr17,75281961,75285148,NO,3187
chr17,63451695,63482791,NO,31096
chr10,123992597,124025867,NO,33270
chr1,235182733,235187654,NO,4921
chr3,140812084,140835554,NO,23470
chrX,149107633,149109736,NO,2103
chr3,183164694,183171849,NO,7155
chr1,36664834,36666944,NO,2110
chr16,4816416,4819578,NO,3162
chr11,65879351,65895426,NO,16075
chr2,9878142,9880276,NO,2134
chr10,98373642,98380480,NO,6838
chr19,50701651,50709461,NO,7810
chr10,20104172,20118565,NO,14393
chr1,1778131,1805736,NO,27605
chr2,110969208,110970495,NO,1287
chr3,41012162,41018708,NO,6546
chr8,68871635,68897587,NO,25952
chr9,138882726,138886296,NO,3570
chr7,55754748,55758034,NO,3286
chr22,18571391,18575602,NO,4211
chrX,24042228,24044952,NO,2724
chr12,606605,623378,NO,16773
chr11,82744149,82764561,NO,20412
chr19,10675641,10680233,NO,4592
chr1,229999025,230001399,NO,2374
chr7,769606,789443,NO,19837
chr6,105706474,105723287,NO,16813
chr22,40887552,40909465,NO,21913
chr9,97817422,97823510,NO,6088
chr1,43389278,43391128,NO,1850
chr2,238050404,238071000,NO,20596
chr1,222987414,222989367,NO,1953
chr19,2149417,2152562,NO,3145
chr4,65264160,65289056,NO,24896
chr1,8013588,8014942,NO,1354
chr6,44222983,44226258,NO,3275
chr19,58665350,58667068,NO,1718
chr1,9340506,9364404,NO,23898
chr9,132646749,132651659,NO,4910
chr6,25991717,25993783,NO,2066
chr10,124066740,124068877,NO,2137
chr13,23946309,23952587,NO,6278
chr22,40653956,40674459,NO,20503
chr1,194024763,194040214,NO,15451
chr18,12315310,12346773,NO,31463
chr3,184524309,184540300,NO,15991
chr8,133154468,133157094,NO,2626
chr19,4447984,4458482,NO,10498
chr4,140729352,140739464,NO,10112
chr1,25565582,25567536,NO,1954
chr17,42117239,42144763,NO,27524
chr6,3159857,3167154,NO,7297
chr20,33864263,33867225,NO,2962
chr3,51426665,51430138,NO,3473
chr7,77647937,77650141,NO,2204
chr1,150546607,150548835,NO,2228
chr2,191884807,191886630,NO,1823
chr7,32625288,32629525,NO,4237
chr16,3898859,3927514,NO,28655
chr19,4795090,4813711,NO,18621
chr19,3932687,3935315,NO,2628
chr17,28086990,28089078,NO,2088
chr1,198170922,198206246,NO,35324
chr2,30400338,30404535,NO,4197
chr9,126100707,126103271,NO,2564
chr18,53252530,53257902,NO,5372
chrX,109168694,109172364,NO,3670
chr11,119760871,119764173,NO,3302
chr19,12097938,12099991,NO,2053
chr13,97954970,97996043,NO,41073
chr15,86292474,86330296,NO,37822
chr5,148344468,148359429,NO,14961
chr15,69017838,69024439,NO,6601
chr9,12774792,12778588,NO,3796
chr6,122447928,122451899,NO,3971
chr3,187987278,187991502,NO,4224
chr14,54419063,54424014,NO,4951
chr15,34872047,34876611,NO,4564
chr3,9290169,9294210,NO,4041
chr19,42004234,42008111,NO,3877
chr6,27445867,27447922,NO,2055
chr7,44169720,44173437,NO,3717
chr7,75070925,75072751,NO,1826
chr10,132098370,132100591,NO,2221
chr19,58330426,58342367,NO,11941
chr14,92339000,92368898,NO,29898
chr1,154296999,154302043,NO,5044
chr7,75357172,75370758,NO,13586
chr9,99636506,99638526,NO,2020
chr12,110421323,110434780,NO,13457
chr6,125661464,125685503,NO,24039
chr7,18537815,18565831,NO,28016
chr4,53707607,53743588,NO,35981
chr1,7422644,7430480,NO,7836
chrX,129064698,129067424,NO,2726
chr1,26826504,26828603,NO,2099
chr16,86898556,86901374,NO,2818
chr8,131026615,131029733,NO,3118
chr5,115907679,115912496,NO,4817
chr3,48964290,48987166,NO,22876
chr9,137346981,137349343,NO,2362
chr13,34083016,34084991,NO,1975
chr1,212808429,212813022,NO,4593
chr10,126246172,126250584,NO,4412
chr10,90639297,90642524,NO,3227
chr10,621571,641337,NO,19766
chr7,36191640,36196387,NO,4747
chr4,57842704,57846001,NO,3297
chr13,100148077,100152046,NO,3969
chr3,158280374,158291166,NO,10792
chr22,46582892,46598303,NO,15411
chr2,18701121,18708419,NO,7298
chrX,48447948,48451032,NO,3084
chr12,49616438,49629593,NO,13155
chrX,149673366,149678063,NO,4697
chr1,113931019,113934839,NO,3820
chr9,130587948,130592469,NO,4521
chr16,67890406,67893235,NO,2829
chr3,168852095,168867867,NO,15772
chr10,80161195,80169681,NO,8486
chr9,131830373,131833264,NO,2891
chr12,95334506,95349150,NO,14644
chr8,124168615,124173985,NO,5370
chr19,37803224,37809270,NO,6046
chr1,178900803,178909270,NO,8467
chr5,179084185,179085996,NO,1811
chr5,55775224,55778517,NO,3293
chr1,94129847,94145452,NO,15605
chr15,73975623,73981978,NO,6355
chr4,140215961,140217930,NO,1969
chr6,13066173,13080948,NO,14775
chr7,101707062,101724977,NO,17915
chr1,167190066,167192316,NO,2250
chr5,172589501,172596390,NO,6889
chr8,127508676,127514697,NO,6021
chr12,11964251,11992636,NO,28385
chr3,118957506,118962624,NO,5118
chr1,229404835,229408844,NO,4009
chr15,63286428,63293443,NO,7015
chr18,8614730,8627965,NO,13235
chr11,75944755,75948203,NO,3448
chr12,94647651,94658353,NO,10702
chr5,58485044,58503553,NO,18509
chr17,43485761,43504010,NO,18249
chr5,132106036,132114187,NO,8151
chr19,1872286,1874623,NO,2337
chr14,34597426,34601492,NO,4066
chr4,184796157,184798981,NO,2824
chr17,41655117,41670365,NO,15248
chr6,168357261,168371323,NO,14062
chr17,43187646,43190336,NO,2690
chr15,96589909,96597886,NO,7977
chr17,80224812,80226764,NO,1952
chr21,17905857,17909774,NO,3917
chr10,92835461,92851308,NO,15847
chr20,57579030,57593164,NO,14134
chr8,100904127,100906617,NO,2490
chr6,139291019,139308031,NO,17012
chr14,95980202,95987081,NO,6879
chr2,100240902,100288096,NO,47194
chr15,90717162,90720175,NO,3013
chr15,81452501,81483473,NO,30972
chr15,65008875,65012757,NO,3882
chr6,6653852,6662978,NO,9126
chr2,242549036,242559117,NO,10081
chr4,47732634,47758431,NO,25797
chr4,12487216,12503477,NO,16261
chr13,34208694,34219883,NO,11189
chr14,100658388,100660321,NO,1933
chr11,27489774,27495114,NO,5340
chr19,49989792,49994042,NO,4250
chrX,53709151,53712093,NO,2942
chr8,22523902,22527474,NO,3572
chr19,49480853,49484103,NO,3250
chr7,44119426,44122348,NO,2922
chr7,36074650,36088900,NO,14250
chr19,50860237,50878498,NO,18261
chr12,2634687,2671573,NO,36886
chr21,35340387,35350126,NO,9739
chr10,94350213,94353327,NO,3114
chr2,102842621,102858033,NO,15412
chr3,187699120,187705260,NO,6140
chr5,135328643,135373669,NO,45026
chr9,2486834,2498643,NO,11809
chr19,44171580,44175068,NO,3488
chr19,56121801,56125113,NO,3312
chr18,72873359,72884842,NO,11483
chr2,219231550,219236426,NO,4876
chr14,77181185,77194388,NO,13203
chr10,126630767,126636872,NO,6105
chr19,14246902,14249999,NO,3097
chr21,44141032,44162169,NO,21137
chr3,171918592,171939561,NO,20969
chr5,141911625,141931804,NO,20179
chr12,57996045,58000447,NO,4402
chr11,17426465,17433384,NO,6919
chr7,21937739,21963583,NO,25844
chr12,109955223,109961785,NO,6562
chr3,138633472,138635502,NO,2030
chr3,53145877,53158470,NO,12593
chr2,228189103,228191214,NO,2111
chr8,49454860,49470579,NO,15719
chr5,179060653,179062203,NO,1550
chr3,177009379,177018842,NO,9463
chr1,29447967,29452424,NO,4457
chr17,79969877,79972700,NO,2823
chr21,30374403,30375935,NO,1532
chr12,93984618,93997987,NO,13369
chr11,78007535,78026438,NO,18903
chr6,157269970,157285618,NO,15648
chr15,90542112,90548828,NO,6716
chr19,2493966,2496684,NO,2718
chr1,232054856,232071197,NO,16341
chr2,101539727,101553305,NO,13578
chr2,87972872,87984231,NO,11359
chr15,91001962,91009489,NO,7527
chr2,89032462,89038932,NO,6470
chr17,40704907,40707692,NO,2785
chr1,61706703,61721794,NO,15091
chr19,50832534,50837844,NO,5310
chr2,65526468,65540985,NO,14517
chr1,21497563,21504146,NO,6583
chr3,128326344,128344370,NO,18026
chr6,32095021,32098435,NO,3414
chr17,78287,85178,NO,6891
chr20,23225821,23251657,NO,25836
chr18,46234606,46240614,NO,6008
chr1,70686593,70688144,NO,1551
chr6,53161733,53168973,NO,7240
chr2,5835555,5837795,NO,2240
chr22,29426002,29429142,NO,3140
chr22,18206719,18211449,NO,4730
chr4,7824469,7846679,NO,22210
chr20,17660442,17663101,NO,2659
chr18,72755219,72766217,NO,10998
chr3,124835110,124866879,NO,31769
chr8,23103625,23105559,NO,1934
chr8,74268428,74284691,NO,16263
chr18,74202522,74206845,NO,4323
chr5,90606966,90610473,NO,3507
chr14,23848890,23854374,NO,5484
chr3,139252350,139259115,NO,6765
chr11,30605210,30608715,NO,3505
chr17,40462256,40481926,NO,19670
chr3,57862340,57909216,NO,46876
chr3,16091904,16106981,NO,15077
chr12,121859672,121863474,NO,3802
chr10,31891290,31893682,NO,2392
chr1,76534322,76542941,NO,8619
chr1,155137850,155140790,NO,2940
chr16,3414431,3416318,NO,1887
chr6,74276124,74296605,NO,20481
chr10,45913505,45916760,NO,3255
chr8,146281793,146285608,NO,3815
chr1,3191780,3210228,NO,18448
chr1,7447827,7450905,NO,3078
chr12,1901207,1907131,NO,5924
chr10,30475032,30478706,NO,3674
chr20,34203416,34207569,NO,4153
chr6,123760574,123791151,NO,30577
chr19,1861622,1865622,NO,4000
chr14,95773440,95787652,NO,14212
chr10,71890304,71893507,NO,3203
chr4,144832683,144833843,NO,1160
chr12,96556847,96564864,NO,8017
chr2,213400759,213404301,NO,3542
chr1,95412884,95460445,NO,47561
chr14,32394434,32421058,NO,26624
chr3,73006113,73012118,NO,6005
chr2,85814576,85819521,NO,4945
chr1,182257752,182262966,NO,5214
chr14,105863622,105867220,NO,3598
chr7,1752356,1766690,NO,14334
chr22,43374063,43404411,NO,30348
chr5,139935669,139938595,NO,2926
chr22,43111957,43114128,NO,2171
chrX,129252366,129260343,NO,7977
chr3,38534595,38543379,NO,8784
chr3,61880223,61914272,NO,34049
chr13,51154553,51173387,NO,18834
chr10,975857,990971,NO,15114
chr11,17406737,17408841,NO,2104
chr1,46631718,46633767,NO,2049
chr17,43220335,43222836,NO,2501
chr16,74480245,74484573,NO,4328
chr1,32704597,32707724,NO,3127
chr17,15906221,15932377,NO,26156
chr9,127414159,127423162,NO,9003
chr1,48935707,48938881,NO,3174
chr7,136610244,136638989,NO,28745
chr11,65306919,65309852,NO,2933
chr1,53165670,53174380,NO,8710
chr2,112023759,112035155,NO,11396
chr3,61790356,61797948,NO,7592
chrX,152962569,152974050,NO,11481
chr18,47812574,47814837,NO,2263
chr13,45427564,45431741,NO,4177
chr13,24627111,24651184,NO,24073
chr19,14191407,14193708,NO,2301
chr7,95257193,95262776,NO,5583
chr2,30833989,30854561,NO,20572
chr1,230022394,230025734,NO,3340
chr14,76775908,76781638,NO,5730
chr9,13785767,13788647,NO,2880
chr6,14870858,14889402,NO,18544
chr1,16700624,16714308,NO,13684
chr5,137992604,138006202,NO,13598
chr10,100219841,100227535,NO,7694
chr12,70926722,70944600,NO,17878
chr12,51316338,51329468,NO,13130
chr13,72438163,72441955,NO,3792
chr19,11487635,11492980,NO,5345
chr11,114163450,114179395,NO,15945
chr7,2433774,2450720,NO,16946
chr8,94831470,94850990,NO,19520
chr7,8321771,8327540,NO,5769
chr17,5486527,5490007,NO,3480
chr5,114790173,114808810,NO,18637
chr8,127567484,127571458,NO,3974
chr4,53447571,53477830,NO,30259
chr3,172229592,172238940,NO,9348
chr3,160815011,160820814,NO,5803
chr14,65224239,65230342,NO,6103
chr5,174998314,175007360,NO,9046
chr3,5054644,5068986,NO,14342
chr9,118700848,118707917,NO,7069
chr22,22191221,22219850,NO,28629
chr19,47659959,47662934,NO,2975
chr9,97540994,97546004,NO,5010
chr2,8259038,8287145,NO,28107
chr6,112192268,112195567,NO,3299
chr2,11622793,11639714,NO,16921
chr11,10951886,10956163,NO,4277
chr22,51137136,51154200,NO,17064
chr4,79472248,79491111,NO,18863
chr9,123835988,123838234,NO,2246
chr1,41822703,41832857,NO,10154
chr19,36584224,36593289,NO,9065
chr13,33803033,33810916,NO,7883
chr1,56818185,56825349,NO,7164
chr1,161695334,161697807,NO,2473
chr5,148834658,148837422,NO,2764
chrX,53252523,53255298,NO,2775
chr12,19189286,19193506,NO,4220
chr16,66773434,66777070,NO,3636
chr16,31122712,31126369,NO,3657
chr3,48053166,48061509,NO,8343
chr17,25570966,25593058,NO,22092
chr16,24742907,24771235,NO,28328
chr1,10916839,10923825,NO,6986
chr14,31888662,31890531,NO,1869
chr10,93881188,93886349,NO,5161
chr8,124698966,124718359,NO,19393
chr13,97765697,97778945,NO,13248
chr15,30151408,30182179,NO,30771
chr14,32693939,32701356,NO,7417
chr1,112486568,112504903,NO,18335
chr5,148821688,148824179,NO,2491
chr7,641608,645264,NO,3656
chr5,158868159,158884446,NO,16287
chr20,5994549,6019595,NO,25046
chr14,23513073,23518534,NO,5461
chr1,112461301,112464587,NO,3286
chr20,36836479,36847125,NO,10646
chr16,24786748,24793898,NO,7150
chr7,63766641,63775200,NO,8559
chr13,50189569,50204844,NO,15275
chr2,71926854,71929424,NO,2570
chr9,34083047,34097383,NO,14336
chr13,49343456,49358756,NO,15300
chr9,135928824,135931617,NO,2793
chr1,65382548,65400992,NO,18444
chr14,100252358,100260538,NO,8180
chr3,32440152,32464356,NO,24204
chr8,10487152,10494960,NO,7808
chr17,46100476,46103779,NO,3303
chr9,109936311,109939520,NO,3209
chr11,10791817,10807297,NO,15480
chr10,29820799,29825893,NO,5094
chr5,177854625,177857194,NO,2569
chr8,119016399,119038246,NO,21847
chr1,28285317,28288752,NO,3435
chr19,54710154,54714518,NO,4364
chr20,42929928,42936103,NO,6175
chr8,49493529,49505212,NO,11683
chr4,55984458,55992542,NO,8084
chr1,16532214,16545227,NO,13013
chr10,29753797,29766855,NO,13058
chr21,37521886,37529999,NO,8113
chr22,51001107,51003465,NO,2358
chr6,3345750,3357575,NO,11825
chr6,140283775,140312448,NO,28673
chr5,14798250,14831298,NO,33048
chr18,13374609,13383663,NO,9054
chr3,26139797,26148497,NO,8700
chr7,116588273,116592520,NO,4247
chr15,101978843,102010502,NO,31659
chr12,74931002,74933720,NO,2718
chr6,154911872,154919231,NO,7359
chr1,20932373,20943786,NO,11413
chr10,72217575,72220209,NO,2634
chr4,114066516,114069383,NO,2867
chr22,24454942,24504876,NO,49934
chr8,81489683,81491897,NO,2214
chr22,39678268,39680473,NO,2205
chr4,3321531,3334079,NO,12548
chr1,244012048,244014854,NO,2806
chr16,71517578,71519181,NO,1603
chr2,27300672,27305309,NO,4637
chr8,141597645,141609438,NO,11793
chr15,42443654,42464913,NO,21259
chr16,54227111,54229207,NO,2096
chr16,86685419,86715882,NO,30463
chr1,233829421,233859828,NO,30407
chr6,143192709,143207064,NO,14355
chr14,90067639,90086136,NO,18497
chr17,33639629,33642569,NO,2940
chr17,71470164,71478105,NO,7941
chr18,46500070,46503258,NO,3188
chr19,29373269,29377995,NO,4726
chr22,30591098,30605947,NO,14849
chr8,103024018,103055303,NO,31285
chr2,25496178,25502673,NO,6495
chr11,2799039,2803523,NO,4484
chr5,79436227,79449888,NO,13661
chr17,16188798,16191548,NO,2750
chr18,6054014,6059989,NO,5975
chr21,47793832,47797528,NO,3696
chr22,26920086,26924970,NO,4884
chr14,75037789,75066981,NO,29192
chr5,179218784,179224461,NO,5677
chr5,58646696,58654844,NO,8148
chr17,17640381,17643812,NO,3431
chr15,93159760,93168584,NO,8824
chr19,15512010,15516170,NO,4160
chr10,103646643,103658375,NO,11732
chr2,208866112,208879512,NO,13400
chr7,98413369,98425765,NO,12396
chr9,36142001,36164174,NO,22173
chr1,23795680,23808593,NO,12913
chr1,209846397,209863234,NO,16837
chr16,4135445,4144986,NO,9541
chr2,120989208,120999120,NO,9912
chr22,38027310,38031675,NO,4365
chr8,28911262,28937063,NO,25801
chr1,226584561,226592943,NO,8382
chr20,48552118,48555891,NO,3773
chr1,95319614,95332309,NO,12695
chr15,38360785,38366270,NO,5485
chr9,111725222,111736750,NO,11528
chr15,69749035,69756219,NO,7184
chr1,202167793,202172897,NO,5104
chr13,27031289,27052035,NO,20746
chr6,76058859,76085411,NO,26552
chr2,37550337,37553316,NO,2979
chr8,95751596,95773736,NO,22140
chr7,4652357,4682415,NO,30058
chr7,43940539,43946912,NO,6373
chr4,55934284,55947114,NO,12830
chr7,100199771,100203980,NO,4209
chr13,103549395,103556093,NO,6698
chr12,6942247,6943966,NO,1719
chr6,90878376,90905470,NO,27094
chr17,74735471,74745101,NO,9630
chr3,99842945,99883570,NO,40625
chr19,15946838,15948420,NO,1582
chr17,28666813,28674118,NO,7305
chr4,160318627,160323715,NO,5088
chr17,81009802,81016989,NO,7187
chr8,97505258,97508368,NO,3110
chr13,107184826,107189116,NO,4290
chr7,23147864,23169568,NO,21704
chr20,48007389,48018532,NO,11143
chr1,8136684,8158368,NO,21684
chr8,143819357,143821570,NO,2213
chr11,61393662,61395998,NO,2336
chr1,228335149,228339902,NO,4753
chrX,53315349,53320543,NO,5194
chr1,3035840,3056924,NO,21084
chr3,50370392,50372818,NO,2426
chr4,62999157,63005154,NO,5997
chr8,17207894,17221487,NO,13593
chr17,79897079,79900599,NO,3520
chr3,65467644,65472868,NO,5224
chr1,41509685,41513038,NO,3353
chr10,911035,919422,NO,8387
chr20,33110553,33117371,NO,6818
chr8,145747019,145749400,NO,2381
chr9,127613101,127616033,NO,2932
chr12,6586734,6589047,NO,2313
chr6,133361911,133389757,NO,27846
chr11,67231029,67233273,NO,2244
chr15,69366094,69377270,NO,11176
chr17,42214916,42226172,NO,11256
chr17,27134641,27140306,NO,5665
chr4,76998770,77011958,NO,13188
chr10,50314436,50324842,NO,10406
chr16,70413862,70426753,NO,12891
chr2,86254859,86266761,NO,11902
chr12,1313520,1330409,NO,16889
chr7,65613422,65618291,NO,4869
chr3,57741097,57743961,NO,2864
chr21,44767801,44783352,NO,15551
chr17,15287386,15319631,NO,32245
chr2,233923779,233927629,NO,3850
chr6,42395975,42422598,NO,26623
chr1,6848341,6872220,NO,23879
chr12,119809929,119820735,NO,10806
chr7,107102265,107121835,NO,19570
chr19,32839473,32865828,NO,26355
chr8,61965478,61972877,NO,7399
chr7,132734395,132747058,NO,12663
chr5,66438271,66463119,NO,24848
chr19,47288464,47292108,NO,3644
chr9,13568124,13589045,NO,20921
chr3,188107450,188125544,NO,18094
chr1,115872775,115883800,NO,11025
chr6,46184078,46188928,NO,4850
chr11,68881990,68891543,NO,9553
chr3,42555891,42558400,NO,2509
chr11,73728570,73731426,NO,2856
chr4,99933838,99944398,NO,10560
chr14,100679896,100688745,NO,8849
chr1,228122116,228136395,NO,14279
chr20,58608243,58610432,NO,2189
chr11,61292027,61304005,NO,11978
chr1,65356096,65364895,NO,8799
chr1,90222132,90229463,NO,7331
chr11,68810946,68819812,NO,8866
chr11,125242306,125247505,NO,5199
chr12,22029790,22045780,NO,15990
chr17,43661542,43664078,NO,2536
chr9,112182225,112200246,NO,18021
chr6,143835703,143838138,NO,2435
chr16,69427743,69438862,NO,11119
chr21,34774468,34777414,NO,2946
chr10,76599618,76615594,NO,15976
chr17,17599583,17604693,NO,5110
chr11,33793451,33802115,NO,8664
chr8,103612110,103614278,NO,2168
chrX,109324450,109332193,NO,7743
chr16,28722202,28724177,NO,1975
chr15,49719639,49732222,NO,12583
chr3,37777048,37784114,NO,7066
chr11,76520925,76549953,NO,29028
chrX,21728701,21744852,NO,16151
chr22,46462490,46464274,NO,1784
chr12,14979500,15000913,NO,21413
chr17,17043830,17056756,NO,12926
chr5,8456601,8458788,NO,2187
chr2,174013172,174026710,NO,13538
chr10,114812720,114847877,NO,35157
chr21,36260049,36263313,NO,3264
chr3,171961335,171979349,NO,18014
chr7,49663423,49678726,NO,15303
chr11,63973150,63976858,NO,3708
chr5,50217536,50220364,NO,2828
chr9,100771595,100784788,NO,13193
chr12,122709744,122710932,NO,1188
chr6,112003558,112008012,NO,4454
chr17,19629984,19632366,NO,2382
chr17,42917800,42929349,NO,11549
chr1,10212812,10222401,NO,9589
chr2,46714427,46727785,NO,13358
chr8,61085978,61108666,NO,22688
chr5,159713716,159717238,NO,3522
chr9,93861126,93864873,NO,3747
chr11,73489965,73491262,NO,1297
chr6,36856396,36896685,NO,40289
chr1,211589350,211590960,NO,1610
chr3,62075787,62086558,NO,10771
chrX,153647450,153650204,NO,2754
chr22,29290236,29315194,NO,24958
chr1,61799537,61804664,NO,5127
chr19,10116025,10121381,NO,5356
chr1,39592537,39599255,NO,6718
chr7,92346813,92355056,NO,8243
chr11,111655479,111665439,NO,9960
chr21,45284014,45288687,NO,4673
chr8,13128606,13134927,NO,6321
chr21,43678689,43684680,NO,5991
chr19,18266682,18282194,NO,15512
chr1,183773699,183792008,NO,18309
chr6,139571272,139584233,NO,12961
chr19,2126716,2130657,NO,3941
chr9,130255299,130258371,NO,3072
chr10,5333144,5341928,NO,8784
chr7,28387121,28396702,NO,9581
chr16,72880693,72885616,NO,4923
chr1,230239877,230256899,NO,17022
chr8,131652904,131664975,NO,12071
chr7,30854279,30857774,NO,3495
chr12,57822930,57825561,NO,2631
chr11,34262693,34300812,NO,38119
chr16,84139778,84145018,NO,5240
chr1,42127325,42129690,NO,2365
chr6,35435207,35438998,NO,3791
chr1,231112528,231115618,NO,3090
chr17,47336566,47338911,NO,2345
chr17,41797253,41798599,NO,1346
chr12,96488340,96502577,NO,14237
chr12,118964103,118983114,NO,19011
chr12,106130637,106143496,NO,12859
chr15,99596513,99603427,NO,6914
chr4,156596738,156627337,NO,30599
chr20,33165288,33172013,NO,6725
chr12,51417859,51420880,NO,3021
chr15,88943799,88946150,NO,2351
chr8,133770761,133785676,NO,14915
chr11,10372723,10374773,NO,2050
chr13,27538330,27558741,NO,20411
chr7,43003706,43013768,NO,10062
chr17,55554626,55567161,NO,12535
chr3,15142793,15145379,NO,2586
chr10,72189574,72192975,NO,3401
chr6,35325922,35339274,NO,13352
chr19,340578,344717,NO,4139
chr22,36137320,36149123,NO,11803
chr20,34652021,34653880,NO,1859
chr1,34040014,34045115,NO,5101
chr8,33369658,33372738,NO,3080
chr2,55450177,55457019,NO,6842
chr20,44835165,44852295,NO,17130
chr19,58068941,58072507,NO,3566
chr3,125800408,125803691,NO,3283
chr3,125774964,125780043,NO,5079
chr10,23631448,23659681,NO,28233
chr4,55079266,55100652,NO,21386
chr10,98779966,98784396,NO,4430
chr5,31853518,31862159,NO,8641
chr1,161499507,161503463,NO,3956
chr10,49513890,49515968,NO,2078
chr11,62200706,62212977,NO,12271
chr2,238311306,238323021,NO,11715
chr20,1913444,1917318,NO,3874
chr2,100798914,100815810,NO,16896
chr1,216773081,216775341,NO,2260
chr17,30810336,30824424,NO,14088
chr19,41856451,41862251,NO,5800
chr2,33233543,33248408,NO,14865
chr19,36230462,36232575,NO,2113
chr9,134391886,134394660,NO,2774
chr14,95854686,95858180,NO,3494
chr3,52504867,52526066,NO,21199
chr11,2902813,2907195,NO,4382
chr17,16438499,16440642,NO,2143
chr9,110903922,110914134,NO,10212
chr4,114355636,114374843,NO,19207
chr8,13349014,13370883,NO,21869
chr6,31461257,31464163,NO,2906
chr8,41157882,41165257,NO,7375
chr1,95660957,95673581,NO,12624
chr16,66981424,66984083,NO,2659
chr8,96680829,96706277,NO,25448
chr7,100047445,100048829,NO,1384
chr1,146498219,146505137,NO,6918
chr17,7508515,7515849,NO,7334
chr2,46149187,46163739,NO,14552
chr7,73948237,73951039,NO,2802
chr7,116510233,116517865,NO,7632
chr15,65092470,65099341,NO,6871
chr8,6451204,6460405,NO,9201
chr7,76211751,76214138,NO,2387
chr7,101682377,101693706,NO,11329
chr11,130048081,130052670,NO,4589
chr22,28837504,28839898,NO,2394
chr16,29831128,29834193,NO,3065
chr17,7489624,7494637,NO,5013
chr1,32134841,32141499,NO,6658
chr7,2771901,2775969,NO,4068
chr12,66275252,66287254,NO,12002
chr11,47306332,47310760,NO,4428
chr6,20400870,20405240,NO,4370
chr20,49056723,49101228,NO,44505
chr6,139154293,139166217,NO,11924
chr11,125034540,125040660,NO,6120
chr9,132144567,132147351,NO,2784
chr21,17790693,17799874,NO,9181
chr9,82186550,82193530,NO,6980
chr16,19812542,19822921,NO,10379
chr6,163680700,163686561,NO,5861
chr12,57627130,57634503,NO,7373
chr5,39005627,39019562,NO,13935
chr16,31880791,31892198,NO,11407
chr8,49831732,49834912,NO,3180
chr2,170361056,170371410,NO,10354
chr9,108281902,108282640,NO,738
chr19,18411229,18413407,NO,2178
chr1,112343140,112346234,NO,3094
chr3,188399572,188407311,NO,7739
chr4,123072824,123074556,NO,1732
chr15,63106697,63110678,NO,3981
chr5,32709605,32714693,NO,5088
chr14,71786257,71788874,NO,2617
chr7,7726281,7742949,NO,16668
chr19,38808945,38813301,NO,4356
chr2,169652364,169661299,NO,8935
chr2,179910885,179915096,NO,4211
chr7,64001713,64021941,NO,20228
chr1,26342600,26345683,NO,3083
chr11,125277674,125297384,NO,19710
chr13,111930115,111935871,NO,5756
chr10,7832366,7846787,NO,14421
chr9,133806947,133809335,NO,2388
chr14,105618218,105621874,NO,3656
chr12,10516241,10519107,NO,2866
chr2,233946938,233952063,NO,5125
chr7,73293480,73309419,NO,15939
chr21,45121938,45124145,NO,2207
chr5,138896917,138898471,NO,1554
chr3,29681336,29685480,NO,4144
chr2,164512631,164525120,NO,12489
chr13,77902528,77904506,NO,1978
chr2,67785816,67791860,NO,6044
chr6,4397339,4404847,NO,7508
chr3,12548987,12564965,NO,15978
chr7,22253598,22261027,NO,7429
chr11,57042130,57046138,NO,4008
chr6,16541219,16545476,NO,4257
chr5,111666853,111678681,NO,11828
chr14,77294031,77311683,NO,17652
chr15,88037730,88045834,NO,8104
chr9,124837883,124855891,NO,18008
chr1,23719666,23722343,NO,2677
chr1,171108523,171113060,NO,4537
chr1,92247563,92265807,NO,18244
chr4,13695133,13708684,NO,13551
chr2,9305299,9332298,NO,26999
chr13,114426906,114430527,NO,3621
chr3,51571827,51574127,NO,2300
chr20,46107712,46123822,NO,16110
chr7,76588861,76593908,NO,5047
chr3,182951729,182983632,NO,31903
chr21,34791992,34815142,NO,23150
chr11,111807292,111810347,NO,3055
chr1,92310241,92332649,NO,22408
chr10,14031591,14034817,NO,3226
chr6,5204124,5207879,NO,3755
chr2,10950796,10953758,NO,2962
chr11,67397834,67400848,NO,3014
chr16,5031247,5032945,NO,1698
chr5,71603156,71604980,NO,1824
chr14,21923388,21925207,NO,1819
chr8,101427991,101451174,NO,23183
chr17,69960118,69972927,NO,12809
chr8,26297897,26308287,NO,10390
chr3,119306269,119320569,NO,14300
chr12,12008318,12017589,NO,9271
chr11,6383215,6385187,NO,1972
chr15,72564065,72565957,NO,1892
chr22,25204575,25217035,NO,12460
chr20,49188876,49195428,NO,6552
chr18,59555738,59562313,NO,6575
chr2,230270543,230285059,NO,14516
chr12,14705531,14709037,NO,3506
chr7,158804952,158809041,NO,4089
chr2,165635554,165660828,NO,25274
chr11,44028480,44055532,NO,27052
chr19,34391804,34398443,NO,6639
chr10,91133356,91135456,NO,2100
chr6,133133504,133136467,NO,2963
chr3,8598132,8621615,NO,23483
chr1,2129565,2131553,NO,1988
chr1,217307459,217314584,NO,7125
chr3,186980776,186985293,NO,4517
chr11,9709113,9711998,NO,2885
chr15,83418149,83420252,NO,2103
chr7,6768726,6770498,NO,1772
chr19,3940549,3943785,NO,3236
chr15,74242636,74245360,NO,2724
chr1,178505157,178507884,NO,2727
chr1,182998089,183046067,NO,47978
chr19,46875747,46881254,NO,5507
chr16,89306916,89308512,NO,1596
chr12,58244766,58247839,NO,3073
chr4,1844546,1855744,NO,11198
chr4,129438159,129451011,NO,12852
chr6,19803984,19806091,NO,2107
chr3,196757205,196759338,NO,2133
chr15,69886331,69888988,NO,2657
chr17,79948415,79951126,NO,2711
chr6,148716470,148728763,NO,12293
chr1,10165315,10169790,NO,4475
chr5,141804778,141826230,NO,21452
chr11,15989056,15992874,NO,3818
chr8,26662356,26664997,NO,2641
chr6,159218856,159225394,NO,6538
chr16,75622487,75628782,NO,6295
chr2,38043712,38059312,NO,15600
chr5,112219142,112254955,NO,35813
chr19,36133948,36136689,NO,2741
chr1,204009902,204015949,NO,6047
chr6,87861090,87862771,NO,1681
chr12,64100067,64117538,NO,17471
chr19,42461355,42464067,NO,2712
chr20,5807132,5816829,NO,9697
chrX,50379957,50390111,NO,10154
chr8,99376315,99396044,NO,19729
chrX,150038344,150043668,NO,5324
chr6,30780564,30804691,NO,24127
chr10,23687987,23695412,NO,7425
chr6,20180349,20184201,NO,3852
chr5,58217805,58219959,NO,2154
chr12,7062032,7072281,NO,10249
chr15,82475644,82489406,NO,13762
chr6,126101324,126102733,NO,1409
chr10,92944401,92961363,NO,16962
chr1,150487221,150489278,NO,2057
chr11,77877685,77880743,NO,3058
chr6,17863487,17868552,NO,5065
chr9,137786498,137790854,NO,4356
chr1,227605895,227635854,NO,29959
chr12,58208946,58213244,NO,4298
chr16,2917661,2918896,NO,1235
chr8,25855564,25881581,NO,26017
chr2,62514456,62537310,NO,22854
chr8,38539407,38541954,NO,2547
chr14,25577838,25592265,NO,14427
chr22,46458482,46461645,NO,3163
chr4,8420500,8439715,NO,19215
chr10,29917370,29920442,NO,3072
chr19,4013755,4024672,NO,10917
chr15,71032787,71044475,NO,11688
chr8,142097931,142107090,NO,9159
chr9,139612808,139617875,NO,5067
chr3,11539665,11556403,NO,16738
chr1,151429215,151446296,NO,17081
chr10,133785287,133794148,NO,8861
chr8,102586173,102591304,NO,5131
chr15,59584665,59608580,NO,23915
chr2,27493373,27495911,NO,2538
chr18,33037952,33048165,NO,10213
chr6,15388921,15403894,NO,14973
chr4,105414552,105422049,NO,7497
chr7,44111411,44114492,NO,3081
chr12,58000530,58006206,NO,5676
chr2,71943008,71949132,NO,6124
chr7,47220992,47231191,NO,10199
chr20,56322683,56324696,NO,2013
chr15,76487888,76492304,NO,4416
chr8,123733033,123749258,NO,16225
chr12,31181752,31185495,NO,3743
chr2,9517024,9534116,NO,17092
chr1,155156930,155165222,NO,8292
chr2,69900734,69911198,NO,10464
chr1,176625191,176639331,NO,14140
chr11,65352986,65356674,NO,3688
chr19,41983796,41987417,NO,3621
chr10,64575369,64578278,NO,2909
chr10,52309960,52321916,NO,11956
chr15,51059178,51061573,NO,2395
chr6,32982678,32998266,NO,15588
chr11,112520196,112528605,NO,8409
chr12,63167272,63184725,NO,17453
chr18,10039533,10060921,NO,21388
chr8,142382157,142385908,NO,3751
chr5,14427594,14450956,NO,23362
chr2,109169350,109177778,NO,8428
chr10,10861241,10873804,NO,12563
chr15,90668913,90687048,NO,18135
chr3,152272750,152276410,NO,3660
chr4,6697222,6709495,NO,12273
chr3,24562468,24564218,NO,1750
chr9,455803,471105,NO,15302
chr6,155589248,155609466,NO,20218
chr22,39319421,39324177,NO,4756
chr10,29127600,29131751,NO,4151
chr5,42586456,42592388,NO,5932
chr20,31558583,31576373,NO,17790
chr1,168582111,168607114,NO,25003
chr2,158640518,158649201,NO,8683
chr8,125209136,125222425,NO,13289
chr19,18475103,18491552,NO,16449
chr15,70446296,70459390,NO,13094
chr8,72743621,72757364,NO,13743
chr14,69781793,69785443,NO,3650
chr1,8175390,8195332,NO,19942
chr4,123656,126223,NO,2567
chr17,40438271,40442228,NO,3957
chr6,34562155,34579100,NO,16945
chr1,83615632,83618031,NO,2399
chr15,74469719,74474043,NO,4324
chr8,82301741,82320015,NO,18274
chr12,122883605,122886237,NO,2632
chr3,123410576,123416341,NO,5765
chr13,107124008,107149460,NO,25452
chr1,51876096,51892308,NO,16212
chr2,9892890,9915115,NO,22225
chr4,2483515,2495514,NO,11999
chr21,27297264,27307617,NO,10353
chr6,26195423,26197937,NO,2514
chr16,30550058,30551754,NO,1696
chr1,42000975,42004774,NO,3799
chr10,30235535,30237175,NO,1640
chr14,75082812,75088344,NO,5532
chr5,176963650,176974285,NO,10635
chr6,52408352,52417761,NO,9409
chr11,111796305,111798599,NO,2294
chr7,30208988,30225215,NO,16227
chr16,53241747,53259314,NO,17567
chr9,93681246,93684172,NO,2926
chr11,121253759,121261280,NO,7521
chr3,123371242,123381211,NO,9969
chr10,100189992,100197266,NO,7274
chr8,18530885,18548567,NO,17682
chr5,142091823,142097835,NO,6012
chr3,197119820,197123113,NO,3293
chr15,89164136,89167215,NO,3079
chr8,140721002,140724691,NO,3689
chr10,97849289,97850732,NO,1443
chr9,109715397,109726490,NO,11093
chr9,127593700,127595703,NO,2003
chr21,33728664,33762193,NO,33529
chr14,64321782,64345103,NO,23321
chr11,43963117,43967187,NO,4070
chr2,159571705,159575675,NO,3970
chr7,150253358,150268366,NO,15008
chr4,184679440,184688184,NO,8744
chr10,114119276,114122949,NO,3673
chr10,30956600,30963142,NO,6542
chr4,170569973,170585436,NO,15463
chr16,67482654,67494629,NO,11975
chr6,53948040,53953560,NO,5520
chrX,152740220,152762424,NO,22204
chr8,125274545,125284823,NO,10278
chr21,30004810,30007298,NO,2488
chr17,73822484,73824790,NO,2306
chr1,36653019,36654669,NO,1650
chr1,2184783,2189128,NO,4345
chr17,14980276,14996935,NO,16659
chr11,112751696,112754573,NO,2877
chr14,24742580,24750869,NO,8289
chr10,29803756,29806807,NO,3051
chr1,90359408,90375081,NO,15673
chr14,21505924,21509019,NO,3095
chr3,176745200,176759960,NO,14760
chr5,179104812,179106643,NO,1831
chr1,78356942,78366960,NO,10018
chr22,18289715,18294684,NO,4969
chr2,67865229,67878519,NO,13290
chr17,8094798,8096515,NO,1717
chr1,216983093,216994922,NO,11829
chr10,81138895,81142935,NO,4040
chr19,5535791,5540071,NO,4280
chr17,37156684,37171479,NO,14795
chr7,113134813,113144328,NO,9515
chr2,232405858,232420432,NO,14574
chr3,30383246,30396859,NO,13613
chr2,133103910,133106018,NO,2108
chr1,93213334,93222877,NO,9543
chr22,17849182,17860957,NO,11775
chr18,60766181,60768684,NO,2503
chr3,10056658,10058337,NO,1679
chr6,40964005,40968404,NO,4399
chr22,25573506,25575640,NO,2134
chr20,50063171,50074166,NO,10995
chr6,5499373,5510282,NO,10909
chrX,39745154,39791470,NO,46316
chr15,74331782,74344330,NO,12548
chr21,40393941,40396369,NO,2428
chr11,19860315,19871990,NO,11675
chrX,148606337,148609365,NO,3028
chr1,59857793,59860952,NO,3159
chr8,99410141,99416142,NO,6001
chr5,123984343,123992350,NO,8007
chr19,45150140,45153890,NO,3750
chr15,91191386,91209455,NO,18069
chr7,99067117,99077256,NO,10139
chr7,116213591,116232967,NO,19376
chr12,119593976,119597592,NO,3616
chr18,42357253,42383682,NO,26429
chr9,14428690,14438199,NO,9509
chr9,14084337,14107836,NO,23499
chr7,2252473,2265603,NO,13130
chr14,56584189,56587242,NO,3053
chr14,89651310,89654508,NO,3198
chr20,60857456,60862258,NO,4802
chr3,17111991,17131046,NO,19055
chr9,97830933,97835990,NO,5057
chr15,30124225,30133780,NO,9555
chr3,64250270,64254392,NO,4122
chr3,4545111,4575558,NO,30447
chr9,107730317,107731911,NO,1594
chr9,71474133,71487746,NO,13613
chr10,80062085,80063897,NO,1812
chr8,103739914,103742968,NO,3054
chr18,13613840,13616637,NO,2797
chr2,99175934,99182490,NO,6556
chr1,212291488,212293906,NO,2418
chr3,114081821,114100445,NO,18624
chr15,42739343,42748012,NO,8669
chr2,69055136,69060359,NO,5223
chr1,180561612,180581083,NO,19471
chr10,133807513,133812669,NO,5156
chr2,62376106,62379874,NO,3768
chr6,46201620,46220000,NO,18380
chr2,62442179,62446901,NO,4722
chr22,50219228,50222265,NO,3037
chr2,6054234,6067669,NO,13435
chr3,115502421,115504651,NO,2230
chr11,57332996,57336449,NO,3453
chr6,144060475,144068184,NO,7709
chr7,47077867,47085903,NO,8036
chr11,86451109,86455193,NO,4084
chr8,94806693,94815538,NO,8845
chr9,71910745,71923289,NO,12544
chr8,8447465,8469716,NO,22251
chr3,16809396,16813164,NO,3768
chr6,133448705,133454056,NO,5351
chr14,95945767,95950750,NO,4983
chr20,20711514,20734697,NO,23183
chr6,157040407,157042438,NO,2031
chr1,214387364,214403779,NO,16415
chr2,134323766,134360940,NO,37174
chr10,70844884,70851150,NO,6266
chr5,135423037,135425223,NO,2186
chr13,80232475,80250865,NO,18390
chr16,29093026,29094027,NO,1001
chr9,139814663,139818879,NO,4216
chr11,111563823,111570856,NO,7033
chr1,182224221,182229201,NO,4980
chr11,65221593,65223372,NO,1779
chr2,60661506,60667335,NO,5829
chr6,34292376,34310266,NO,17890
chr16,15126599,15129655,NO,3056
chr10,22628975,22630500,NO,1525
chr8,25237170,25241928,NO,4758
chr17,62719838,62739057,NO,19219
chr7,47279821,47294720,NO,14899
chr19,35702442,35705814,NO,3372
chr20,52237782,52240876,NO,3094
chr16,1542456,1545732,NO,3276
chr6,159289876,159291817,NO,1941
chr17,14203505,14214528,NO,11023
chr13,99870390,99882070,NO,11680
chr2,38946826,38950803,NO,3977
chr3,170973813,170985484,NO,11671
chr16,14579790,14596760,NO,16970
chr12,106313618,106317389,NO,3771
chr9,140500068,140502417,NO,2349
chr2,37749122,37763615,NO,14493
chr5,176881011,176890195,NO,9184
chr5,172898480,172901171,NO,2691
chr2,3526277,3529414,NO,3137
chr3,192200694,192215626,NO,14932
chr17,6929386,6933896,NO,4510
chr13,52338174,52345050,NO,6876
chr2,71464988,71471797,NO,6809
chr6,150002857,150008216,NO,5359
chr7,55954470,55956149,NO,1679
chr5,127594984,127612851,NO,17867
chr1,207242240,207244795,NO,2555
chr10,61881688,61884847,NO,3159
chr11,123275006,123279654,NO,4648
chr11,118014958,118019815,NO,4857
chr7,28660536,28669990,NO,9454
chr8,19962598,19973566,NO,10968
chr13,46006814,46016379,NO,9565
chr1,160982631,160984732,NO,2101
chr2,33281018,33296542,NO,15524
chr16,67192965,67196060,NO,3095
chr5,71218303,71229659,NO,11356
chr9,2797695,2819079,NO,21384
chr1,42272558,42280572,NO,8014
chr10,25236499,25248613,NO,12114
chr4,16891531,16900423,NO,8892
chr1,161581263,161591761,NO,10498
chrX,153305246,153324199,NO,18953
chr6,168076392,168084827,NO,8435
chr15,90606050,90619507,NO,13457
chr16,89418286,89440659,NO,22373
chr3,49456126,49460915,NO,4789
chr5,115695017,115708922,NO,13905
chr18,72117546,72122385,NO,4839
chr17,2932253,2934743,NO,2490
chr9,97562770,97582023,NO,19253
chr11,6656054,6669668,NO,13614
chr8,2362283,2365200,NO,2917
chr16,88664580,88667585,NO,3005
chr4,100642971,100645937,NO,2966
chr6,90994749,91008038,NO,13289
chr19,49227248,49229368,NO,2120
chr19,46135439,46146073,NO,10634
chr13,45898889,45907391,NO,8502
chr20,50247007,50249292,NO,2285
chr15,22525606,22528342,NO,2736
chr12,122224106,122228814,NO,4708
chr17,452467,466200,NO,13733
chr15,101897278,101909872,NO,12594
chr15,39752847,39766976,NO,14129
chr8,22497864,22502780,NO,4916
chr14,75430588,75455205,NO,24617
chr1,234950884,234954635,NO,3751
chr11,12765023,12794008,NO,28985
chr16,57177162,57183896,NO,6734
chr3,192287604,192290479,NO,2875
chr10,44788480,44797451,NO,8971
chr1,8761155,8773219,NO,12064
chr20,40320980,40322757,NO,1777
chr5,175024407,175031603,NO,7196
chr1,208332587,208336878,NO,4291
chr17,79258439,79267550,NO,9111
chr4,129473327,129475630,NO,2303
chr17,16520633,16521582,NO,949
chr12,46603092,46616179,NO,13087
chr15,68548769,68550102,NO,1333
chr11,121525956,121528266,NO,2310
chr19,58815873,58817810,NO,1937
chr2,238420997,238425187,NO,4190
chr12,56535769,56539141,NO,3372
chr7,92250430,92275461,NO,25031
chr7,45272502,45282429,NO,9927
chr12,19375405,19403320,NO,27915
chr22,31838513,31846656,NO,8143
chr12,29467896,29474142,NO,6246
chr11,3829073,3837917,NO,8844
chr18,21780868,21815309,NO,34441
chr9,97792636,97795933,NO,3297
chr19,50190114,50195087,NO,4973
chr8,6395688,6417746,NO,22058
chr18,28803406,28825217,NO,21811
chr3,43330022,43340799,NO,10777
chr7,150281763,150293433,NO,11670
chr2,47210203,47216849,NO,6646
chr11,67912157,67915278,NO,3121
chr19,52205121,52208379,NO,3258
chr5,56502097,56507009,NO,4912
chr20,45840556,45847323,NO,6767
chrX,152856038,152860314,NO,4276
chr1,33492290,33497385,NO,5095
chr1,178308210,178315166,NO,6956
chr11,75436485,75458256,NO,21771
chr15,68130895,68134022,NO,3127
chr12,7103563,7120121,NO,16558
chr7,158574234,158577386,NO,3152
chr17,62039298,62041822,NO,2524
chr7,64457274,64460053,NO,2779
chr5,134577159,134580016,NO,2857
chr15,100154618,100171589,NO,16971
chr7,92324617,92328398,NO,3781
chr16,18942429,18945307,NO,2878
chr2,128643296,128659612,NO,16316
chr1,184523950,184531868,NO,7918
chr15,83208326,83210339,NO,2013
chr1,167760559,167767402,NO,6843
chr6,137283601,137291708,NO,8107
chr18,8447340,8451748,NO,4408
chr9,127019745,127024430,NO,4685
chr11,2530294,2535906,NO,5612
chr6,27862055,27871285,NO,9230
chr15,93571180,93574304,NO,3124
chr5,159687543,159699067,NO,11524
chr17,73389346,73391021,NO,1675
chr3,126853657,126858541,NO,4884
chr7,2155018,2157415,NO,2397
chr4,86646386,86663714,NO,17328
chr1,38155232,38158668,NO,3436
chr18,32229763,32241851,NO,12088
chr5,139556801,139571756,NO,14955
chr3,16308050,16331594,NO,23544
chr12,42981336,42984842,NO,3506
chr21,34657888,34674677,NO,16789
chr6,35658800,35660358,NO,1558
chr2,33434706,33446087,NO,11381
chr17,6654964,6657725,NO,2761
chr18,19663876,19669545,NO,5669
chr22,33958231,33966073,NO,7842
chrX,133682252,133685529,NO,3277
chr6,37069548,37071896,NO,2348
chr16,67706201,67719959,NO,13758
chr10,21623587,21654605,NO,31018
chr20,33494840,33497332,NO,2492
chr10,695502,708318,NO,12816
chr13,111899779,111906437,NO,6658
chrX,134653885,134656694,NO,2809
chr5,142715741,142731061,NO,15320
chr18,7656020,7660348,NO,4328
chr20,3765138,3767691,NO,2553
chr18,7740737,7755820,NO,15083
chr3,140636056,140645884,NO,9828
chr20,48961987,48965222,NO,3235
chr7,22472420,22485916,NO,13496
chr1,167788780,167790310,NO,1530
chr12,5685995,5696538,NO,10543
chr9,140304895,140307481,NO,2586
chr4,114099607,114104742,NO,5135
chr7,56145653,56152036,NO,6383
chr18,7812119,7825405,NO,13286
chr7,73440866,73453124,NO,12258
chr6,26031782,26034791,NO,3009
chr1,2338029,2341260,NO,3231
chr3,44550849,44553358,NO,2509
chr11,29794341,29803431,NO,9090
chr19,35528701,35540659,NO,11958
chr18,57136423,57139468,NO,3045
chr7,116077981,116090690,NO,12709
chr7,51188974,51209944,NO,20970
chr2,97522731,97525757,NO,3026
chr4,169178270,169192809,NO,14539
chr22,35863317,35877659,NO,14342
chr1,6282336,6294096,NO,11760
chr9,84301553,84305217,NO,3664
chr22,39685981,39689425,NO,3444
chr2,9449846,9460033,NO,10187
chr15,90701109,90703116,NO,2007
chr20,43123253,43130689,NO,7436
chr3,177530258,177549362,NO,19104
chr6,16477026,16482232,NO,5206
chr2,55323653,55340794,NO,17141
chr5,31726587,31749235,NO,22648
chr1,59219927,59222977,NO,3050
chr19,38767660,38771561,NO,3901
chr4,7258231,7263690,NO,5459
chr13,24079143,24088482,NO,9339
chr12,94980069,94988905,NO,8836
chr12,54052007,54054500,NO,2493
chr5,989753,1005941,NO,16188
chr16,57094195,57095960,NO,1765
chr14,91789418,91794193,NO,4775
chr17,25885931,25905715,NO,19784
chr6,167363396,167373530,NO,10134
chr1,41920886,41923287,NO,2401
chr3,53193027,53197794,NO,4767
chr16,53944459,53950194,NO,5735
chr5,127193543,127212631,NO,19088
chr9,36204686,36213955,NO,9269
chr1,41846686,41854165,NO,7479
chr1,16824291,16826609,NO,2318
chr6,152431644,152434262,NO,2618
chr11,95070164,95073193,NO,3029
chr1,184252765,184269252,NO,16487
chr5,66035734,66054150,NO,18416
chr6,138891086,138898919,NO,7833
chr8,128979500,128983919,NO,4419
chr12,9316121,9323794,NO,7673
chr16,88766442,88771138,NO,4696
chr1,33616875,33637562,NO,20687
chr7,51252810,51256679,NO,3869
chr9,124889668,124914063,NO,24395
chr13,23756208,23761061,NO,4853
chr3,23849889,23853073,NO,3184
chr9,129985951,129989194,NO,3243
chr11,65137604,65140232,NO,2628
chr6,160450364,160463982,NO,13618
chr12,26303511,26307689,NO,4178
chr3,178036575,178040411,NO,3836
chr2,97150936,97152761,NO,1825
chr11,68657568,68659714,NO,2146
chr15,73658998,73681207,NO,22209
chr8,21567195,21569163,NO,1968
chr10,70353832,70360596,NO,6764
chr1,116197124,116224172,NO,27048
chr3,13321870,13324589,NO,2719
chr2,28385022,28388482,NO,3460
chr16,11254789,11263200,NO,8411
chr8,42608749,42611589,NO,2840
chr16,19762237,19773640,NO,11403
chr7,75682286,75699560,NO,17274
chr5,10724304,10727997,NO,3693
chr2,11533528,11561882,NO,28354
chr9,134764764,134768613,NO,3849
chr2,160105840,160120486,NO,14646
chr8,145924970,145926661,NO,1691
chr9,102017475,102023033,NO,5558
chr10,13343350,13344981,NO,1631
chr12,15045114,15058956,NO,13842
chr12,49207523,49210000,NO,2477
chr17,66048780,66067437,NO,18657
chr17,61742668,61754368,NO,11700
chr9,35756123,35758074,NO,1951
chrX,71340464,71346597,NO,6133
chr13,67704536,67722558,NO,18022
chr2,110051639,110056376,NO,4737
chr1,2135062,2136369,NO,1307
chr16,10961952,10974743,NO,12791
chr19,13943777,13945946,NO,2169
chr10,86585148,86598472,NO,13324
chr9,137173992,137176943,NO,2951
chr5,171976588,171986469,NO,9881
chr1,1837324,1841686,NO,4362
chr19,18958677,18962162,NO,3485
chr18,55890545,55892152,NO,1607
chr10,94448696,94452044,NO,3348
chr2,99317259,99325810,NO,8551
chr5,126213515,126221097,NO,7582
chr12,56365707,56367601,NO,1894
chr11,114666127,114669040,NO,2913
chr11,71777407,71781946,NO,4539
chr20,60706448,60710280,NO,3832
chr11,3880169,3889524,NO,9355
chr1,150227810,150233173,NO,5363
chr1,209914450,209921949,NO,7499
chr15,98433088,98436720,NO,3632
chr3,183270411,183281067,NO,10656
chr8,125826914,125828792,NO,1878
chr1,182557530,182579201,NO,21671
chr9,101819794,101839646,NO,19852
chr9,112499031,112509597,NO,10566
chr15,41951835,41954718,NO,2883
chr8,10633773,10648299,NO,14526
chr1,46419026,46427031,NO,8005
chr10,129376405,129387319,NO,10914
chr5,110884549,110899763,NO,15214
chr1,227002304,227016157,NO,13853
chr10,95136162,95163975,NO,27813
chr2,10437986,10445430,NO,7444
chr19,8523788,8537599,NO,13811
chr12,68220362,68222967,NO,2605
chr16,67429274,67441575,NO,12301
chr1,161194792,161197844,NO,3052
chr5,14405205,14411187,NO,5982
chr15,98064188,98066637,NO,2449
chr21,44201246,44204843,NO,3597
chr9,132724032,132728786,NO,4754
chr2,202897212,202901948,NO,4736
chr13,21034942,21040237,NO,5295
chr12,131531523,131543673,NO,12150
chr14,67907849,67925260,NO,17411
chr13,114125691,114127950,NO,2259
chr3,114169846,114174816,NO,4970
chr2,95872374,95874012,NO,1638
chr4,153608960,153613801,NO,4841
chr17,59277558,59297351,NO,19793
chr16,28742332,28745283,NO,2951
chr16,28392669,28395619,NO,2950
chr7,90289972,90292570,NO,2598
chr2,241232084,241234240,NO,2156
chr19,6457701,6461051,NO,3350
chr2,46635375,46638069,NO,2694
chr1,25116774,25133022,NO,16248
chrX,149712680,149717032,NO,4352
chr12,94466950,94469952,NO,3002
chr5,177887031,177889305,NO,2274
chr21,30553801,30569685,NO,15884
chr2,113996830,113999733,NO,2903
chr11,62479643,62482577,NO,2934
chr7,158932842,158937677,NO,4835
chr9,71682644,71701285,NO,18641
chr1,222210858,222218156,NO,7298
chr12,80579733,80582183,NO,2450
chr17,41983074,41989718,NO,6644
chr7,29502906,29522345,NO,19439
chr1,203036487,203039409,NO,2922
chr2,119997625,119999567,NO,1942
chr11,72471669,72501688,NO,30019
chr8,27131789,27155209,NO,23420
chr16,88849028,88852300,NO,3272
chr2,191331483,191343337,NO,11854
chr7,25871464,25889958,NO,18494
chr10,91037496,91044288,NO,6792
chr19,1151127,1174762,NO,23635
chr19,39852696,39864460,NO,11764
chr9,107825896,107827664,NO,1768
chr2,169096927,169102441,NO,5514
chr19,56661062,56669045,NO,7983
chr4,48637262,48671056,NO,33794
chr15,44067457,44070267,NO,2810
chr10,69608953,69610176,NO,1223
chr2,30732446,30751246,NO,18800
chr2,128164949,128166808,NO,1859
chr8,58614873,58618126,NO,3253
chr2,191839038,191846314,NO,7276
chr1,62331125,62354071,NO,22946
chr8,1713799,1719581,NO,5782
chr15,56534998,56538647,NO,3649
chr11,33332190,33348210,NO,16020
chr16,1206425,1211132,NO,4707
chr2,85831548,85835649,NO,4101
chrX,2319172,2320923,NO,1751
chr2,223573595,223580264,NO,6669
chr11,43941190,43946390,NO,5200
chr5,31956869,31964575,NO,7706
chr2,179277912,179279955,NO,2043
chr6,138014851,138024700,NO,9849
chr19,45091250,45110753,NO,19503
chr16,81525685,81561074,NO,35389
chr18,77213269,77220292,NO,7023
chr11,36475464,36478666,NO,3202
chr3,124596617,124598819,NO,2202
chr2,231638950,231663060,NO,24110
chr17,2025563,2028148,NO,2585
chr9,127041737,127060577,NO,18840
chr9,130677246,130682242,NO,4996
chr5,66382956,66392428,NO,9472
chr3,126180126,126193025,NO,12899
chr4,7807127,7810602,NO,3475
chr1,39758488,39762423,NO,3935
chr6,33047694,33049729,NO,2035
chr22,42252433,42270177,NO,17744
chr10,24403507,24409923,NO,6416
chr22,39672905,39676887,NO,3982
chr10,77042895,77056915,NO,14020
chr5,154470559,154476012,NO,5453
chr11,86335534,86342292,NO,6758
chr12,125137312,125141206,NO,3894
chr11,68348622,68357676,NO,9054
chr16,14279560,14282127,NO,2567
chr17,8041350,8044876,NO,3526
chr1,7842751,7845403,NO,2652
chr7,150519872,150524176,NO,4304
chr3,29723660,29751042,NO,27382
chr4,40951460,40957577,NO,6117
chr7,2561133,2570881,NO,9748
chr1,25875086,25877651,NO,2565
chr14,68606381,68612266,NO,5885
chr6,710305,711983,NO,1678
chr20,20117560,20120471,NO,2911
chr8,144551940,144554693,NO,2753
chr17,4612882,4625753,NO,12871
chr7,149468177,149473929,NO,5752
chr4,160255248,160288861,NO,33613
chr1,212247609,212262642,NO,15033
chr2,173115349,173118931,NO,3582
chr6,169613025,169615999,NO,2974
chr19,14886831,14888249,NO,1418
chr13,99216407,99225034,NO,8627
chr11,35638873,35642227,NO,3354
chr3,124372332,124405505,NO,33173
chr5,10988893,11014271,NO,25378
chr1,39720559,39738814,NO,18255
chr6,105745300,105750503,NO,5203
chr6,170250763,170253898,NO,3135
chrX,68214939,68220040,NO,5101
chr21,38629267,38637057,NO,7790
chr21,43719105,43723401,NO,4296
chr9,137552874,137555431,NO,2557
chrX,12965002,12975378,NO,10376
chr3,149328019,149338952,NO,10933
chr17,107668,130835,NO,23167
chr13,49877519,49889063,NO,11544
chr4,157863064,157871361,NO,8297
chr3,127265127,127267507,NO,2380
chr15,40828223,40846698,NO,18475
chr6,158980351,158982039,NO,1688
chr11,63711439,63713737,NO,2298
chr6,31084037,31095370,NO,11333
chr2,127445689,127459289,NO,13600
chr18,72781351,72784157,NO,2806
chr2,97538312,97541240,NO,2928
chr19,54022144,54024853,NO,2709
chr20,62891252,62897216,NO,5964
chr15,65588325,65597952,NO,9627
chr6,136964809,136969559,NO,4750
chr2,191441279,191472415,NO,31136
chr6,166773839,166780658,NO,6819
chr10,28614878,28617108,NO,2230
chr6,112032098,112043559,NO,11461
chr7,90034216,90042608,NO,8392
chr5,148184814,148188918,NO,4104
chr2,241936163,241939244,NO,3081
chr9,91347208,91369894,NO,22686
chr16,84560003,84567228,NO,7225
chr17,7398797,7401939,NO,3142
chr6,33538470,33540340,NO,1870
chr6,33728580,33730923,NO,2343
chr7,6120113,6121657,NO,1544
chr6,6825334,6835611,NO,10277
chr4,139948806,139951037,NO,2231
chr16,54455492,54457179,NO,1687
chr12,124510794,124515626,NO,4832
chr5,112580950,112591894,NO,10944
chr9,133655332,133661984,NO,6652
chr4,37908990,37913296,NO,4306
chr6,131287571,131302123,NO,14552
chr12,106052119,106071476,NO,19357
chr4,111116976,111120183,NO,3207
chr1,33592161,33594084,NO,1923
chr1,56942342,56943813,NO,1471
chr6,2630427,2635160,NO,4733
chr12,65018466,65020788,NO,2322
chr14,34702568,34706004,NO,3436
chr15,64336452,64339331,NO,2879
chr3,4812074,4815117,NO,3043
chr18,13499495,13521302,NO,21807
chr7,134116574,134140086,NO,23512
chr22,43186692,43202702,NO,16010
chr18,56159460,56161430,NO,1970
chr16,3108725,3110681,NO,1956
chr8,23074911,23078467,NO,3556
chr20,35942263,35945801,NO,3538
chr3,44480508,44482473,NO,1965
chr1,95549498,95554370,NO,4872
chr8,26115012,26125605,NO,10593
chr5,80260530,80283912,NO,23382
chr1,25652409,25657675,NO,5266
chr7,35755699,35769617,NO,13918
chr3,106917101,106941893,NO,24792
chr9,97823984,97826727,NO,2743
chr6,32631864,32636874,NO,5010
chr22,25289471,25291605,NO,2134
chr16,67196287,67199558,NO,3271
chr11,63947909,63949980,NO,2071
chr18,52776360,52784984,NO,8624
chr8,94028719,94031812,NO,3093
chr11,795574,798634,NO,3060
chr12,104390097,104405497,NO,15400
chr1,229567722,229572202,NO,4480
chr1,9435573,9445470,NO,9897
chr8,49528834,49534035,NO,5201
chr9,138899210,138905021,NO,5811
chr16,11450394,11452921,NO,2527
chr6,53388644,53397788,NO,9144
chr15,82203299,82217596,NO,14297
chr17,20931497,20944349,NO,12852
chr12,125105362,125112186,NO,6824
chr12,107368901,107372682,NO,3781
chr1,23426056,23430930,NO,4874
chr12,124810605,124813724,NO,3119
chr5,1945927,1949948,NO,4021
chr8,129120430,129122390,NO,1960
chr3,183297787,183304633,NO,6846
chr2,97475586,97479459,NO,3873
chr17,8749785,8752283,NO,2498
chr11,62161966,62170110,NO,8144
chr17,81146369,81152266,NO,5897
chr10,8096503,8101739,NO,5236
chr1,225632087,225636455,NO,4368
chr1,31435820,31439260,NO,3440
chr4,141173067,141175577,NO,2510
chr3,64171958,64175774,NO,3816
chr1,153460913,153464147,NO,3234
chr1,15654918,15671478,NO,16560
chr13,107853850,107860419,NO,6569
chr1,17089945,17093904,NO,3959
chr9,124236309,124249110,NO,12801
chr14,89506542,89508144,NO,1602
chr4,89261220,89265431,NO,4211
chr3,185927169,185940212,NO,13043
chr11,47278442,47281645,NO,3203
chr6,53411924,53413840,NO,1916
chr2,33516385,33543262,NO,26877
chr6,6915526,6929034,NO,13508
chr9,139481045,139520983,NO,39938
chr3,192232212,192235274,NO,3062
chr1,47486827,47497660,NO,10833
chr20,40021383,40047915,NO,26532
chr5,54014246,54016959,NO,2713
chr19,37266049,37267464,NO,1415
chr3,40820664,40823574,NO,2910
chr11,19888669,19892818,NO,4149
chr22,50051237,50061407,NO,10170
chr21,47669799,47677243,NO,7444
chr21,46890361,46892274,NO,1913
chr19,51625801,51642135,NO,16334
chr11,128159928,128169883,NO,9955
chr7,69061746,69064388,NO,2642
chr22,44535267,44542792,NO,7525
chr1,36598843,36603613,NO,4770
chr7,76228658,76237435,NO,8777
chr22,42990685,42993907,NO,3222
chr10,64519700,64523889,NO,4189
chr10,52256899,52287787,NO,30888
chr8,39848509,39851295,NO,2786
chr8,8229700,8244804,NO,15104
chr12,125317935,125341540,NO,23605
chr2,169578720,169591892,NO,13172
chr11,335250,337058,NO,1808
chr12,29301082,29303173,NO,2091
chr1,76602468,76621137,NO,18669
chr5,159591554,159597404,NO,5850
chr11,69785168,69791502,NO,6334
chr3,142623040,142631685,NO,8645
chrX,64815289,64822774,NO,7485
chr17,10095518,10102466,NO,6948
chr14,58563291,58567467,NO,4176
chr21,44411755,44418256,NO,6501
chr6,39849436,39856973,NO,7537
chr7,30906133,30918346,NO,12213
chr1,247289414,247290667,NO,1253
chr12,104849848,104857990,NO,8142
chr9,72658198,72665526,NO,7328
chr2,217928037,217940816,NO,12779
chr1,218632375,218654041,NO,21666
chr1,224685197,224692572,NO,7375
chr4,123608228,123622243,NO,14015
chr9,2157211,2160423,NO,3212
chr20,19005928,19008644,NO,2716
chr2,60273970,60292438,NO,18468
chr9,131071797,131074178,NO,2381
chr1,234634325,234636168,NO,1843
chr2,67893190,67903053,NO,9863
chr7,16101289,16108519,NO,7230
chr10,74002306,74005192,NO,2886
chr11,44644196,44654687,NO,10491
chr16,71960619,71963693,NO,3074
chr11,65155633,65159109,NO,3476
chr14,105432893,105441240,NO,8347
chr6,14210262,14212513,NO,2251
chr21,17951241,17961436,NO,10195
chr14,73104187,73111131,NO,6944
chr6,14705986,14714181,NO,8195
chr13,39830793,39838097,NO,7304
chr20,48604165,48607591,NO,3426
chr5,149789271,149791674,NO,2403
chr11,501056,505313,NO,4257
chr8,58773109,58799042,NO,25933
chr5,57537262,57543296,NO,6034
chr4,53690166,53692618,NO,2452
chr2,237639043,237641733,NO,2690
chr9,125102030,125111281,NO,9251
chr3,188599967,188619854,NO,19887
chr11,123430311,123433952,NO,3641
chr3,73876079,73878621,NO,2542
chr11,12065437,12067087,NO,1650
chr6,158652293,158654835,NO,2542
chr8,27796447,27807636,NO,11189
chr2,86535543,86555708,NO,20165
chr2,130931751,130933832,NO,2081
chr18,3208730,3212230,NO,3500
chr7,76867061,76875935,NO,8874
chr14,77328940,77334648,NO,5708
chr10,13815572,13832892,NO,17320
chr4,99978890,99983807,NO,4917
chr3,134412247,134418652,NO,6405
chr17,46947072,46951539,NO,4467
chr16,21831119,21832512,NO,1393
chr4,55895897,55918461,NO,22564
chr9,6703381,6705007,NO,1626
chr2,65291879,65303925,NO,12046
chr15,71785662,71794567,NO,8905
chr6,16380166,16393314,NO,13148
chr7,92410911,92439723,NO,28812
chr22,25081762,25099757,NO,17995
chr9,139220315,139223951,NO,3636
chr10,53178939,53182824,NO,3885
chr5,171128001,171138441,NO,10440
chr12,50260894,50264257,NO,3363
chr2,10146402,10151083,NO,4681
chr1,155714840,155717639,NO,2799
chr3,43356383,43368377,NO,11994
chr5,9045882,9062352,NO,16470
chr1,61818427,61844676,NO,26249
chr20,23158333,23161923,NO,3590
chr15,92684078,92686580,NO,2502
chr6,138422362,138427829,NO,5467
chr3,195918895,195921911,NO,3016
chr1,203565880,203571019,NO,5139
chr7,143578709,143580410,NO,1701
chr4,141777549,141788780,NO,11231
chr2,75090704,75096199,NO,5495
chr3,47483447,47486154,NO,2707
chr8,42269279,42271895,NO,2616
chr12,68103013,68116058,NO,13045
chr6,78049403,78051923,NO,2520
chr3,15560604,15563468,NO,2864
chr7,70684532,70688342,NO,3810
chr1,229731958,229734043,NO,2085
chr19,14258842,14261868,NO,3026
chr14,53371988,53391264,NO,19276
chr1,219913422,219946976,NO,33554
chr17,37729436,37730791,NO,1355
chr22,44224519,44227091,NO,2572
chr20,3153549,3155513,NO,1964
chr15,74298950,74304418,NO,5468
chr10,18596847,18602796,NO,5949
chr10,20210308,20236517,NO,26209
chr15,62837321,62854330,NO,17009
chr14,55764939,55774289,NO,9350
chr16,11874994,11888259,NO,13265
chrX,1710179,1712523,NO,2344
chr1,204839091,204855412,NO,16321
chr12,45662340,45668921,NO,6581
chr3,52478608,52483350,NO,4742
chr1,27152486,27156335,NO,3849
chr14,99990324,100005594,NO,15270
chr1,39511982,39514216,NO,2234
chr6,168387813,168397281,NO,9468
chr8,130764130,130766558,NO,2428
chr10,116152702,116164803,NO,12101
chr18,20805496,20818903,NO,13407
chr1,81771498,81783277,NO,11779
chr2,96099259,96102150,NO,2891
chr3,141029786,141031703,NO,1917
chr13,59915707,59943277,NO,27570
chr17,818535,821973,NO,3438
chr2,167988870,168000309,NO,11439
chr10,105374325,105380554,NO,6229
chr3,11494249,11523939,NO,29690
chr11,77961478,77980843,NO,19365
chr1,161176034,161178039,NO,2005
chr16,30644864,30646631,NO,1767
chr1,155579241,155582059,NO,2818
chr5,147772433,147807684,NO,35251
chr14,69188358,69203968,NO,15610
chr14,104187313,104197661,NO,10348
chr17,43301843,43308541,NO,6698
chr9,124745983,124749371,NO,3388
chr16,89460136,89476201,NO,16065
chr19,49255160,49257132,NO,1972
chr1,16211904,16214376,NO,2472
chr6,168334433,168339302,NO,4869
chr1,223239406,223255194,NO,15788
chr15,45570333,45578459,NO,8126
chr1,2138248,2141788,NO,3540
chrX,48595630,48596940,NO,1310
chr5,171529223,171545648,NO,16425
chr12,120107745,120113085,NO,5340
chr1,236991898,237009547,NO,17649
chr3,30537187,30569441,NO,32254
chr9,97810084,97811689,NO,1605
chr6,13302039,13309033,NO,6994
chr19,46294045,46296910,NO,2865
chr16,66637512,66640759,NO,3247
chr3,17176793,17183416,NO,6623
chr3,187928700,187933321,NO,4621
chr22,45944217,45961298,NO,17081
chr10,22904591,22910317,NO,5726
chr12,104612282,104614354,NO,2072
chr17,44841621,44850119,NO,8498
chr19,38662482,38665323,NO,2841
chr9,91390003,91406895,NO,16892
chr4,55647558,55651490,NO,3932
chr3,13301460,13306643,NO,5183
chr17,62060010,62063657,NO,3647
chr15,63248767,63251563,NO,2796
chr19,56158290,56161025,NO,2735
chr4,41052136,41054891,NO,2755
chr3,187956569,187959474,NO,2905
chr1,230312222,230328283,NO,16061
chr7,22153925,22169279,NO,15354
chr6,44145312,44171549,NO,26237
chr13,111657523,111660195,NO,2672
chr2,242100735,242102380,NO,1645
chr8,131073768,131077055,NO,3287
chr17,66015860,66017217,NO,1357
chr4,31085990,31109307,NO,23317
chr6,6591611,6600259,NO,8648
chr4,6857291,6862275,NO,4984
chr18,43912870,43917301,NO,4431
chr12,56092106,56095991,NO,3885
chr6,131456127,131457532,NO,1405
chr10,61981363,61998612,NO,17249
chr9,99238756,99254853,NO,16097
chr18,3252695,3255947,NO,3252
chr15,90732893,90737073,NO,4180
chr22,24851117,24870541,NO,19424
chr2,100936900,100939477,NO,2577
chr7,70600151,70612435,NO,12284
chr1,31319116,31325887,NO,6771
chr2,86619622,86621836,NO,2214
chr9,107587761,107599724,NO,11963
chr2,7122708,7133992,NO,11284
chr2,42325374,42330451,NO,5077
chr21,36575215,36595491,NO,20276
chr11,74724166,74743212,NO,19046
chr12,8113204,8125316,NO,12112
chr22,33276325,33285543,NO,9218
chr6,53190139,53192693,NO,2554
chr1,95118798,95124200,NO,5402
chrX,52004450,52005931,NO,1481
chr6,164404390,164408001,NO,3611
chr2,85905397,85909390,NO,3993
chr3,196006020,196011936,NO,5916
chr15,91304700,91307227,NO,2527
chr12,68303477,68307060,NO,3583
chr9,130629433,130632582,NO,3149
chr20,2504920,2506643,NO,1723
chr3,45857255,45861124,NO,3869
chr13,49141951,49159983,NO,18032
chr8,97325410,97351662,NO,26252
chrX,23916804,23924924,NO,8120
chr1,217624975,217630037,NO,5062
chr12,76367975,76377807,NO,9832
chr12,104020355,104022027,NO,1672
chr2,96306082,96308721,NO,2639
chr13,114137106,114139057,NO,1951
chr3,47704934,47705804,NO,870
chr1,15929379,15930883,NO,1504
chr3,14244939,14258769,NO,13830
chr10,4554777,4558535,NO,3758
chr19,5798964,5806609,NO,7645
chr1,26096163,26114268,NO,18105
chr7,75340634,75342996,NO,2362
chr6,149968930,149970496,NO,1566
chr6,163999860,164007794,NO,7934
chr5,1930076,1932309,NO,2233
chr3,114119104,114138554,NO,19450
chr16,48588434,48594188,NO,5754
chr18,72508547,72519574,NO,11027
chr4,151071699,151096025,NO,24326
chr10,3465490,3469202,NO,3712
chr3,194650409,194653448,NO,3039
chr2,10469236,10473138,NO,3902
chrX,45609699,45634627,NO,24928
chr11,111678718,111691488,NO,12770
chr11,46847286,46849223,NO,1937
chr6,157634359,157639641,NO,5282
chr9,37471855,37488037,NO,16182
chr16,67975459,67980432,NO,4973
chr5,146883435,146890194,NO,6759
chr14,93190252,93193523,NO,3271
chr22,30016707,30027667,NO,10960
chr1,65420496,65423310,NO,2814
chr21,40326780,40332201,NO,5421
chr1,59433464,59448786,NO,15322
chr6,56234806,56253548,NO,18742
chr13,36297425,36308709,NO,11284
chr12,20417421,20427863,NO,10442
chr17,15393295,15412906,NO,19611
chr15,89039744,89042760,NO,3016
chr1,9209494,9224430,NO,14936
chr7,42927328,42929052,NO,1724
chr11,27532511,27548016,NO,15505
chr10,86184352,86188419,NO,4067
chr16,15754091,15768295,NO,14204
chr19,8370811,8377710,NO,6899
chr3,38039391,38048132,NO,8741
chr17,48659552,48667999,NO,8447
chr11,63303841,63306278,NO,2437
chr12,3713481,3722022,NO,8541
chr17,30048360,30050550,NO,2190
chr15,68235503,68239573,NO,4070
chr14,51860889,51864342,NO,3453
chr9,2231176,2243094,NO,11918
chr12,58128919,58135388,NO,6469
chr5,9264565,9266534,NO,1969
chr17,33672158,33674387,NO,2229
chr1,162248808,162256079,NO,7271
chr15,90562474,90579255,NO,16781
chr10,35028349,35033880,NO,5531
chr15,62463992,62468023,NO,4031
chr10,22517593,22518836,NO,1243
chr12,133265621,133272822,NO,7201
chr10,76677015,76693033,NO,16018
chr3,182928146,182933182,NO,5036
chr15,31726383,31754572,NO,28189
chr6,32038019,32056877,NO,18858
chr2,46451916,46459453,NO,7537
chr8,102138128,102150334,NO,12206
chr2,38300396,38305174,NO,4778
chr20,46600215,46603431,NO,3216
chr14,105526031,105528898,NO,2867
chr4,14917853,14919460,NO,1607
chr1,9602051,9619452,NO,17401
chr11,130477875,130482828,NO,4953
chr2,62702028,62705919,NO,3891
chr10,31092097,31108929,NO,16832
chr12,19999977,20002055,NO,2078
chr18,45528759,45531303,NO,2544
chr5,70196332,70198080,NO,1748
chr17,2589831,2593366,NO,3535
chr12,53264588,53269486,NO,4898
chr10,11300975,11313497,NO,12522
chr1,26375559,26377305,NO,1746
chr17,17708365,17711489,NO,3124
chr15,84813221,84814877,NO,1656
chr3,172347994,172377787,NO,29793
chr6,159189632,159193613,NO,3981
chr7,100288367,100292580,NO,4213
chr10,29931260,29933664,NO,2404
chr11,61640973,61642833,NO,1860
chr4,160192816,160230611,NO,37795
chr8,23153704,23163487,NO,9783
chr9,121813907,121816454,NO,2547
chr2,23813249,23819270,NO,6021
chrX,20379245,20393489,NO,14244
chr5,147831738,147835347,NO,3609
chr14,91269453,91275838,NO,6385
chr8,220380,226843,NO,6463
chr1,162868774,162875584,NO,6810
chr7,6377673,6379137,NO,1464
chr7,76073295,76075898,NO,2603
chr10,101722741,101743931,NO,21190
chr17,232620,236874,NO,4254
chr19,3056344,3059265,NO,2921
chr12,118625327,118628730,NO,3403
chr11,75918363,75922030,NO,3667
chr2,17994292,18004342,NO,10050
chr20,39986677,39991113,NO,4436
chr15,89559692,89562205,NO,2513
chr7,49862377,49891271,NO,28894
chr10,70752164,70758144,NO,5980
chr20,34407863,34417412,NO,9549
chr15,64752179,64756456,NO,4277
chr14,63902036,63905609,NO,3573
chr13,42120316,42122833,NO,2517
chr17,72230996,72240905,NO,9909
chr8,121820484,121824249,NO,3765
chr13,24040013,24042051,NO,2038
chr8,42149396,42163852,NO,14456
chr2,47536703,47539036,NO,2333
chr6,44072419,44089143,NO,16724
chr1,3309159,3311463,NO,2304
chr6,4313243,4321319,NO,8076
chr17,33348828,33350416,NO,1588
chr22,41105682,41108370,NO,2688
chr3,8699068,8703073,NO,4005
chr19,12605660,12607130,NO,1470
chr20,9127863,9149986,NO,22123
chr13,44844518,44849577,NO,5059
chr7,148761891,148769803,NO,7912
chr15,58749496,58753146,NO,3650
chr5,159190880,159201264,NO,10384
chr1,173398105,173399867,NO,1762
chr8,96235196,96238721,NO,3525
chr7,36154945,36169239,NO,14294
chr3,49576975,49578436,NO,1461
chr17,4759162,4762922,NO,3760
chr12,121198368,121222360,NO,23992
chr3,16585249,16589191,NO,3942
chr2,69376738,69405983,NO,29245
chr1,227544043,227546110,NO,2067
chr20,34489536,34496471,NO,6935
chr19,14237587,14240116,NO,2529
chrX,118611794,118617194,NO,5400
chr10,32659697,32669575,NO,9878
chr6,31525702,31529261,NO,3559
chr19,31839362,31843013,NO,3651
chr3,44874858,44889473,NO,14615
chr3,4621941,4631929,NO,9988
chr21,28336399,28340592,NO,4193
chr3,159370136,159393933,NO,23797
chr6,28321300,28324638,NO,3338
chr19,10463023,10464956,NO,1933
chr15,25092669,25108969,NO,16300
chr6,166107650,166116605,NO,8955
chr5,155755115,155756882,NO,1767
chrX,139013860,139016274,NO,2414
chr14,59891157,59895791,NO,4634
chr7,48674912,48684145,NO,9233
chr2,236341379,236343116,NO,1737
chr9,102206823,102214116,NO,7293
chr17,38187841,38196068,NO,8227
chr8,91018073,91025947,NO,7874
chr12,21680019,21682916,NO,2897
chr1,232441981,232456885,NO,14904
chr9,140087878,140090872,NO,2994
chr5,157909076,157927432,NO,18356
chr16,9140859,9155911,NO,15052
chr2,210359687,210362471,NO,2784
chr10,4116102,4129328,NO,13226
chr1,170698018,170705528,NO,7510
chr11,94464090,94467129,NO,3039
chr15,95867566,95873122,NO,5556
chr12,20462132,20482069,NO,19937
chr5,70220149,70221962,NO,1813
chr4,120125285,120131506,NO,6221
chr4,143323968,143340122,NO,16154
chr8,12808347,12810178,NO,1831
chr14,77277210,77280002,NO,2792
chr14,103888884,103912761,NO,23877
chr8,513836,516305,NO,2469
chr15,50999974,51011350,NO,11376
chr4,17232590,17235665,NO,3075
chr11,82717834,82723377,NO,5543
chr1,246842425,246862980,NO,20555
chr11,13281710,13284963,NO,3253
chr11,12038418,12042155,NO,3737
chr12,12959856,12973359,NO,13503
chr3,49331627,49335546,NO,3919
chr16,58370453,58383226,NO,12773
chr3,37303615,37317505,NO,13890
chr3,194544118,194546902,NO,2784
chr7,2892150,2904244,NO,12094
chr16,857067,858484,NO,1417
chr6,164569221,164573198,NO,3977
chrX,21679292,21685967,NO,6675
chr9,33185782,33188700,NO,2918
chr3,64195119,64207223,NO,12104
chr3,149252425,149274110,NO,21685
chr18,45687220,45689461,NO,2241
chr6,163950450,163960759,NO,10309
chr7,45229980,45252372,NO,22392
chr2,128479647,128492329,NO,12682
chr3,156966390,156968151,NO,1761
chr20,43982111,43984797,NO,2686
chr10,79971461,79976205,NO,4744
chr1,6726577,6747078,NO,20501
chr20,38614138,38615841,NO,1703
chr4,24068864,24070694,NO,1830
chr3,27664261,27675142,NO,10881
chr8,131273333,131282061,NO,8728
chr2,100084529,100103829,NO,19300
chr9,13606424,13608975,NO,2551
chr6,53970229,53995399,NO,25170
chr8,1733807,1749412,NO,15605
chr18,12596756,12608015,NO,11259
chr4,129574942,129583146,NO,8204
chr14,72452026,72468093,NO,16067
chr7,65445248,65448042,NO,2794
chr7,25653405,25665664,NO,12259
chr22,42330388,42340482,NO,10094
chr4,26812843,26818103,NO,5260
chrX,62875224,62879659,NO,4435
chr6,30844956,30854595,NO,9639
chr1,95218479,95221614,NO,3135
chr20,32849797,32858922,NO,9125
chr1,237024878,237028951,NO,4073
chr8,37396220,37402169,NO,5949
chr1,85986593,85993250,NO,6657
chr2,233493457,233500236,NO,6779
chr1,118151850,118156428,NO,4578
chrX,111623711,111625629,NO,1918
chr2,173193657,173223036,NO,29379
chr5,142580198,142600674,NO,20476
chr15,31213181,31216276,NO,3095
chr3,171546631,171557349,NO,10718
chr5,67729022,67745612,NO,16590
chr4,129555953,129558099,NO,2146
chr3,115231128,115243059,NO,11931
chr1,247373063,247374493,NO,1430
chr17,32626359,32641735,NO,15376
chr5,140705552,140714556,NO,9004
chr7,99589789,99596125,NO,6336
chr13,74630810,74638627,NO,7817
chr17,5000165,5001422,NO,1257
chr8,59439262,59443139,NO,3877
chr4,47032847,47035315,NO,2468
chr14,95756413,95759557,NO,3144
chr11,96733938,96741125,NO,7187
chr2,105273076,105276275,NO,3199
chr17,58648026,58652014,NO,3988
chr10,74873164,74880067,NO,6903
chr10,17065877,17081551,NO,15674
chr4,143293700,143301746,NO,8046
chr9,116105389,116107952,NO,2563
chr8,125574865,125587401,NO,12536
chr4,113590572,113596034,NO,5462
chr2,241532325,241536881,NO,4556
chr9,131959878,131965957,NO,6079
chr6,143542838,143546574,NO,3736
chr10,75696787,75701268,NO,4481
chr1,120529179,120538230,NO,9051
chr4,174666855,174669722,NO,2867
chr2,218928288,218930819,NO,2531
chr6,138801093,138814970,NO,13877
chr10,29906390,29908780,NO,2390
chr20,3908103,3917085,NO,8982
chr17,30022224,30024769,NO,2545
chr16,88599454,88602144,NO,2690
chr19,58565502,58567362,NO,1860
chr20,9093052,9112032,NO,18980
chr15,58814343,58822237,NO,7894
chr6,163877675,163881792,NO,4117
chr15,72492161,72496222,NO,4061
chr3,134180788,134203018,NO,22230
chr2,17790175,17802154,NO,11979
chr12,46860753,46868582,NO,7829
chr5,131006040,131009418,NO,3378
chr5,671596,675415,NO,3819
chr22,24255180,24256618,NO,1438
chr19,59009783,59011953,NO,2170
chr1,167423652,167425851,NO,2199
chr1,100045688,100070159,NO,24471
chr1,144533015,144534631,NO,1616
chr15,66124554,66126729,NO,2175
chr11,14395239,14403452,NO,8213
chr16,29126119,29130524,NO,4405
chr9,86954310,86958674,NO,4364
chr17,80739787,80766121,NO,26334
chr6,162598681,162609918,NO,11237
chr21,44863086,44878164,NO,15078
chr1,6802918,6804471,NO,1553
chr3,178383290,178399054,NO,15764
chr8,61820822,61824902,NO,4080
chr13,44259146,44273615,NO,14469
chr20,22743066,22745574,NO,2508
chr17,1293768,1301558,NO,7790
chrX,15612960,15624717,NO,11757
chr11,130594930,130608815,NO,13885
chr22,20122649,20126877,NO,4228
chr11,44833433,44840367,NO,6934
chr6,33576658,33579365,NO,2707
chr2,40355107,40359081,NO,3974
chr7,106917665,106928221,NO,10556
chr3,135789603,135791522,NO,1919
chr8,10517905,10522267,NO,4362
chr4,90031804,90033428,NO,1624
chr9,18783854,18787782,NO,3928
chr10,44877593,44881281,NO,3688
chr20,39631296,39635043,NO,3747
chr17,21249112,21283769,NO,34657
chr4,4861107,4863996,NO,2889
chr1,170665906,170678918,NO,13012
chr17,17670759,17676070,NO,5311
chr12,53737953,53740546,NO,2593
chr9,112341018,112353957,NO,12939
chr5,10701721,10704491,NO,2770
chr5,172922210,172927343,NO,5133
chr10,125851233,125854480,NO,3247
chr7,67785811,67787774,NO,1963
chr13,31019214,31020887,NO,1673
chr16,30751220,30754132,NO,2912
chr6,3801156,3807242,NO,6086
chr2,61474393,61483560,NO,9167
chr2,208689102,208713213,NO,24111
chr1,85312678,85321787,NO,9109
chr6,13523850,13539305,NO,15455
chr4,143184830,143187768,NO,2938
chr6,129417464,129426876,NO,9412
chr2,101663398,101693245,NO,29847
chr22,20225965,20228987,NO,3022
chr6,90020996,90034223,NO,13227
chr4,7780682,7791241,NO,10559
chr3,47462030,47464841,NO,2811
chr10,50567247,50569580,NO,2333
chr13,99649980,99662085,NO,12105
chr1,205511509,205513830,NO,2321
chr4,77659025,77661038,NO,2013
chr16,87017846,87019977,NO,2131
chr1,198899125,198906831,NO,7706
chr17,77041636,77051159,NO,9523
chr16,88151720,88154613,NO,2893
chr19,29354277,29356040,NO,1763
chr1,207231130,207234241,NO,3111
chr3,138572580,138595460,NO,22880
chr5,148283647,148295445,NO,11798
chr11,78059671,78063506,NO,3835
chr12,121091348,121093655,NO,2307
chr16,81213952,81223464,NO,9512
chr8,22367763,22374952,NO,7189
chr2,64043460,64048897,NO,5437
chr7,1003824,1005704,NO,1880
chr18,32340097,32354659,NO,14562
chr19,4574340,4576857,NO,2517
chr2,3631834,3634500,NO,2666
chr16,48158917,48161865,NO,2948
chr14,89805420,89835766,NO,30346
chr14,33171667,33191331,NO,19664
chr6,141723740,141734844,NO,11104
chr10,104987601,104992251,NO,4650
chr2,220630888,220634984,NO,4096
chr18,43319313,43356128,NO,36815
chr6,16669985,16684865,NO,14880
chr4,124698028,124709961,NO,11933
chrX,13169905,13186471,NO,16566
chr12,118810915,118812811,NO,1896
chr22,36357160,36370524,NO,13364
chr22,22050563,22062709,NO,12146
chr1,193150206,193160182,NO,9976
chr6,129206552,129213476,NO,6924
chr17,77965546,77968291,NO,2745
chr15,70991020,71008851,NO,17831
chr22,28508163,28513346,NO,5183
chr13,110521385,110536475,NO,15090
chr6,74413798,74434072,NO,20274
chr8,53606369,53620499,NO,14130
chr3,122795282,122810095,NO,14813
chr5,142402012,142406091,NO,4079
chr12,119641066,119647276,NO,6210
chr17,75806157,75808684,NO,2527
chr17,55699430,55704311,NO,4881
chr12,12594600,12597625,NO,3025
chr6,89870483,89872881,NO,2398
chr3,47050122,47052060,NO,1938
chr6,170831505,170833642,NO,2137
chr11,102008764,102017288,NO,8524
chr3,111801665,111812049,NO,10384
chr12,124438784,124452057,NO,13273
chr22,46566942,46569560,NO,2618
chr15,65135930,65150593,NO,14663
chr13,42213356,42225437,NO,12081
chr8,125784038,125788789,NO,4751
chrX,47880377,47885752,NO,5375
chr10,126212993,126215013,NO,2020
chr3,67685467,67699928,NO,14461
chr3,32235670,32244013,NO,8343
chr4,103653235,103656806,NO,3571
chrX,135111120,135113889,NO,2769
chrX,16846436,16857976,NO,11540
chr2,232182654,232186726,NO,4072
chr6,152447142,152452156,NO,5014
chr17,36896958,36900321,NO,3363
chr7,141372850,141375580,NO,2730
chr6,25296110,25313941,NO,17831
chr15,81384160,81392116,NO,7956
chr3,194928343,194932049,NO,3706
chr7,101928162,101930654,NO,2492
chr18,6119228,6146669,NO,27441
chr16,71756637,71758613,NO,1976
chr13,85224091,85228905,NO,4814
chr7,29320752,29329632,NO,8880
chr2,10259712,10261381,NO,1669
chr1,44758501,44760869,NO,2368
chr16,3035064,3036881,NO,1817
chr5,66510631,66512819,NO,2188
chr7,8293552,8300168,NO,6616
chr8,144512827,144514674,NO,1847
chr8,106645176,106675867,NO,30691
chr19,34625006,34626212,NO,1206
chr17,59325153,59339005,NO,13852
chr16,16115211,16117017,NO,1806
chr1,64319526,64340674,NO,21148
chrX,373746,375032,NO,1286
chr3,43286495,43290913,NO,4418
chr11,14442811,14446024,NO,3213
chr17,80823951,80830979,NO,7028
chr3,71029668,71032919,NO,3251
chr9,97863059,97867793,NO,4734
chr22,44758529,44761164,NO,2635
chr12,42628368,42630155,NO,1787
chr8,124462210,124464881,NO,2671
chr8,20078956,20082097,NO,3141
chr22,36461059,36462969,NO,1910
chr20,43389777,43392363,NO,2586
chr19,40909329,40911543,NO,2214
chr7,75032944,75040910,NO,7966
chr15,71838944,71842931,NO,3987
chr4,41657413,41659506,NO,2093
chr12,53979466,53991440,NO,11974
chr19,10986671,10993470,NO,6799
chr12,95596328,95600083,NO,3755
chr19,34951273,34953469,NO,2196
chr18,60845005,60860900,NO,15895
chr18,21394753,21407726,NO,12973
chr1,193921091,193930418,NO,9327
chr22,25760026,25766209,NO,6183
chr1,183679932,183694634,NO,14702
chr3,64597765,64603311,NO,5546
chr10,71158055,71182578,NO,24523
chr10,11370056,11378001,NO,7945
chr16,14835661,14836986,NO,1325
chr16,14796539,14797864,NO,1325
chr22,33750984,33758670,NO,7686
chr8,58925631,58929965,NO,4334
chr9,116410105,116418194,NO,8089
chr13,43628746,43636761,NO,8015
chr2,9832266,9834361,NO,2095
chr5,153380782,153395297,NO,14515
chr1,42500473,42502476,NO,2003
chr16,10479316,10480856,NO,1540
chr15,69104251,69107693,NO,3442
chr10,63723368,63753249,NO,29881
chr18,9016429,9023248,NO,6819
chr2,132255162,132257216,NO,2054
chr5,95106793,95120966,NO,14173
chr6,163127179,163146765,NO,19586
chr5,156113035,156116846,NO,3811
chr18,22810042,22818114,NO,8072
chr10,61898491,61901635,NO,3144
chr11,61628708,61630909,NO,2201
chr5,138513085,138515639,NO,2554
chr22,46422354,46425229,NO,2875
chr12,12658010,12663952,NO,5942
chr3,66415457,66423300,NO,7843
chr12,39788972,39809975,NO,21003
chr20,9198641,9207259,NO,8618
chr1,16086902,16088815,NO,1913
chr20,62525287,62528587,NO,3300
chr16,74354273,74357471,NO,3198
chr14,65695801,65697450,NO,1649
chr10,24543973,24552672,NO,8699
chr17,73864871,73867320,NO,2449
chr3,140993192,141012236,NO,19044
chr1,162162729,162184438,NO,21709
chr3,127791993,127804924,NO,12931
chr5,158200082,158205531,NO,5449
chr3,28784731,28789019,NO,4288
chr9,139640832,139644387,NO,3555
chr13,114139451,114142179,NO,2728
chr2,113968603,113976712,NO,8109
chr16,88016338,88020717,NO,4379
chr2,47006414,47009710,NO,3296
chr14,67949851,67956073,NO,6222
chr1,26580501,26585103,NO,4602
chr20,49156744,49158807,NO,2063
chr9,97787284,97789400,NO,2116
chr19,37282346,37289070,NO,6724
chr19,44711182,44712172,NO,990
chr4,86747123,86749711,NO,2588
chr11,120417571,120419866,NO,2295
chr2,64554868,64559023,NO,4155
chr3,192122805,192129225,NO,6420
chr1,231950129,231964765,NO,14636
chr4,23806933,23822845,NO,15912
chr4,141994787,142002319,NO,7532
chr12,58214806,58218661,NO,3855
chr20,45190490,45197684,NO,7194
chr7,34786771,34789148,NO,2377
chr21,45857254,45859525,NO,2271
chr16,79801419,79805250,NO,3831
chr11,8692264,8694227,NO,1963
chr3,187905760,187907993,NO,2233
chr17,20811050,20812778,NO,1728
chr22,34022197,34055895,NO,33698
chr18,56451465,56457815,NO,6350
chr20,33501424,33505194,NO,3770
chr2,101401901,101403892,NO,1991
chr12,115874422,115889895,NO,15473
chr5,139947768,139951513,NO,3745
chr8,141056325,141058410,NO,2085
chr2,11827982,11839336,NO,11354
chr2,239504981,239510854,NO,5873
chr2,114080956,114096697,NO,15741
chr18,53004402,53007712,NO,3310
chr9,108053553,108062872,NO,9319
chr11,129993001,129995243,NO,2242
chr8,21600300,21603333,NO,3033
chr12,20098447,20120645,NO,22198
chr6,144585171,144587895,NO,2724
chr11,57172808,57175867,NO,3059
chr6,42371275,42375473,NO,4198
chr14,21509370,21513395,NO,4025
chr3,136713253,136715668,NO,2415
chr6,82722230,82727512,NO,5282
chr19,3698384,3700721,NO,2337
chr11,68199468,68206190,NO,6722
chrX,56797957,56805073,NO,7116
chr1,182112271,182114801,NO,2530
chr16,31152459,31153806,NO,1347
chr17,5014559,5016052,NO,1493
chr3,129067243,129073155,NO,5912
chr2,153191160,153193918,NO,2758
chr17,29276969,29284440,NO,7471
chr20,44985047,44988865,NO,3818
chr10,3928202,3930780,NO,2578
chr5,155900743,155906968,NO,6225
chr1,112597072,112600762,NO,3690
chr12,105916331,105918305,NO,1974
chr17,44184967,44206563,NO,21596
chr15,51480630,51484214,NO,3584
chr15,77478828,77482344,NO,3516
chr3,191068193,191075562,NO,7369
chr2,96346995,96362596,NO,15601
chr17,18313726,18316288,NO,2562
chr4,54515541,54523649,NO,8108
chrX,21816446,21819519,NO,3073
chr15,80538546,80544964,NO,6418
chr22,39127745,39130989,NO,3244
chr1,36632148,36633765,NO,1617
chr5,132206718,132214224,NO,7506
chr3,99261719,99269673,NO,7954
chr7,1686654,1689158,NO,2504
chr21,40756622,40758921,NO,2299
chr15,30027842,30058875,NO,31033
chr2,45464412,45470524,NO,6112
chr18,21655701,21669968,NO,14267
chr3,150087786,150090851,NO,3065
chr4,123747143,123749928,NO,2785
chr10,100120735,100122047,NO,1312
chr2,30803693,30808439,NO,4746
chr1,163136980,163166852,NO,29872
chr16,19599710,19607706,NO,7996
chr3,154949602,154951718,NO,2116
chr17,1632922,1634823,NO,1901
chr16,21172103,21176167,NO,4064
chr12,31883574,31886580,NO,3006
chr13,34371298,34374602,NO,3304
chr11,65196560,65198961,NO,2401
chr22,21220727,21222637,NO,1910
chr12,15841121,15866805,NO,25684
chr10,5933754,5948954,NO,15200
chr12,120754515,120755542,NO,1027
chr19,49283632,49299949,NO,16317
chr7,66324411,66325902,NO,1491
chr8,130696777,130698975,NO,2198
chr10,129845198,129863647,NO,18449
chr2,113383935,113399859,NO,15924
chr1,118320901,118321654,NO,753
chr3,193577948,193582831,NO,4883
chr6,7254802,7262512,NO,7710
chr1,168678418,168688935,NO,10517
chr6,34924268,34929944,NO,5676
chr2,26159666,26162553,NO,2887
chrX,129306331,129309087,NO,2756
chr4,3386237,3391479,NO,5242
chr1,74822445,74830589,NO,8144
chr6,5025957,5034248,NO,8291
chr2,39767240,39769429,NO,2189
chr6,140202800,140205044,NO,2244
chr8,21923488,21924764,NO,1276
chr14,73927227,73930708,NO,3481
chr9,92236512,92239798,NO,3286
chr8,79485387,79507598,NO,22211
chr3,13264169,13270812,NO,6643
chr3,23530750,23543590,NO,12840
chr4,129076278,129078150,NO,1872
chr3,58372176,58385896,NO,13720
chr18,8561106,8564229,NO,3123
chr17,41386793,41393810,NO,7017
chr1,226189684,226191020,NO,1336
chr4,68904007,68905232,NO,1225
chr2,208174713,208177048,NO,2335
chr8,1927822,1930337,NO,2515
chr10,75725138,75727375,NO,2237
chr2,46188282,46192366,NO,4084
chr17,20434785,20437160,NO,2375
chr3,133970386,133972142,NO,1756
chr12,6569645,6572234,NO,2589
chr10,44459176,44462205,NO,3029
chr13,52541452,52543603,NO,2151
chr7,141001350,141013575,NO,12225
chr19,34370400,34375861,NO,5461
chr3,49684563,49686767,NO,2204
chr9,104199292,104212159,NO,12867
chr8,25335747,25339862,NO,4115
chr17,71351870,71363355,NO,11485
chr19,8480438,8489411,NO,8973
chr19,45669692,45677172,NO,7480
chr19,42027954,42038826,NO,10872
chr6,14638793,14640492,NO,1699
chr22,19393814,19399408,NO,5594
chr12,56959010,56964475,NO,5465
chr22,28028482,28034028,NO,5546
chr6,168099436,168101514,NO,2078
chr4,6325956,6328247,NO,2291
chr1,216883310,216895538,NO,12228
chr6,32012676,32016612,NO,3936
chr14,78291488,78293540,NO,2052
chr1,115825164,115828555,NO,3391
chr6,88432122,88442485,NO,10363
chr12,95477525,95495111,NO,17586
chr12,66628287,66629513,NO,1226
chr14,23005461,23028565,NO,23104
chr2,102174714,102176764,NO,2050
chr1,94167205,94189334,NO,22129
chr15,102212043,102230748,NO,18705
chr5,171093858,171096290,NO,2432
chr1,182199041,182206359,NO,7318
chr19,19599059,19601523,NO,2464
chr19,1239384,1240781,NO,1397
chr16,11193383,11199920,NO,6537
chr16,4578803,4586111,NO,7308
chr9,75190928,75194661,NO,3733
chr2,128990218,128991459,NO,1241
chr10,36730194,36739795,NO,9601
chr14,50801614,50809894,NO,8280
chrX,119619271,119620528,NO,1257
chr11,94658755,94672699,NO,13944
chr8,125029811,125031354,NO,1543
chr20,48363924,48365396,NO,1472
chr15,85190959,85195961,NO,5002
chr6,43295182,43303774,NO,8592
chrX,107541189,107556593,NO,15404
chr12,122016299,122029061,NO,12762
chr7,132086094,132088716,NO,2622
chr5,155810917,155824827,NO,13910
chrX,62932813,62940271,NO,7458
chr1,7704730,7707116,NO,2386
chrX,48405496,48423258,NO,17762
chr2,43244851,43260547,NO,15696
chr3,13556894,13560959,NO,4065
chr6,25084414,25090334,NO,5920
chr8,144649539,144652291,NO,2752
chr9,112232086,112240582,NO,8496
chr20,621755,627135,NO,5380
chr10,32427786,32439077,NO,11291
chr1,26368119,26374078,NO,5959
chr2,208122190,208124609,NO,2419
chr2,98371014,98382874,NO,11860
chrX,79829470,79830684,NO,1214
chr12,76302497,76308354,NO,5857
chr1,173158925,173161001,NO,2076
chr10,13157649,13161146,NO,3497
chr18,2960465,2981127,NO,20662
chr10,135071146,135075508,NO,4362
chr18,74724816,74726907,NO,2091
chr15,32828443,32829551,NO,1108
chr9,130954787,130956076,NO,1289
chr14,66891311,66894081,NO,2770
chr10,31146341,31153097,NO,6756
chr3,125693964,125710249,NO,16285
chr16,29479971,29482447,NO,2476
chr16,89589479,89592971,NO,3492
chr3,37852060,37868048,NO,15988
chr14,102681151,102683057,NO,1906
chr11,118104958,118113106,NO,8148
chr6,2790432,2794920,NO,4488
chr13,33923171,33928087,NO,4916
chr10,89906126,89919240,NO,13114
chr1,229359107,229366675,NO,7568
chr22,17612256,17634477,NO,22221
chr3,52874818,52880426,NO,5608
chr5,133460175,133464493,NO,4318
chr19,45323196,45326118,NO,2922
chr5,88080425,88084015,NO,3590
chr11,45353918,45355900,NO,1982
chr2,62636658,62639427,NO,2769
chr13,28971099,28988598,NO,17499
chr4,22471958,22484905,NO,12947
chr1,23728684,23731273,NO,2589
chr19,17827891,17833329,NO,5438
chr1,237858937,237876796,NO,17859
chr15,30762557,30763684,NO,1127
chr7,1161539,1164213,NO,2674
chr11,34324100,34333743,NO,9643
chr6,134212168,134217633,NO,5465
chr15,26326706,26328586,NO,1880
chr11,72997970,73001016,NO,3046
chr8,87428119,87431124,NO,3005
chr19,8673497,8675837,NO,2340
chr3,72869587,72871883,NO,2296
chr14,102509484,102511386,NO,1902
chr5,147341255,147345475,NO,4220
chr11,114754115,114763944,NO,9829
chr1,225696333,225697956,NO,1623
chr20,30398691,30410942,NO,12251
chr10,28590792,28592759,NO,1967
chr3,47918875,47934329,NO,15454
chr2,54348830,54351230,NO,2400
chr7,98627564,98638753,NO,11189
chr22,39744910,39748122,NO,3212
chr15,73893105,73895454,NO,2349
chr2,86703558,86713215,NO,9657
chr1,203371088,203376735,NO,5647
chrX,54665659,54667647,NO,1988
chr5,149018263,149021175,NO,2912
chr11,65170840,65172912,NO,2072
chr22,33924994,33936953,NO,11959
chr14,55848999,55852096,NO,3097
chr22,27028260,27041622,NO,13362
chr2,67672710,67679747,NO,7037
chr18,59236081,59249896,NO,13815
chr5,95668232,95675588,NO,7356
chr20,19027655,19030975,NO,3320
chr2,238670784,238675875,NO,5091
chr1,205282294,205286132,NO,3838
chr9,86046529,86064928,NO,18399
chr2,202083800,202104951,NO,21151
chr4,186424412,186436051,NO,11639
chr16,67955366,67958865,NO,3499
chr17,33894563,33895872,NO,1309
chr17,45144244,45145119,NO,875
chr1,67926115,67929943,NO,3828
chr12,6387098,6389797,NO,2699
chr21,27934765,27944038,NO,9273
chr22,31565719,31576128,NO,10409
chr2,134743355,134751240,NO,7885
chr4,2932574,2936218,NO,3644
chr2,220112588,220115513,NO,2925
chr9,112469195,112472073,NO,2878
chr9,33043751,33045185,NO,1434
chr5,151118858,151126348,NO,7490
chr12,93292509,93294294,NO,1785
chr1,113392369,113393750,NO,1381
chr12,93690224,93697022,NO,6798
chr1,46084568,46089098,NO,4530
chr2,15843347,15850259,NO,6912
chr8,131616048,131618629,NO,2581
chr1,42884785,42887485,NO,2700
chr18,56594281,56621579,NO,27298
chr11,36509483,36523765,NO,14282
chr8,135805483,135821938,NO,16455
chr2,101349880,101374960,NO,25080
chr4,190759523,190761571,NO,2048
chr10,10683758,10687473,NO,3715
chr9,137621770,137628647,NO,6877
chr5,76085238,76102663,NO,17425
chr9,97758059,97760123,NO,2064
chr5,54928275,54933275,NO,5000
chr21,37558582,37561413,NO,2831
chr11,45109435,45111970,NO,2535
chr17,26696548,26699841,NO,3293
chr4,184704862,184729731,NO,24869
chr21,37502169,37503018,NO,849
chr4,166500446,166504604,NO,4158
chrX,48562396,48571184,NO,8788
chr15,101629926,101633455,NO,3529
chr7,72394982,72396678,NO,1696
chr16,23474862,23479349,NO,4487
chr17,3879374,3893217,NO,13843
chr17,28634,32463,NO,3829
chr4,124665879,124672067,NO,6188
chr7,35224837,35226633,NO,1796
chr5,55881055,55885942,NO,4887
chr21,38787278,38809050,NO,21772
chr10,62332010,62337088,NO,5078
chr12,58009094,58014183,NO,5089
chr6,170336764,170339766,NO,3002
chr16,54267170,54274216,NO,7046
chr13,24226870,24233579,NO,6709
chr1,25687658,25692023,NO,4365
chr1,164792376,164806566,NO,14190
chr12,58274667,58276193,NO,1526
chr3,114811029,114819790,NO,8761
chr10,75337300,75351623,NO,14323
chr17,21111522,21114404,NO,2882
chr2,74452719,74454566,NO,1847
chr5,36521672,36536671,NO,14999
chr9,137532624,137535917,NO,3293
chr17,40175365,40177884,NO,2519
chr8,141286083,141296131,NO,10048
chr6,41649659,41651827,NO,2168
chr6,154730656,154732676,NO,2020
chr3,27360978,27369382,NO,8404
chr3,129376735,129384530,NO,7795
chrX,16621729,16625067,NO,3338
chr14,23854424,23856239,NO,1815
chr16,87465156,87470534,NO,5378
chr14,62522737,62523931,NO,1194
chr2,232347226,232349130,NO,1904
chr20,37494612,37504474,NO,9862
chr3,172297977,172325871,NO,27894
chr6,166179162,166189235,NO,10073
chr9,91563785,91569296,NO,5511
chr1,40005412,40007624,NO,2212
chr1,61448835,61456769,NO,7934
chr14,104548632,104554285,NO,5653
chr19,31209436,31211504,NO,2068
chr5,135388678,135407508,NO,18830
chr18,32846653,32848677,NO,2024
chr1,216927005,216939983,NO,12978
chr7,27873325,27875714,NO,2389
chr2,88395952,88400950,NO,4998
chr13,23422637,23423915,NO,1278
chr17,42661337,42665618,NO,4281
chr5,14295298,14298700,NO,3402
chr11,86627295,86630818,NO,3523
chr18,60828270,60830268,NO,1998
chr10,3612381,3617424,NO,5043
chr18,3215725,3218459,NO,2734
chrX,15712375,15715922,NO,3547
chr20,48384450,48393238,NO,8788
chr11,9737786,9742549,NO,4763
chr20,37598204,37614946,NO,16742
chr9,84211945,84229622,NO,17677
chr19,17457140,17469653,NO,12513
chr16,55510584,55522178,NO,11594
chr15,83775745,83783250,NO,7505
chr5,173279836,173288273,NO,8437
chr3,128804959,128808161,NO,3202
chr17,72966259,72969072,NO,2813
chr2,96657143,96658754,NO,1611
chr3,23906174,23919687,NO,13513
chr19,50650506,50651893,NO,1387
chr4,140839129,140843648,NO,4519
chr22,43423117,43425192,NO,2075
chr12,122429263,122435382,NO,6119
chr21,34752120,34756172,NO,4052
chr17,17616777,17618748,NO,1971
chr7,98693248,98725222,NO,31974
chr22,28470148,28472072,NO,1924
chr4,41143964,41157227,NO,13263
chr3,156323167,156334460,NO,11293
chr6,13354887,13368929,NO,14042
chr3,172467148,172469265,NO,2117
chr1,244325860,244328319,NO,2459
chr1,161184852,161187993,NO,3141
chr18,11366078,11367985,NO,1907
chr10,80561801,80565588,NO,3787
chr14,76168317,76191756,NO,23439
chr10,33439425,33444887,NO,5462
chr21,47547401,47549601,NO,2200
chr17,1902636,1903829,NO,1193
chr9,13896742,13901522,NO,4780
chr9,37936340,37939585,NO,3245
chr4,152639930,152641611,NO,1681
chr4,6826056,6842577,NO,16521
chr20,62843600,62866065,NO,22465
chr16,70510060,70514658,NO,4598
chr9,112728102,112737262,NO,9160
chr14,69692779,69708191,NO,15412
chr9,137101820,137108578,NO,6758
chr12,96464240,96473340,NO,9100
chr7,75228059,75241851,NO,13792
chr19,49841697,49844530,NO,2833
chr1,153478710,153480568,NO,1858
chr21,34568829,34585309,NO,16480
chr2,43018761,43021955,NO,3194
chr5,138235064,138241712,NO,6648
chr19,23455958,23457504,NO,1546
chr11,112049875,112059706,NO,9831
chr13,102519035,102521787,NO,2752
chr1,149910715,149911934,NO,1219
chr1,232613115,232623305,NO,10190
chr8,129026066,129031715,NO,5649
chr6,105793318,105808312,NO,14994
chr22,38250648,38259774,NO,9126
chr6,28948552,28954263,NO,5711
chr20,37078309,37083074,NO,4765
chr9,71553526,71558563,NO,5037
chr6,157426992,157430620,NO,3628
chr16,68017104,68028638,NO,11534
chr1,206629969,206635374,NO,5405
chr9,35944269,35953133,NO,8864
chr17,8075628,8078091,NO,2463
chr7,106061095,106066384,NO,5289
chr10,93100322,93109934,NO,9612
chr8,22529565,22531829,NO,2264
chr2,222382079,222395678,NO,13599
chr9,123332973,123335276,NO,2303
chr18,30004652,30019286,NO,14634
chr6,31548145,31549906,NO,1761
chr6,42243589,42248813,NO,5224
chr9,123630160,123632458,NO,2298
chr19,3930717,3932441,NO,1724
chr3,186756155,186762523,NO,6368
chr2,182852203,182857467,NO,5264
chr5,131589575,131602270,NO,12695
chr11,94840803,94843405,NO,2602
chr10,21603834,21605678,NO,1844
chr5,55753508,55762638,NO,9130
chr17,12887559,12894282,NO,6723
chr10,101756657,101766992,NO,10335
chr5,171066480,171068763,NO,2283
chr4,154571916,154582545,NO,10629
chr17,17676471,17678662,NO,2191
chr1,246732577,246747840,NO,15263
chr4,190970108,190971254,NO,1146
chr6,125517955,125520229,NO,2274
chr1,10694467,10701728,NO,7261
chr9,121765093,121768009,NO,2916
chr17,47591535,47593933,NO,2398
chr2,242156439,242169200,NO,12761
chrX,39377408,39379761,NO,2353
chr6,152541764,152568513,NO,26749
chr2,198814547,198825036,NO,10489
chr17,66948470,66959912,NO,11442
chr20,44546297,44554194,NO,7897
chr6,112163017,112171312,NO,8295
chr11,112975118,112990474,NO,15356
chrX,47037830,47039841,NO,2011
chr1,74703245,74714735,NO,11490
chr17,32310152,32312145,NO,1993
chr15,89524849,89526999,NO,2150
chr17,30453886,30455108,NO,1222
chr17,16767366,16769615,NO,2249
chr17,414855,424616,NO,9761
chr12,53508693,53510890,NO,2197
chr7,150482716,150486307,NO,3591
chr3,187768576,187771534,NO,2958
chr9,116160059,116162920,NO,2861
chr15,102153184,102166604,NO,13420
chr2,132227872,132230110,NO,2238
chr2,130959543,130961618,NO,2075
chr2,153347219,153370384,NO,23165
chr4,7939560,7942193,NO,2633
chrX,46184351,46187400,NO,3049
chr3,48170864,48173230,NO,2366
chr11,112433880,112436354,NO,2474
chr15,66231318,66233508,NO,2190
chr10,116025041,116032459,NO,7418
chr18,13678164,13689467,NO,11303
chr19,58520330,58521906,NO,1576
chr14,100485439,100498694,NO,13255
chr10,30128789,30132596,NO,3807
chr5,137726414,137729189,NO,2775
chr1,156821356,156823082,NO,1726
chr2,25207473,25220252,NO,12779
chr5,76462994,76465462,NO,2468
chrX,70401195,70403042,NO,1847
chr12,770584,773267,NO,2683
chr21,16571364,16578145,NO,6781
chr10,50260914,50298857,NO,37943
chr17,15190863,15196583,NO,5720
chrX,40613840,40615697,NO,1857
chr2,162196971,162197967,NO,996
chr2,99415251,99423528,NO,8277
chr2,15869793,15876063,NO,6270
chr11,68777760,68782927,NO,5167
chr1,53587526,53590796,NO,3270
chr14,20945082,20972617,NO,27535
chr4,166551863,166553557,NO,1694
chr7,116712588,116717660,NO,5072
chr13,30070075,30083721,NO,13646
chr19,13841275,13843181,NO,1906
chr4,11905570,11915382,NO,9812
chr10,23137569,23144814,NO,7245
chr11,47274917,47277225,NO,2308
chr12,76328326,76348051,NO,19725
chrX,108779596,108781104,NO,1508
chr17,18600849,18602198,NO,1349
chr7,35504659,35507001,NO,2342
chr19,44029211,44031911,NO,2700
chr20,49530188,49546905,NO,16717
chr22,43087001,43089754,NO,2753
chr3,45208406,45212601,NO,4195
chr17,38259018,38260449,NO,1431
chr14,91078516,91107977,NO,29461
chr17,73109820,73111489,NO,1669
chr3,40918748,40921134,NO,2386
chr5,77869917,77893380,NO,23463
chrX,150871064,150893432,NO,22368
chr20,46012272,46021856,NO,9584
chr11,35833124,35837547,NO,4423
chr8,81902363,81905892,NO,3529
chr3,181075012,181081511,NO,6499
chr3,71251009,71260426,NO,9417
chr12,71005284,71022654,NO,17370
chr13,99471381,99475049,NO,3668
chr1,112005414,112025331,NO,19917
chr17,66200970,66202622,NO,1652
chr17,78805931,78807631,NO,1700
chr4,106543144,106559492,NO,16348
chr12,50635193,50652431,NO,17238
chr1,66910897,66917352,NO,6455
chr12,92896801,92900935,NO,4134
chr18,32286816,32289940,NO,3124
chr5,56949216,56962109,NO,12893
chr14,95874052,95877697,NO,3645
chr17,29335008,29336689,NO,1681
chr6,35148750,35154050,NO,5300
chr8,101911798,101921556,NO,9758
chr19,12305083,12306774,NO,1691
chr17,66772563,66791588,NO,19025
chr22,40271181,40272159,NO,978
chr6,30460017,30469133,NO,9116
chr9,80460963,80464626,NO,3663
chr3,188007272,188009231,NO,1959
chr3,184299965,184316959,NO,16994
chr22,38328118,38330600,NO,2482
chr12,11857649,11873004,NO,15355
chr3,9987673,9989578,NO,1905
chr9,130665426,130668217,NO,2791
chr2,164204203,164205673,NO,1470
chr12,133174917,133181146,NO,6229
chr6,11649938,11654445,NO,4507
chr10,90833235,90847470,NO,14235
chrX,99902182,99906008,NO,3826
chr6,29893391,29895440,NO,2049
chr9,15295055,15297816,NO,2761
chr18,53398651,53402863,NO,4212
chr22,47337885,47339962,NO,2077
chr8,13219301,13225692,NO,6391
chr15,30201566,30218144,NO,16578
chr1,150159774,150165313,NO,5539
chr8,23395977,23412731,NO,16754
chr2,241836900,241839297,NO,2397
chr1,41784169,41786546,NO,2377
chr7,29025454,29038483,NO,13029
chr21,47766622,47769742,NO,3120
chr10,13674532,13677043,NO,2511
chr5,139669540,139676633,NO,7093
chr15,66909203,66912548,NO,3345
chr8,104162402,104165630,NO,3228
chr1,95257759,95269942,NO,12183
chr17,43337302,43341800,NO,4498
chr2,27485143,27488938,NO,3795
chr16,72971203,72973881,NO,2678
chr17,17588041,17590452,NO,2411
chr4,166142218,166145064,NO,2846
chr11,76783134,76794751,NO,11617
chr5,142333882,142345750,NO,11868
chr11,48101885,48103884,NO,1999
chr1,1477394,1480577,NO,3183
chr6,161393836,161396399,NO,2563
chr3,169336828,169353041,NO,16213
chr3,140313952,140317557,NO,3605
chr6,28907808,28912532,NO,4724
chr6,16699274,16714308,NO,15034
chr19,37742046,37743480,NO,1434
chr16,48569594,48573879,NO,4285
chr4,75479987,75481492,NO,1505
chr15,65536915,65552020,NO,15105
chr8,25771517,25793861,NO,22344
chr12,8085824,8088861,NO,3037
chr13,41161575,41172493,NO,10918
chr8,123692776,123707139,NO,14363
chr7,10264929,10279836,NO,14907
chr14,95724862,95732596,NO,7734
chr8,19613754,19615870,NO,2116
chr16,86773768,86775779,NO,2011
chr20,50148466,50150691,NO,2225
chr6,37247017,37253110,NO,6093
chr13,114154670,114156607,NO,1937
chr14,91162262,91165763,NO,3501
chr2,2772960,2774481,NO,1521
chr13,47229607,47254157,NO,24550
chr10,80782252,80784909,NO,2657
chr7,140266492,140270813,NO,4321
chr1,100653512,100655518,NO,2006
chr1,47102193,47109739,NO,7546
chr19,8582383,8592031,NO,9648
chr14,94507610,94518910,NO,11300
chr3,24178793,24188468,NO,9675
chr8,21867149,21868830,NO,1681
chr3,111539281,111543762,NO,4481
chr7,129989616,129997156,NO,7540
chr2,237538489,237552574,NO,14085
chr20,49303328,49309283,NO,5955
chr4,122310835,122319804,NO,8969
chr6,7467874,7469413,NO,1539
chr16,81644853,81647406,NO,2553
chr2,16833316,16847132,NO,13816
chr17,2868444,2871389,NO,2945
chr5,128431881,128435117,NO,3236
chr1,59549584,59573978,NO,24394
chr3,107380349,107403868,NO,23519
chr19,37177483,37179248,NO,1765
chr3,8484898,8486858,NO,1960
chr11,63334312,63343102,NO,8790
chr1,74770905,74790983,NO,20078
chr16,18969729,18974060,NO,4331
chr1,7073267,7074927,NO,1660
chr6,25178413,25195155,NO,16742
chr8,142215890,142219617,NO,3727
chr3,99721200,99728723,NO,7523
chr4,38319632,38322325,NO,2693
chr12,115941263,115946591,NO,5328
chr2,86898189,86903421,NO,5232
chr2,42359684,42370421,NO,10737
chr4,24471543,24475494,NO,3951
chrX,154234204,154237534,NO,3330
chr16,67249932,67252049,NO,2117
chr3,41158217,41162520,NO,4303
chr2,28750010,28752038,NO,2028
chr10,135461946,135462951,NO,1005
chr4,54568248,54569972,NO,1724
chr1,220905312,220907025,NO,1713
chr12,71038515,71056095,NO,17580
chr6,13553924,13556345,NO,2421
chr7,1978749,1983749,NO,5000
chr15,92344593,92347288,NO,2695
chr16,66963431,66965064,NO,1633
chr1,16839893,16848028,NO,8135
chr14,104604009,104607080,NO,3071
chr10,115651228,115660394,NO,9166
chr6,36736187,36738647,NO,2460
chr11,111810427,111813716,NO,3289
chr5,170920926,170923863,NO,2937
chr6,30482750,30484733,NO,1983
chr4,6887159,6888876,NO,1717
chr18,25575836,25593897,NO,18061
chr4,7906633,7913819,NO,7186
chr16,29836098,29837965,NO,1867
chr11,68544913,68548950,NO,4037
chr2,201269454,201271884,NO,2430
chr9,109211487,109214557,NO,3070
chr19,42900251,42906739,NO,6488
chr20,46394452,46403882,NO,9430
chr3,64962366,64982512,NO,20146
chr1,223279958,223289422,NO,9464
chr6,28071987,28073315,NO,1328
chr21,47974844,47990317,NO,15473
chr21,28157072,28173940,NO,16868
chr12,30947367,30949695,NO,2328
chr12,123427158,123432537,NO,5379
chr1,232146735,232149909,NO,3174
chr2,32492139,32494970,NO,2831
chrX,309198,311524,NO,2326
chr12,53853895,53861226,NO,7331
chr9,34379255,34381969,NO,2714
chr2,101878450,101883438,NO,4988
chr10,128810137,128812404,NO,2267
chr15,89190709,89203741,NO,13032
chrX,55033612,55036391,NO,2779
chr7,44806882,44809901,NO,3019
chr21,18832089,18836595,NO,4506
chr5,64398162,64399631,NO,1469
chr1,202779081,202780672,NO,1591
chr14,107251783,107254277,NO,2494
chr11,117970197,117989703,NO,19506
chr11,46614607,46616340,NO,1733
chrX,129218680,129234311,NO,15631
chr8,117812648,117815865,NO,3217
chr1,229430957,229436145,NO,5188
chr3,81791617,81794081,NO,2464
chr6,9397970,9399876,NO,1906
chr10,4385956,4389057,NO,3101
chr14,102386378,102396417,NO,10039
chr9,34362666,34365615,NO,2949
chr13,40918149,40927564,NO,9415
chr1,152139606,152141839,NO,2233
chr3,48075094,48083962,NO,8868
chr20,33507004,33511616,NO,4612
chr19,601460,611699,NO,10239
chr12,52240797,52246535,NO,5738
chr6,2477815,2481790,NO,3975
chr10,103118052,103128472,NO,10420
chr7,32708161,32709635,NO,1474
chr9,69064588,69066027,NO,1439
chr4,3042582,3044733,NO,2151
chr5,127730340,127732372,NO,2032
chr7,93926123,93933692,NO,7569
chr12,117102895,117114702,NO,11807
chr13,49116004,49117539,NO,1535
chr12,6999573,7001166,NO,1593
chr1,161979337,161982567,NO,3230
chr3,176667838,176672144,NO,4306
chr1,212838433,212842361,NO,3928
chr4,186842700,186855060,NO,12360
chr14,102171793,102189278,NO,17485
chr11,19462845,19464682,NO,1837
chr16,74930378,74938166,NO,7788
chr15,40730769,40749466,NO,18697
chr8,55155114,55159020,NO,3906
chr6,163628725,163637507,NO,8782
chr3,24474958,24488548,NO,13590
chr1,11192707,11218631,NO,25924
chr5,170999512,171008449,NO,8937
chr2,240072350,240075054,NO,2704
chr13,99187723,99197183,NO,9460
chr3,185954084,185960870,NO,6786
chr7,44115650,44119309,NO,3659
chr11,57769789,57773122,NO,3333
chr3,44621843,44622932,NO,1089
chr4,152992493,152994288,NO,1795
chr6,148785473,148794195,NO,8722
chr18,3212658,3215676,NO,3018
chr20,52444271,52447283,NO,3012
chr4,154162301,154171295,NO,8994
chr8,13069472,13083139,NO,13667
chr8,144904138,144907524,NO,3386
chr13,52359757,52361779,NO,2022
chr19,932491,941768,NO,9277
chr1,244818804,244836749,NO,17945
chr4,143001920,143013840,NO,11920
chrX,45057640,45061495,NO,3855
chr14,95064902,95068967,NO,4065
chr22,45897903,45908863,NO,10960
chr7,114619455,114629587,NO,10132
chr14,68972447,68990463,NO,18016
chr18,45935130,45937373,NO,2243
chrX,71298213,71301614,NO,3401
chr17,63118795,63119994,NO,1199
chr3,47865723,47867438,NO,1715
chr5,167636662,167656986,NO,20324
chr2,97507217,97510544,NO,3327
chr18,2635194,2638229,NO,3035
chrX,48373287,48375838,NO,2551
chr2,19872683,19879019,NO,6336
chr18,34332726,34339854,NO,7128
chr18,6728725,6730398,NO,1673
chr6,15592728,15597115,NO,4387
chr3,38500253,38503219,NO,2966
chr6,136190848,136202217,NO,11369
chr7,113724240,113727730,NO,3490
chr7,141061680,141070447,NO,8767
chr4,89146306,89162060,NO,15754
chr3,9905692,9906853,NO,1161
chr2,231183055,231189651,NO,6596
chr7,53304979,53306719,NO,1740
chr12,52590905,52593968,NO,3063
chr3,138492931,138494755,NO,1824
chr1,109358682,109374239,NO,15557
chr1,228072863,228076353,NO,3490
chr8,22342242,22344360,NO,2118
chr9,18436824,18439159,NO,2335
chr8,8187721,8205040,NO,17319
chr8,11473084,11500795,NO,27711
chr3,69338851,69342913,NO,4062
chrX,10050659,10054958,NO,4299
chr15,93276825,93278109,NO,1284
chr1,158146831,158148045,NO,1214
chr5,78202483,78208642,NO,6159
chr4,25173136,25176743,NO,3607
chr21,17829520,17849109,NO,19589
chr7,14873871,14876858,NO,2987
chr4,38191480,38193302,NO,1822
chr3,101848507,101862078,NO,13571
chr3,50323163,50326652,NO,3489
chr7,101666427,101668838,NO,2411
chr3,16215333,16218783,NO,3450
chr5,80299357,80303586,NO,4229
chr19,44203926,44206145,NO,2219
chr13,39921084,39925346,NO,4262
chr17,55647991,55652317,NO,4326
chr14,78107391,78109129,NO,1738
chr2,19983948,19987016,NO,3068
chr11,3062702,3065660,NO,2958
chr5,142381266,142386692,NO,5426
chr1,112445611,112448440,NO,2829
chr4,120256612,120259455,NO,2843
chr3,66138937,66140763,NO,1826
chr15,23157041,23159483,NO,2442
chr11,43707389,43709856,NO,2467
chr8,61431070,61434920,NO,3850
chr20,58410494,58415493,NO,4999
chr13,49227008,49235202,NO,8194
chr11,115492838,115494656,NO,1818
chr14,77350642,77352591,NO,1949
chr14,102438346,102448032,NO,9686
chr21,40934051,40936808,NO,2757
chr2,24657169,24659600,NO,2431
chr18,56003765,56011918,NO,8153
chr7,381256,383298,NO,2042
chr7,156687344,156697065,NO,9721
chr5,53941894,53952566,NO,10672
chr5,118670097,118674468,NO,4371
chr2,48475695,48477703,NO,2008
chr20,48839976,48842057,NO,2081
chr10,31708387,31715646,NO,7259
chr12,68322489,68337089,NO,14600
chr11,93884599,93886510,NO,1911
chr1,62417098,62422483,NO,5385
chr2,223655776,223661857,NO,6081
chr3,150065581,150068076,NO,2495
chr7,17344422,17348091,NO,3669
chr11,45010852,45012860,NO,2008
chr15,68175630,68177959,NO,2329
chr1,224074892,224076664,NO,1772
chr5,141658884,141661310,NO,2426
chr6,46315965,46321183,NO,5218
chr13,35320968,35323342,NO,2374
chr17,55109737,55114726,NO,4989
chr8,22768664,22776640,NO,7976
chr4,1728049,1730354,NO,2305
chr1,115905869,115908008,NO,2139
chr12,7242813,7245953,NO,3140
chr16,85524669,85526910,NO,2241
chr7,32976224,32978143,NO,1919
chr16,87615517,87617722,NO,2205
chr8,94410114,94417871,NO,7757
chr6,46246880,46270365,NO,23485
chr2,134431292,134435087,NO,3795
chr8,134448750,134450833,NO,2083
chr17,1571939,1574534,NO,2595
chr3,15360146,15372037,NO,11891
chr12,119684257,119685967,NO,1710
chr5,169577645,169579660,NO,2015
chr17,79454580,79455944,NO,1364
chr2,157255991,157257814,NO,1823
chr15,38666645,38671320,NO,4675
chr12,115772456,115792763,NO,20307
chr15,101226070,101229140,NO,3070
chr1,147292845,147295129,NO,2284
chr3,71544813,71548354,NO,3541
chr15,35597984,35602973,NO,4989
chr10,13569724,13571911,NO,2187
chr6,105080682,105093167,NO,12485
chr22,38429242,38436146,NO,6904
chr8,125051922,125054709,NO,2787
chr7,810474,822010,NO,11536
chr8,131526414,131543449,NO,17035
chr8,62584337,62600422,NO,16085
chr17,55481389,55485427,NO,4038
chr7,44099152,44103002,NO,3850
chr1,92066047,92070892,NO,4845
chr17,41115713,41117214,NO,1501
chr6,21664125,21668100,NO,3975
chr2,86151361,86164220,NO,12859
chrX,28628081,28646499,NO,18418
chr11,86221927,86236060,NO,14133
chr21,27484773,27503120,NO,18347
chr5,148962447,148986381,NO,23934
chr9,139130417,139132085,NO,1668
chr15,40712200,40714535,NO,2335
chr6,160136822,160138578,NO,1756
chrX,43721690,43738415,NO,16725
chr22,17738328,17747835,NO,9507
chr3,42585642,42589616,NO,3974
chr5,126183046,126188433,NO,5387
chr12,20741144,20756360,NO,15216
chr3,16510249,16524182,NO,13933
chr19,21786050,21788349,NO,2299
chr12,60008647,60014758,NO,6111
chr18,5894120,5896583,NO,2463
chr19,42052021,42058626,NO,6605
chr2,72982737,72987657,NO,4920
chr18,48136995,48142993,NO,5998
chr12,76862701,76865785,NO,3084
chr1,168049362,168055337,NO,5975
chr5,141980208,141988038,NO,7830
chr3,64135569,64148670,NO,13101
chr10,102124611,102131691,NO,7080
chr8,125120944,125128013,NO,7069
chr10,35437929,35443441,NO,5512
chr17,40399487,40401555,NO,2068
chr9,101264074,101266140,NO,2066
chr18,7676153,7684384,NO,8231
chr5,125378360,125380502,NO,2142
chr17,2842800,2844515,NO,1715
chr6,157198337,157210036,NO,11699
chrX,8005628,8023478,NO,17850
chr14,51784930,51803230,NO,18300
chr6,134662615,134668298,NO,5683
chrX,39614334,39632174,NO,17840
chrX,51635172,51638765,NO,3593
chr10,112169949,112187384,NO,17435
chr1,205647357,205649611,NO,2254
chr10,33413663,33419558,NO,5895
chr15,75107127,75110807,NO,3680
chr13,102663603,102665713,NO,2110
chr6,31196211,31198764,NO,2553
chr2,11969045,11971112,NO,2067
chr3,29793143,29801871,NO,8728
chr1,216788142,216801104,NO,12962
chr12,3107317,3109326,NO,2009
chr3,49452888,49455796,NO,2908
chr6,14431508,14450733,NO,19225
chr15,40268267,40269592,NO,1325
chr1,209941509,209943771,NO,2262
chr8,94709927,94711841,NO,1914
chr13,42066528,42071665,NO,5137
chr2,161840444,161851084,NO,10640
chr8,18811980,18815754,NO,3774
chr7,28076005,28077792,NO,1787
chr8,141536365,141539071,NO,2706
chr12,60045231,60069487,NO,24256
chr10,77530188,77539847,NO,9659
chr20,32803229,32804283,NO,1054
chr16,58761170,58763730,NO,2560
chr7,99229292,99236770,NO,7478
chr9,90524237,90525216,NO,979
chr15,59023464,59035750,NO,12286
chrX,53467201,53469499,NO,2298
chr16,69515447,69517030,NO,1583
chr21,47714516,47718479,NO,3963
chr1,118363463,118369945,NO,6482
chr6,22880833,22893462,NO,12629
chr14,75383209,75385053,NO,1844
chr2,27495926,27497564,NO,1638
chr8,637403,641590,NO,4187
chr13,52295274,52314148,NO,18874
chr1,24246084,24247956,NO,1872
chr15,64148794,64152185,NO,3391
chr5,96287899,96304821,NO,16922
chr14,91293990,91306721,NO,12731
chr16,55945505,55947170,NO,1665
chr2,132245204,132247068,NO,1864
chr13,21648501,21654817,NO,6316
chr10,64966469,64971072,NO,4603
chr1,220922949,220927318,NO,4369
chr2,11507980,11516454,NO,8474
chr21,40411810,40440181,NO,28371
chr6,163974894,163986527,NO,11633
chr16,2546695,2549582,NO,2887
chr22,39692827,39695093,NO,2266
chr8,126478359,126483289,NO,4930
chr20,33555824,33557387,NO,1563
chrX,13046609,13049176,NO,2567
chr1,165344866,165346501,NO,1635
chr2,9734469,9753318,NO,18849
chr7,5632177,5636507,NO,4330
chr12,71112638,71117075,NO,4437
chr17,18758797,18760229,NO,1432
chr5,123143174,123151085,NO,7911
chr3,111520602,111522607,NO,2005
chr10,10665109,10667672,NO,2563
chr20,50186367,50188245,NO,1878
chr6,122147147,122172640,NO,25493
chr7,102573344,102579998,NO,6654
chr1,19406893,19413751,NO,6858
chr3,13525855,13527512,NO,1657
chr2,12633000,12642554,NO,9554
chr1,212691428,212699935,NO,8507
chr22,31271506,31275191,NO,3685
chr17,55406669,55409359,NO,2690
chr1,145648768,145653621,NO,4853
chr3,71069604,71082520,NO,12916
chr7,142448226,142450558,NO,2332
chr6,168936720,168942650,NO,5930
chr3,15676687,15689942,NO,13255
chr17,1170449,1172181,NO,1732
chr7,51417659,51425512,NO,7853
chr18,46519817,46525436,NO,5619
chr16,80965590,80967094,NO,1504
chr12,121903929,121906621,NO,2692
chr12,110479804,110487117,NO,7313
chr3,128770608,128773107,NO,2499
chr7,29409329,29411492,NO,2163
chr5,82391113,82393149,NO,2036
chr5,82766833,82770716,NO,3883
chr11,65202711,65204565,NO,1854
chr1,62103752,62107218,NO,3466
chr1,237630687,237641761,NO,11074
chr6,28350676,28351996,NO,1320
chrX,128811467,128840736,NO,29269
chr10,80536497,80538405,NO,1908
chr20,20257657,20259554,NO,1897
chr8,145702850,145704593,NO,1743
chr7,43911685,43919166,NO,7481
chr11,1283195,1289330,NO,6135
chr1,85690432,85695899,NO,5467
chr9,4548803,4555945,NO,7142
chr16,88739752,88742053,NO,2301
chr21,37304003,37305760,NO,1757
chr11,5710787,5713239,NO,2452
chr3,126678765,126681484,NO,2719
chr2,182903107,182929670,NO,26563
chr1,20684281,20686316,NO,2035
chr16,69477020,69483102,NO,6082
chr1,100193106,100195380,NO,2274
chr5,90402508,90423215,NO,20707
chr5,111016249,111018525,NO,2276
chr15,41912836,41914541,NO,1705
chr15,51627653,51641928,NO,14275
chr12,112228838,112236706,NO,7868
chr5,139364840,139366351,NO,1511
chr13,43842827,43845380,NO,2553
chr20,280956,291471,NO,10515
chr10,73136445,73138037,NO,1592
chr13,40808060,40812069,NO,4009
chr3,187974688,187977632,NO,2944
chr14,75477704,75481156,NO,3452
chr5,179181716,179193706,NO,11990
chr10,13143663,13144954,NO,1291
chr18,56421592,56430655,NO,9063
chr14,75776904,75782533,NO,5629
chr9,71887745,71889428,NO,1683
chr17,55595520,55602041,NO,6521
chr4,146682214,146696119,NO,13905
chr20,30815069,30816780,NO,1711
chr12,45718335,45738074,NO,19739
chr8,141247518,141249529,NO,2011
chr10,29862683,29864423,NO,1740
chr18,77709596,77712400,NO,2804
chr20,17875496,17891403,NO,15907
chr1,45813381,45827103,NO,13722
chr11,4208190,4225792,NO,17602
chr10,31684391,31694092,NO,9701
chr16,14492787,14494715,NO,1928
chr2,230993581,230999891,NO,6310
chr2,197182895,197196502,NO,13607
chr6,150772716,150775105,NO,2389
chr10,104904816,104915639,NO,10823
chr16,23575631,23577382,NO,1751
chr5,68004765,68007609,NO,2844
chr12,45692867,45703673,NO,10806
chr12,21969095,21985483,NO,16388
chr1,172326882,172328654,NO,1772
chr4,47578622,47581878,NO,3256
chr11,69956463,69964182,NO,7719
chr20,40965377,40968712,NO,3335
chrX,135936217,135950231,NO,14014
chr7,136677794,136694496,NO,16702
chr2,128265495,128274425,NO,8930
chr11,64917550,64919233,NO,1683
chr7,178744,193697,NO,14953
chr1,185614714,185624789,NO,10075
chr12,111281953,111283763,NO,1810
chr20,6054598,6057483,NO,2885
chr3,107317337,107323949,NO,6612
chr18,13629708,13643042,NO,13334
chr13,44587176,44593291,NO,6115
chr9,109437265,109445326,NO,8061
chr16,82334797,82351950,NO,17153
chr3,50629444,50631187,NO,1743
chr10,90710546,90713603,NO,3057
chr18,44290529,44299464,NO,8935
chr4,169329705,169333984,NO,4279
chr1,237974958,237981832,NO,6874
chr11,61872067,61880424,NO,8357
chr22,29732823,29741200,NO,8377
chr10,116081456,116089635,NO,8179
chr8,118730476,118744557,NO,14081
chr2,173831542,173835403,NO,3861
chr16,3842435,3844192,NO,1757
chr6,34831102,34835695,NO,4593
chr4,77444658,77448532,NO,3874
chr17,78864795,78866866,NO,2071
chr8,22561964,22563591,NO,1627
chr12,20780075,20796402,NO,16327
chr10,8411266,8420958,NO,9692
chr13,29958286,29960232,NO,1946
chr1,110333019,110337472,NO,4453
chr4,123704033,123705825,NO,1792
chr20,23185568,23187382,NO,1814
chr12,68758270,68759801,NO,1531
chr4,48255834,48258348,NO,2514
chr8,18413003,18420310,NO,7307
chr8,128863381,128867681,NO,4300
chr1,26401670,26403530,NO,1860
chr6,15620703,15623795,NO,3092
chr5,33290532,33300270,NO,9738
chr17,78044265,78045900,NO,1635
chr10,64873812,64876514,NO,2702
chr1,219349581,219363134,NO,13553
chr2,20226973,20236561,NO,9588
chr6,20115293,20127897,NO,12604
chr8,13049948,13052889,NO,2941
chr2,64487861,64501788,NO,13927
chr16,1706371,1708386,NO,2015
chr9,133048344,133050807,NO,2463
chr3,141559328,141580514,NO,21186
chr11,68922749,68934719,NO,11970
chr13,51085916,51088259,NO,2343
chr17,75217618,75221011,NO,3393
chr8,38894945,38897042,NO,2097
chr16,78680276,78682860,NO,2584
chr22,35767520,35773686,NO,6166
chr11,60637610,60640964,NO,3354
chr12,122096467,122097812,NO,1345
chr1,231408612,231415108,NO,6496
chr3,49381858,49394392,NO,12534
chr6,3721800,3726072,NO,4272
chr19,53659647,53662986,NO,3339
chr12,12036801,12039325,NO,2524
chr9,100054342,100057272,NO,2930
chr5,149559146,149561092,NO,1946
chr18,13417739,13437463,NO,19724
chr2,46318309,46326514,NO,8205
chr6,157609344,157611385,NO,2041
chr16,63650917,63652693,NO,1776
chr4,38155638,38162972,NO,7334
chr2,173792226,173796712,NO,4486
chr7,37070919,37072639,NO,1720
chr17,40512858,40515312,NO,2454
chr5,58612450,58625236,NO,12786
chr13,40975952,40984280,NO,8328
chr13,51102677,51104086,NO,1409
chr19,16774595,16783281,NO,8686
chr5,118720604,118748000,NO,27396
chr1,154780582,154783477,NO,2895
chr21,47511345,47513547,NO,2202
chr7,28994809,28999004,NO,4195
chr21,47529195,47531491,NO,2296
chr5,142915672,142937127,NO,21455
chr21,18912087,18927735,NO,15648
chr5,127810396,127814931,NO,4535
chr13,49197481,49201208,NO,3727
chr2,72107378,72111624,NO,4246
chr16,54479848,54481608,NO,1760
chr10,76829829,76831805,NO,1976
chr12,52540291,52542692,NO,2401
chrX,21759851,21773558,NO,13707
chr10,88648223,88661475,NO,13252
chr15,74531366,74545169,NO,13803
chrX,46486335,46489443,NO,3108
chr2,61663296,61667678,NO,4382
chr2,1655837,1659713,NO,3876
chr8,55062926,55066765,NO,3839
chr7,137556026,137567705,NO,11679
chr20,52353231,52355781,NO,2550
chr4,146830281,146832041,NO,1760
chr9,97826732,97828489,NO,1757
chr15,64363188,64364685,NO,1497
chr1,115604545,115628798,NO,24253
chr8,97207470,97211357,NO,3887
chr9,130389084,130397386,NO,8302
chr8,128821204,128823463,NO,2259
chr17,19240173,19251426,NO,11253
chr11,111410677,111413312,NO,2635
chr12,102204252,102219254,NO,15002
chr10,50209340,50217887,NO,8547
chr18,7272491,7274163,NO,1672
chr11,44961129,44969476,NO,8347
chr18,32414412,32419394,NO,4982
chr2,70321032,70323476,NO,2444
chr17,6229157,6231957,NO,2800
chr20,45027688,45031036,NO,3348
chr2,13023970,13026378,NO,2408
chr1,246760589,246781105,NO,20516
chr16,14378703,14380999,NO,2296
chrX,62964656,62973063,NO,8407
chr10,24737300,24754130,NO,16830
chr1,43671045,43673844,NO,2799
chr11,46513304,46528507,NO,15203
chr15,39780043,39785171,NO,5128
chr11,12499520,12505866,NO,6346
chr10,90734924,90741865,NO,6941
chr5,146860985,146864724,NO,3739
chr8,101224819,101226053,NO,1234
chr2,162878496,162893976,NO,15480
chr6,140083582,140086437,NO,2855
chr2,129223813,129226305,NO,2492
chr5,23026354,23029149,NO,2795
chr20,56202184,56204277,NO,2093
chr15,45929151,45941533,NO,12382
chr2,121226949,121229077,NO,2128
chr13,60032340,60035698,NO,3358
chr6,54119501,54121594,NO,2093
chr4,170145953,170159978,NO,14025
chr8,8698774,8724099,NO,25325
chr19,37463257,37465094,NO,1837
chr14,93251467,93253041,NO,1574
chr12,116892457,116895043,NO,2586
chr10,116185537,116188163,NO,2626
chr12,50605167,50616635,NO,11468
chr11,112449724,112453089,NO,3365
chr1,2136666,2138058,NO,1392
chr12,116757041,116759325,NO,2284
chrX,107365728,107375947,NO,10219
chr9,74919211,74931232,NO,12021
chr10,124100154,124105104,NO,4950
chr5,157841099,157859249,NO,18150
chr1,25984185,25986276,NO,2091
chr14,31730969,31733697,NO,2728
chr11,33951396,33964022,NO,12626
chr7,82033120,82041479,NO,8359
chr16,73205146,73208502,NO,3356
chr15,34725948,34727652,NO,1704
chr5,138708813,138710969,NO,2156
chr18,19410248,19414529,NO,4281
chr20,17775714,17790059,NO,14345
chr9,108219851,108222225,NO,2374
chr21,30516665,30536031,NO,19366
chr10,73306740,73308588,NO,1848
chr3,29554155,29573018,NO,18863
chr3,61620294,61623920,NO,3626
chr7,105779248,105781348,NO,2100
chr17,71196962,71200574,NO,3612
chr8,49619741,49622006,NO,2265
chr4,10055101,10057482,NO,2381
chr6,41015827,41018571,NO,2744
chr17,47293377,47295771,NO,2394
chr15,101660976,101668874,NO,7898
chr11,125207332,125209944,NO,2612
chr8,19864444,19870435,NO,5991
chr16,30855596,30868470,NO,12874
chr3,33699873,33701889,NO,2016
chr7,100041489,100043322,NO,1833
chr1,59508986,59529726,NO,20740
chr13,49670647,49673486,NO,2839
chr19,43966971,43980163,NO,13192
chr9,6779183,6789203,NO,10020
chr2,237567777,237572689,NO,4912
chr15,38421555,38423565,NO,2010
chr10,120670169,120674157,NO,3988
chr9,127557116,127560502,NO,3386
chr1,249135241,249137898,NO,2657
chr15,43414434,43415876,NO,1442
chr10,35046965,35058319,NO,11354
chr3,15297384,15299575,NO,2191
chr9,91612296,91614537,NO,2241
chr7,1730890,1732817,NO,1927
chr2,74197296,74213217,NO,15921
chr3,125927021,125933123,NO,6102
chr3,65384713,65398658,NO,13945
chr2,131554957,131556308,NO,1351
chr2,109882280,109885170,NO,2890
chr16,89929243,89931230,NO,1987
chr14,33289004,33291417,NO,2413
chr16,72910350,72913224,NO,2874
chr15,99846231,99848434,NO,2203
chr8,41685419,41686787,NO,1368
chr16,10416734,10428931,NO,12197
chr16,3823616,3825579,NO,1963
chr18,53174722,53183133,NO,8411
chr10,13987429,14003561,NO,16132
chr17,41592724,41609011,NO,16287
chr9,114773762,114775694,NO,1932
chr3,142569023,142577348,NO,8325
chr8,41014561,41016765,NO,2204
chr5,142281190,142288658,NO,7468
chr9,135088689,135090466,NO,1777
chr2,1819953,1821673,NO,1720
chr2,99120982,99125985,NO,5003
chr9,16704027,16705763,NO,1736
chr5,38600610,38602596,NO,1986
chr7,1704260,1708933,NO,4673
chr18,3207205,3208717,NO,1512
chr11,100904664,100918975,NO,14311
chr11,64756394,64758411,NO,2017
chr19,45188091,45199467,NO,11376
chr6,122328270,122332542,NO,4272
chr13,23001028,23003337,NO,2309
chr1,28781894,28798566,NO,16672
chr17,40769523,40771471,NO,1948
chr1,10363716,10371004,NO,7288
chr13,34295143,34303306,NO,8163
chrX,18167010,18170909,NO,3899
chr1,200008233,200012248,NO,4015
chr3,53354674,53363589,NO,8915
chr2,10913662,10915428,NO,1766
chr7,27145866,27158671,NO,12805
chr20,30921427,30923020,NO,1593
chr16,67029870,67032195,NO,2325
chr8,140611882,140613945,NO,2063
chr10,52177210,52191896,NO,14686
chr7,37425107,37438965,NO,13858
chr8,27455198,27457784,NO,2586
chr7,127963121,127964941,NO,1820
chr4,114213149,114222168,NO,9019
chr1,2173178,2175534,NO,2356
chr11,45042838,45051535,NO,8697
chr4,96458370,96469698,NO,11328
chr4,23783678,23792084,NO,8406
chr14,93123594,93127242,NO,3648
chr1,25892759,25895793,NO,3034
chr5,158153524,158156238,NO,2714
chr22,36518921,36520533,NO,1612
chr5,158301807,158305251,NO,3444
chr5,9391256,9393710,NO,2454
chr9,136422764,136424584,NO,1820
chr18,71818103,71820530,NO,2427
chr9,97790012,97792470,NO,2458
chr6,129501720,129517186,NO,15466
chr1,112686033,112688358,NO,2325
chr4,101436800,101446851,NO,10051
chr11,45067151,45071286,NO,4135
chr22,24602563,24604858,NO,2295
chr8,1948514,1950646,NO,2132
chr3,149972184,149974062,NO,1878
chr10,78533821,78536126,NO,2305
chr17,79580439,79583030,NO,2591
chr16,15674857,15685548,NO,10691
chr17,76660721,76663113,NO,2392
chr1,214433087,214436387,NO,3300
chr8,120188864,120191173,NO,2309
chrX,48389335,48391448,NO,2113
chr3,177439956,177448464,NO,8508
chr3,43403889,43409223,NO,5334
chr9,137159068,137160598,NO,1530
chr11,73175297,73180959,NO,5662
chr7,148684040,148685564,NO,1524
chr14,76112178,76115445,NO,3267
chr9,109459600,109471291,NO,11691
chr21,40690605,40692589,NO,1984
chr6,31981312,31983698,NO,2386
chr9,71612986,71614985,NO,1999
chr12,20364424,20366493,NO,2069
chr2,183234845,183238265,NO,3420
chr9,33786472,33788674,NO,2202
chr7,70918403,70930040,NO,11637
chr3,17096058,17099033,NO,2975
chr10,73194618,73196833,NO,2215
chr16,3053870,3055376,NO,1506
chr15,48684613,48689028,NO,4415
chr20,11175640,11177842,NO,2202
chr5,175334399,175336623,NO,2224
chr3,192161443,192165020,NO,3577
chr10,30871989,30873825,NO,1836
chr2,134513336,134533032,NO,19696
chr15,37203770,37214625,NO,10855
chr2,56540482,56543562,NO,3080
chr19,23559601,23568201,NO,8600
chr3,61670821,61675020,NO,4199
chr18,34353263,34367261,NO,13998
chr4,62411398,62422647,NO,11249
chr3,130935031,130936784,NO,1753
chr11,133850441,133859908,NO,9467
chr11,17819346,17821392,NO,2046
chr19,30335192,30336983,NO,1791
chr1,8261424,8278119,NO,16695
chr13,114629598,114632834,NO,3236
chr7,150735578,150737517,NO,1939
chr22,28171318,28177135,NO,5817
chr1,41616676,41622272,NO,5596
chr5,127292781,127298006,NO,5225
chr2,208258639,208260597,NO,1958
chr8,52413551,52415425,NO,1874
chr5,75139125,75144803,NO,5678
chr12,14525824,14549676,NO,23852
chr3,194359726,194362092,NO,2366
chr1,63155159,63157045,NO,1886
chr5,38532147,38548980,NO,16833
chr16,72046410,72048829,NO,2419
chr5,6597575,6599568,NO,1993
chr22,49967754,49970048,NO,2294
chr20,48177744,48179868,NO,2124
chrX,12512212,12514836,NO,2624
chr1,59910676,59913054,NO,2378
chr3,53741903,53748720,NO,6817
chr2,114575317,114577186,NO,1869
chr16,25093485,25102589,NO,9104
chr9,2126206,2141379,NO,15173
chr5,177356545,177358673,NO,2128
chr19,53727565,53728255,NO,690
chr15,58782012,58783897,NO,1885
chr19,4097089,4099461,NO,2372
chr10,79748321,79749860,NO,1539
chr8,8645852,8662688,NO,16836
chr2,39636342,39641037,NO,4695
chr8,37678545,37685052,NO,6507
chr17,8061438,8062461,NO,1023
chr12,76115193,76119754,NO,4561
chr4,86953481,86955217,NO,1736
chr20,5628162,5640786,NO,12624
chr19,49945091,49947379,NO,2288
chr7,35031510,35044181,NO,12671
chr22,39695122,39696953,NO,1831
chr8,23033746,23035667,NO,1921
chr11,125313129,125328517,NO,15388
chr3,170670612,170671931,NO,1319
chr12,46838833,46845040,NO,6207
chr9,95715502,95717646,NO,2144
chr3,140794684,140797283,NO,2599
chr16,57791346,57794586,NO,3240
chr2,110447951,110449563,NO,1612
chr17,38106174,38110333,NO,4159
chr17,77892186,77893719,NO,1533
chr20,39828500,39842582,NO,14082
chr7,16779762,16783663,NO,3901
chr1,28401378,28406393,NO,5015
chr19,11958389,11960403,NO,2014
chr15,92709101,92711224,NO,2123
chr15,26093702,26096507,NO,2805
chr4,106911244,106913159,NO,1915
chr7,18125414,18127297,NO,1883
chr10,6154623,6167184,NO,12561
chr3,17019773,17037031,NO,17258
chr5,40406526,40411950,NO,5424
chr15,64230575,64234598,NO,4023
chr12,67851019,67866759,NO,15740
chr16,23434366,23436455,NO,2089
chr2,17824080,17829259,NO,5179
chr6,35183141,35189353,NO,6212
chr19,1566020,1578556,NO,12536
chr2,100828931,100832941,NO,4010
chr22,50182178,50195891,NO,13713
chr9,98388677,98390718,NO,2041
chr3,52703985,52716326,NO,12341
chr3,48596047,48599329,NO,3282
chr4,88937193,88940269,NO,3076
chr8,101538823,101555551,NO,16728
chr3,141515189,141517245,NO,2056
chr10,71197792,71199533,NO,1741
chr17,1435869,1438111,NO,2242
chr8,87403127,87404741,NO,1614
chr16,53074696,53078308,NO,3612
chr6,2767242,2770945,NO,3703
chr7,5393643,5395415,NO,1772
chr16,10831000,10836949,NO,5949
chr11,121233616,121234294,NO,678
chr2,112661175,112664823,NO,3648
chr11,16313810,16319569,NO,5759
chr6,169562495,169569471,NO,6976
chr16,15701277,15716167,NO,14890
chr7,30487494,30489288,NO,1794
chr12,15781080,15787121,NO,6041
chr16,11799634,11801046,NO,1412
chr6,70642800,70648296,NO,5496
chr11,61601343,61603176,NO,1833
chr1,227729454,227730998,NO,1544
chr15,75247093,75250165,NO,3072
chr8,20146708,20169134,NO,22426
chr21,37543135,37545139,NO,2004
chr1,90331412,90339061,NO,7649
chr3,17220844,17232672,NO,11828
chr2,19999692,20002721,NO,3029
chr5,67638581,67640597,NO,2016
chr22,23598210,23600988,NO,2778
chr3,65153841,65167622,NO,13781
chr8,108762504,108764456,NO,1952
chr12,58233455,58235697,NO,2242
chr10,80476897,80489115,NO,12218
chr16,17425355,17441963,NO,16608
chr12,122248795,122251637,NO,2842
chr22,20190272,20193111,NO,2839
chr5,141474236,141475814,NO,1578
chr12,52207627,52209177,NO,1550
chr6,111946549,111950705,NO,4156
chr3,149615264,149617773,NO,2509
chr1,110545863,110547671,NO,1808
chr19,44405202,44406543,NO,1341
chr5,106723116,106725600,NO,2484
chr10,88293792,88295881,NO,2089
chr9,140468623,140471116,NO,2493
chr9,100386016,100391834,NO,5818
chr7,132115631,132127819,NO,12188
chr6,69847335,69849420,NO,2085
chr5,66596590,66602803,NO,6213
chr6,148560869,148566945,NO,6076
chr14,23865315,23867207,NO,1892
chr18,3652205,3666537,NO,14332
chr5,176793134,176794806,NO,1672
chr9,110339036,110362755,NO,23719
chr7,136032234,136033967,NO,1733
chr1,35785297,35790694,NO,5397
chr6,3323518,3325657,NO,2139
chr10,17485652,17494723,NO,9071
chr10,103610527,103619498,NO,8971
chr6,13094854,13099719,NO,4865
chr2,106645939,106647911,NO,1972
chr7,35413511,35427068,NO,13557
chr2,32940308,32947187,NO,6879
chr3,71353976,71360285,NO,6309
chr16,89606588,89608909,NO,2321
chr7,98533574,98539240,NO,5666
chr7,97983385,97999146,NO,15761
chr1,237546889,237554322,NO,7433
chr3,185373239,185377125,NO,3886
chr8,326441,328672,NO,2231
chr9,93879776,93882382,NO,2606
chr5,172622682,172624916,NO,2234
chr18,22716370,22718023,NO,1653
chr19,42528543,42543613,NO,15070
chr22,41592552,41594318,NO,1766
chr1,228454656,228471515,NO,16859
chr2,241518435,241520442,NO,2007
chr9,126043841,126046008,NO,2167
chr16,12424117,12430494,NO,6377
chr19,40922580,40924223,NO,1643
chr12,63096021,63098298,NO,2277
chr15,23667225,23669069,NO,1844
chr1,54684591,54687062,NO,2471
chr13,41013101,41016966,NO,3865
chr10,90234010,90238318,NO,4308
chr11,73566996,73578466,NO,11470
chr16,11054135,11062597,NO,8462
chr8,101347834,101349970,NO,2136
chr16,53991944,54007608,NO,15664
chr14,21077608,21082650,NO,5042
chr21,44613634,44617841,NO,4207
chr4,53372917,53378836,NO,5919
chr8,55293598,55296445,NO,2847
chr14,90765540,90769565,NO,4025
chr2,229241762,229244377,NO,2615
chr6,129560347,129570698,NO,10351
chr11,13325706,13351956,NO,26250
chr1,23732016,23734553,NO,2537
chr1,101646808,101653125,NO,6317
chr3,193714451,193716241,NO,1790
chr9,35790222,35792059,NO,1837
chr1,146976056,146983155,NO,7099
chr3,13580357,13588909,NO,8552
chr12,21795375,21804581,NO,9206
chr6,53347389,53349720,NO,2331
chr6,36702395,36704172,NO,1777
chr9,97772447,97774306,NO,1859
chr9,5451499,5456070,NO,4571
chr19,45221174,45222930,NO,1756
chr20,351822,354663,NO,2841
chr4,105536770,105538459,NO,1689
chr11,31923844,31926003,NO,2159
chr1,2573539,2574823,NO,1284
chr11,35560761,35564431,NO,3670
chr1,114325920,114348294,NO,22374
chr1,179783784,179788097,NO,4313
chr19,53038601,53046484,NO,7883
chr11,64659618,64662502,NO,2884
chrX,39672267,39674061,NO,1794
chr8,48264985,48266491,NO,1506
chr18,55473897,55487992,NO,14095
chr16,85060596,85063907,NO,3311
chr12,32599097,32610085,NO,10988
chr2,234377530,234379833,NO,2303
chr5,41835679,41841863,NO,6184
chr21,37801438,37803526,NO,2088
chr6,128799845,128813682,NO,13837
chr19,33118391,33119977,NO,1586
chr2,223183524,223186144,NO,2620
chr11,12577605,12579746,NO,2141
chr8,28633055,28637599,NO,4544
chrX,152001680,152013425,NO,11745
chr15,57788637,57799115,NO,10478
chr13,42489140,42494608,NO,5468
chr20,47298499,47300130,NO,1631
chr2,54269542,54271930,NO,2388
chr2,1512891,1523337,NO,10446
chr10,34815068,34829260,NO,14192
chr20,31103868,31106757,NO,2889
chr20,10843613,10845769,NO,2156
chr14,64547442,64549998,NO,2556
chr11,117679582,117688817,NO,9235
chr2,39604378,39622166,NO,17788
chr2,37915678,37917693,NO,2015
chr15,102039334,102042307,NO,2973
chr11,3144128,3149076,NO,4948
chr12,7592177,7593012,NO,835
chr1,19889554,19891197,NO,1643
chr20,35412532,35425471,NO,12939
chrX,31349097,31357003,NO,7906
chr19,3141510,3156014,NO,14504
chr22,46534029,46536604,NO,2575
chr16,87943513,87953560,NO,10047
chr1,9651203,9657250,NO,6047
chr3,29365431,29377774,NO,12343
chr10,120718074,120726747,NO,8673
chr14,21574363,21575972,NO,1609
chr10,3893490,3896250,NO,2760
chr1,64253375,64258475,NO,5100
chr4,46947050,46953193,NO,6143
chr7,98925096,98929353,NO,4257
chr8,17177739,17179347,NO,1608
chr19,51225768,51229038,NO,3270
chr18,68000979,68004398,NO,3419
chr16,23595541,23606225,NO,10684
chr10,5112724,5114441,NO,1717
chr8,10190817,10204260,NO,13443
chr9,71066535,71077621,NO,11086
chr3,149056945,149059265,NO,2320
chr2,33310910,33317630,NO,6720
chr1,202255367,202262202,NO,6835
chr1,53490344,53491756,NO,1412
chr6,135040444,135042889,NO,2445
chr16,69924003,69926034,NO,2031
chr8,8496875,8500951,NO,4076
chr6,11389179,11394041,NO,4862
chr15,52934518,52946168,NO,11650
chr18,3093690,3101163,NO,7473
chr2,3673372,3675161,NO,1789
chr14,61883164,61886503,NO,3339
chr17,48216671,48218995,NO,2324
chr17,9007379,9009125,NO,1746
chr20,33525691,33527101,NO,1410
chr2,95708669,95710179,NO,1510
chr1,85350279,85355270,NO,4991
chr16,4992743,4995594,NO,2851
chr11,130008887,130017041,NO,8154
chr12,94675992,94685034,NO,9042
chr15,89084638,89086791,NO,2153
chr8,74431176,74434073,NO,2897
chr6,150216049,150219505,NO,3456
chr1,201268518,201282038,NO,13520
chr19,48706526,48708223,NO,1697
chr1,24174850,24176184,NO,1334
chr6,7974470,7976768,NO,2298
chr2,13057548,13060507,NO,2959
chr4,119495838,119513070,NO,17232
chr11,84318633,84320354,NO,1721
chr2,58283080,58291435,NO,8355
chr1,23152809,23155215,NO,2406
chr9,35646170,35647706,NO,1536
chr17,79055037,79057806,NO,2769
chr13,48890157,48893045,NO,2888
chr9,98188190,98189843,NO,1653
chrX,70841379,70857502,NO,16123
chr19,850062,851648,NO,1586
chr12,30975131,30976574,NO,1443
chrX,47348520,47350607,NO,2087
chr11,323988,325267,NO,1279
chr17,17613487,17616336,NO,2849
chr5,33789072,33808563,NO,19491
chr3,66101045,66102719,NO,1674
chr5,176726505,176729749,NO,3244
chr11,44680726,44682076,NO,1350
chr7,115908264,115912845,NO,4581
chr5,112454190,112458830,NO,4640
chr13,41557278,41560669,NO,3391
chr5,137030387,137036173,NO,5786
chr2,25078028,25080891,NO,2863
chr9,111756450,111759049,NO,2599
chr19,19544738,19546180,NO,1442
chr16,24711619,24713397,NO,1778
chr10,75384741,75386634,NO,1893
chrX,118818678,118820811,NO,2133
chr4,3108773,3124367,NO,15594
chr17,61042576,61044538,NO,1962
chr14,24782929,24786371,NO,3442
chr11,103605957,103609113,NO,3156
chr15,69098454,69101681,NO,3227
chr7,158823055,158825486,NO,2431
chr5,142360683,142362611,NO,1928
chr6,11251344,11271474,NO,20130
chr1,207235244,207238847,NO,3603
chr12,56400577,56402440,NO,1863
chr5,166388760,166390715,NO,1955
chr3,184433513,184435641,NO,2128
chr17,60664021,60666179,NO,2158
chr14,100568591,100575890,NO,7299
chr13,52188263,52195388,NO,7125
chr12,95361946,95376027,NO,14081
chr8,129440883,129442879,NO,1996
chr1,227916259,227918922,NO,2663
chr10,10928160,10934889,NO,6729
chr5,39721143,39722153,NO,1010
chr15,31846020,31848262,NO,2242
chrX,13396488,13397738,NO,1250
chr8,18575123,18580912,NO,5789
chr4,143269004,143275654,NO,6650
chr2,13140574,13146432,NO,5858
chr3,114377535,114380185,NO,2650
chr22,33094870,33097186,NO,2316
chr3,45757384,45759129,NO,1745
chr4,124939547,124951862,NO,12315
chr9,140247112,140249811,NO,2699
chr11,60703298,60705851,NO,2553
chr13,42269419,42283180,NO,13761
chr2,88956670,88959675,NO,3005
chr18,48250837,48255130,NO,4293
chr17,56708405,56710356,NO,1951
chr5,149843737,149846414,NO,2677
chr4,152701190,152702917,NO,1727
chr1,116694018,116709729,NO,15711
chr15,39505130,39506582,NO,1452
chr22,43031111,43034262,NO,3151
chr19,51842002,51844200,NO,2198
chr9,19182176,19185311,NO,3135
chr13,110675562,110677264,NO,1702
chr6,12573420,12586695,NO,13275
chr13,77328112,77339669,NO,11557
chr6,139723609,139725447,NO,1838
chr8,81278936,81280352,NO,1416
chr9,23586632,23590859,NO,4227
chr1,90308214,90310110,NO,1896
chr1,10050248,10054116,NO,3868
chr10,76345142,76353311,NO,8169
chr7,97874407,97879448,NO,5041
chr10,14491739,14493128,NO,1389
chr3,196149614,196150831,NO,1217
chr13,29393449,29395258,NO,1809
chr3,27384880,27388297,NO,3417
chr15,90208088,90209821,NO,1733
chr16,77883543,77904660,NO,21117
chr20,61069145,61071187,NO,2042
chr7,99939890,99943130,NO,3240
chr19,18428442,18430093,NO,1651
chr17,17733754,17735903,NO,2149
chr3,114272840,114286141,NO,13301
chr3,188190055,188195508,NO,5453
chr13,114739838,114741398,NO,1560
chr17,8028612,8031026,NO,2414
chr9,131123738,131128033,NO,4295
chr2,102131400,102135802,NO,4402
chr8,52597149,52601935,NO,4786
chr20,33215316,33226399,NO,11083
chr6,113885446,113886773,NO,1327
chr8,41858728,41872928,NO,14200
chr6,41734367,41736474,NO,2107
chr1,16394443,16404561,NO,10118
chr10,3440792,3442606,NO,1814
chr3,149885877,149888144,NO,2267
chr22,23763122,23769492,NO,6370
chr1,156585511,156595856,NO,10345
chr8,81664951,81667415,NO,2464
chrX,130936793,130956971,NO,20178
chr4,8101619,8116414,NO,14795
chr5,5794790,5802009,NO,7219
chr2,162947639,162950713,NO,3074
chr2,191583214,191589071,NO,5857
chr14,22980906,22983344,NO,2438
chr13,47213528,47216675,NO,3147
chr3,177796558,177804441,NO,7883
chr2,20673651,20677339,NO,3688
chr7,140240712,140243114,NO,2402
chr1,231155748,231164975,NO,9227
chr21,35992168,35993542,NO,1374
chr11,100501483,100504547,NO,3064
chr15,42071651,42084162,NO,12511
chr6,106048941,106057975,NO,9034
chr3,12482066,12484701,NO,2635
chr2,161389712,161395596,NO,5884
chrX,135990985,135992695,NO,1710
chr3,37934016,37948785,NO,14769
chr18,47189687,47196088,NO,6401
chr10,101797681,101804479,NO,6798
chr2,121515117,121524961,NO,9844
chr13,43610294,43611614,NO,1320
chr1,65719484,65721302,NO,1818
chr14,39460943,39474063,NO,13120
chr20,47001549,47004136,NO,2587
chr19,2089705,2094980,NO,5275
chr16,11317677,11319376,NO,1699
chr9,96843613,96849537,NO,5924
chr4,170542851,170548800,NO,5949
chr5,74348057,74350435,NO,2378
chr11,118690982,118692349,NO,1367
chr18,11855842,11857934,NO,2092
chr8,101249557,101251718,NO,2161
chr6,6975309,6976992,NO,1683
chr1,151339798,151343584,NO,3786
chr5,156811215,156815439,NO,4224
chr6,31109464,31111818,NO,2354
chr22,44914986,44927988,NO,13002
chr1,29528129,29529598,NO,1469
chr12,95987080,96003003,NO,15923
chr4,58356096,58368229,NO,12133
chr13,44340298,44342445,NO,2147
chr2,31541561,31546490,NO,4929
chr7,2196775,2198302,NO,1527
chr1,26550889,26552661,NO,1772
chr11,119568283,119571310,NO,3027
chr9,99317139,99320022,NO,2883
chr1,236276127,236277859,NO,1732
chr6,153015989,153022158,NO,6169
chrX,40869000,40870333,NO,1333
chr13,110714088,110716370,NO,2282
chr4,174563209,174574094,NO,10885
chr6,110114980,110116360,NO,1380
chr2,33177433,33186146,NO,8713
chr17,72286326,72304806,NO,18480
chr7,73506444,73509520,NO,3076
chr6,149802726,149804674,NO,1948
chr17,30063575,30066309,NO,2734
chr2,64278977,64292682,NO,13705
chr3,197182804,197184122,NO,1318
chr13,114084058,114086168,NO,2110
chr19,39259949,39262461,NO,2512
chr8,81805378,81806900,NO,1522
chr11,72394914,72398917,NO,4003
chr10,127748642,127752145,NO,3503
chr8,47829198,47834788,NO,5590
chr4,141967188,141969581,NO,2393
chr7,148637576,148638691,NO,1115
chr8,80802606,80804745,NO,2139
chr9,91486492,91489719,NO,3227
chr14,55537719,55544786,NO,7067
chr3,167530780,167533158,NO,2378
chr19,57849228,57851515,NO,2287
chr4,152660037,152667442,NO,7405
chr10,115738256,115743132,NO,4876
chr19,58175193,58176819,NO,1626
chr1,166276458,166278446,NO,1988
chr6,34330419,34338528,NO,8109
chr14,68665860,68678275,NO,12415
chr7,143189395,143197986,NO,8591
chr10,121200220,121201966,NO,1746
chr17,66156847,66159283,NO,2436
chr10,93811329,93824697,NO,13368
chr9,135140775,135144964,NO,4189
chr1,180085824,180087296,NO,1472
chr6,26473827,26475602,NO,1775
chr4,54720668,54730683,NO,10015
chr13,114112089,114113802,NO,1713
chr3,113840418,113842185,NO,1767
chr13,47145130,47150991,NO,5861
chr1,223743377,223746542,NO,3165
chr8,134085861,134094890,NO,9029
chr1,36814690,36817814,NO,3124
chr12,133342784,133343941,NO,1157
chr7,131891212,131893021,NO,1809
chr13,21871304,21873169,NO,1865
chr11,11334506,11336641,NO,2135
chr10,73576090,73579117,NO,3027
chr20,3293079,3308269,NO,15190
chr6,143857292,143859092,NO,1800
chr17,55614915,55620251,NO,5336
chr20,19254915,19257229,NO,2314
chr6,132451384,132454353,NO,2969
chr2,179412244,179422760,NO,10516
chr15,50968587,50974012,NO,5425
chr18,54241246,54244542,NO,3296
chr9,19423580,19432134,NO,8554
chr3,141399248,141406302,NO,7054
chr11,128292556,128295684,NO,3128
chr16,21566909,21569091,NO,2182
chr12,122205219,122206918,NO,1699
chr22,34620735,34632842,NO,12107
chr7,44167644,44169715,NO,2071
chr10,18467405,18469941,NO,2536
chr14,104858815,104860726,NO,1911
chr2,54949606,54951277,NO,1671
chr9,138942882,138946038,NO,3156
chr14,102368438,102370256,NO,1818
chr2,12308310,12318425,NO,10115
chr3,187917982,187920836,NO,2854
chr9,127580408,127581940,NO,1532
chr2,73315738,73317779,NO,2041
chr9,35340261,35342577,NO,2316
chr2,197225364,197238042,NO,12678
chr4,65221866,65227707,NO,5841
chr17,68132777,68134686,NO,1909
chr2,220385599,220387932,NO,2333
chr9,132310136,132313310,NO,3174
chr17,49209464,49211263,NO,1799
chr10,112217187,112220539,NO,3352
chr17,1850243,1851945,NO,1702
chr22,24734642,24736084,NO,1442
chr17,43119838,43121858,NO,2020
chr1,42778306,42787161,NO,8855
chr13,41136933,41139825,NO,2892
chr5,173097791,173099084,NO,1293
chr8,135874290,135880073,NO,5783
chr9,95477021,95479276,NO,2255
chr19,22034302,22035209,NO,907
chr22,33867909,33874474,NO,6565
chr6,114240408,114246468,NO,6060
chr1,120505164,120509666,NO,4502
chr17,26311257,26313468,NO,2211
chr1,184121351,184134175,NO,12824
chr5,112419913,112437976,NO,18063
chr11,17975261,17976898,NO,1637
chr3,75690189,75691328,NO,1139
chr14,65148236,65150306,NO,2070
chr11,65359017,65361432,NO,2415
chr4,37937262,37939270,NO,2008
chr6,107863135,107867294,NO,4159
chr12,131486076,131492879,NO,6803
chr1,44792642,44795253,NO,2611
chr2,208090224,208105158,NO,14934
chr15,59641630,59645107,NO,3477
chr3,114303404,114305678,NO,2274
chr12,110608013,110614384,NO,6371
chr1,1150644,1153278,NO,2634
chr15,63090276,63092991,NO,2715
chr15,96382760,96390468,NO,7708
chr10,14049592,14052440,NO,2848
chr5,1836292,1841894,NO,5602
chr16,49653482,49655460,NO,1978
chr12,10296218,10307072,NO,10854
chr3,74692423,74694291,NO,1868
chr11,11264503,11266799,NO,2296
chr20,48406017,48408170,NO,2153
chr3,13492667,13505058,NO,12391
chr17,62690051,62705934,NO,15883
chr3,14918066,14921585,NO,3519
chr8,75210191,75212139,NO,1948
chr9,118684277,118687331,NO,3054
chr11,30022810,30037189,NO,14379
chr10,111929607,111936899,NO,7292
chr4,12555938,12564670,NO,8732
chr2,232046372,232056230,NO,9858
chr1,159859064,159866750,NO,7686
chr1,208201885,208204688,NO,2803
chr13,30883941,30889850,NO,5909
chr20,22841417,22843974,NO,2557
chr2,42251701,42256238,NO,4537
chr2,223858456,223860158,NO,1702
chr3,133524150,133525580,NO,1430
chr1,1067095,1070887,NO,3792
chr2,69532809,69534933,NO,2124
chr18,46578624,46580044,NO,1420
chr4,100721312,100726319,NO,5007
chr3,16782628,16784072,NO,1444
chr1,53512370,53515143,NO,2773
chr18,7854752,7857615,NO,2863
chr2,120352406,120357033,NO,4627
chr9,4083976,4107563,NO,23587
chr19,11805140,11806335,NO,1195
chr22,39664002,39667177,NO,3175
chr19,53425989,53427905,NO,1916
chr1,145283089,145288279,NO,5190
chr11,19812582,19815689,NO,3107
chr8,144628895,144635008,NO,6113
chr10,52084970,52087343,NO,2373
chr22,33345491,33348363,NO,2872
chr2,178029812,178031576,NO,1764
chr1,232671402,232675749,NO,4347
chr13,31247591,31249017,NO,1426
chr1,213572488,213574155,NO,1667
chr11,58939995,58955177,NO,15182
chr9,131004926,131009029,NO,4103
chrX,1665281,1666685,NO,1404
chrX,109416278,109424471,NO,8193
chr13,24878352,24883280,NO,4928
chr6,54058321,54070603,NO,12282
chr8,22721630,22723688,NO,2058
chr21,27036763,27044836,NO,8073
chr3,194458604,194462507,NO,3903
chr7,150773665,150776419,NO,2754
chr9,97828700,97830812,NO,2112
chr3,72531425,72535359,NO,3934
chr12,70035838,70049884,NO,14046
chr4,148247747,148250563,NO,2816
chr14,68917524,68944235,NO,26711
chr11,3960935,3969134,NO,8199
chr8,79430301,79456841,NO,26540
chr12,121937831,121938869,NO,1038
chr4,174498671,174512176,NO,13505
chr12,63025062,63026688,NO,1626
chr17,19410401,19417711,NO,7310
chr19,53700040,53700827,NO,787
chr8,18984935,18987143,NO,2208
chr10,75912702,75917259,NO,4557
chr4,187572347,187573508,NO,1161
chr20,22697188,22700622,NO,3434
chr3,112964010,112968654,NO,4644
chr16,49808764,49811057,NO,2293
chr11,7676324,7678659,NO,2335
chr17,36441280,36443373,NO,2093
chr19,47879631,47881816,NO,2185
chr8,40226587,40228956,NO,2369
chr16,15107942,15111596,NO,3654
chr5,131092339,131095001,NO,2662
chr12,7086811,7089216,NO,2405
chr3,11324269,11331841,NO,7572
chr3,141049928,141051784,NO,1856
chr16,10694295,10717112,NO,22817
chr5,128256041,128262730,NO,6689
chr7,30027168,30029680,NO,2512
chr1,205566945,205569579,NO,2634
chr10,35853100,35855379,NO,2279
chr21,17197523,17201043,NO,3520
chr8,135790130,135791664,NO,1534
chr13,51488346,51491928,NO,3582
chr17,70147145,70149301,NO,2156
chr11,49455569,49456345,NO,776
chr20,50005268,50011301,NO,6033
chr15,90223234,90224817,NO,1583
chr1,204782156,204784695,NO,2539
chr4,86512181,86517891,NO,5710
chrX,149533368,149535428,NO,2060
chr2,190424138,190440755,NO,16617
chr17,41043257,41045869,NO,2612
chrX,21961921,21966156,NO,4235
chr19,54103063,54105648,NO,2585
chr3,111685133,111691026,NO,5893
chr1,64471650,64473181,NO,1531
chr21,38338277,38339830,NO,1553
chr12,121561814,121567459,NO,5645
chr12,63242109,63260764,NO,18655
chr9,91420077,91443568,NO,23491
chr6,40995240,40996745,NO,1505
chr3,10017719,10019856,NO,2137
chr16,30572274,30573236,NO,962
chr16,50394278,50407930,NO,13652
chrX,153585572,153589294,NO,3722
chr8,81609202,81614089,NO,4887
chr13,29703764,29715495,NO,11731
chr14,76288966,76292788,NO,3822
chr1,14118312,14120234,NO,1922
chr1,244300691,244302827,NO,2136
chr1,65887841,65896910,NO,9069
chr10,10913205,10915190,NO,1985
chr10,74836194,74853478,NO,17284
chr1,246037557,246039191,NO,1634
chr1,117457169,117460396,NO,3227
chr4,151643692,151645329,NO,1637
chr5,57366957,57368950,NO,1993
chr3,177230591,177234999,NO,4408
chr15,22984173,22986017,NO,1844
chr20,48292795,48295900,NO,3105
chr8,131502974,131504896,NO,1922
chr9,115516927,115520614,NO,3687
chr3,21827237,21837242,NO,10005
chrX,32760212,32767309,NO,7097
chr6,150466140,150473054,NO,6914
chr6,141479897,141486876,NO,6979
chr22,30732506,30738343,NO,5837
chr6,24908615,24920171,NO,11556
chr18,43533390,43543993,NO,10603
chr13,29528327,29530215,NO,1888
chr5,172442909,172462971,NO,20062
chr19,56602062,56603954,NO,1892
chr15,35875804,35877556,NO,1752
chr3,69370136,69384271,NO,14135
chr13,29327603,29329773,NO,2170
chr2,240878911,240898127,NO,19216
chr1,178094994,178104068,NO,9074
chr13,47064659,47065295,NO,636
chr8,18941193,18953748,NO,12555
chr10,91189186,91200437,NO,11251
chr6,43002914,43005433,NO,2519
chr7,65508509,65509604,NO,1095
chr15,101609098,101611717,NO,2619
chr11,12308245,12310799,NO,2554
chr15,43481273,43482705,NO,1432
chr10,106491253,106496325,NO,5072
chr10,129742838,129744686,NO,1848
chr1,55111103,55112472,NO,1369
chr5,88752954,88754714,NO,1760
chr6,161458594,161460527,NO,1933
chr17,29034751,29036711,NO,1960
chr22,30194104,30196081,NO,1977
chr15,50168235,50171460,NO,3225
chr6,105773976,105775879,NO,1903
chrX,64626463,64628179,NO,1716
chr5,15786803,15808983,NO,22180
chr3,188490380,188499369,NO,8989
chr20,62561845,62563693,NO,1848
chr4,11625782,11627901,NO,2119
chr5,53591240,53593158,NO,1918
chr2,86223696,86227151,NO,3455
chr2,173172552,173177296,NO,4744
chr1,237834225,237845302,NO,11077
chr14,35519122,35531499,NO,12377
chr8,132927824,132932966,NO,5142
chr11,61255917,61262554,NO,6637
chr16,84172255,84173948,NO,1693
chr20,36355300,36367659,NO,12359
chr6,135006992,135011905,NO,4913
chr21,35319316,35321457,NO,2141
chr6,165984683,165989196,NO,4513
chr6,116726248,116740508,NO,14260
chr16,14511820,14514272,NO,2452
chr5,41906402,41909559,NO,3157
chr20,49359567,49361834,NO,2267
chr8,19085790,19087289,NO,1499
chr2,179885895,179897541,NO,11646
chr4,156447588,156457332,NO,9744
chr1,8916889,8919938,NO,3049
chr8,145911101,145912387,NO,1286
chr9,99138884,99140562,NO,1678
chr14,55739621,55749488,NO,9867
chr13,23862758,23865153,NO,2395
chr11,121592643,121594789,NO,2146
chr13,110408265,110417843,NO,9578
chr20,40097336,40105178,NO,7842
chr7,97957519,97959727,NO,2208
chr1,210409611,210411741,NO,2130
chr6,144634364,144637419,NO,3055
chr9,71510028,71514507,NO,4479
chrX,153555061,153556801,NO,1740
chr17,72808055,72809748,NO,1693
chr16,90148468,90149220,NO,752
chr22,33112982,33120162,NO,7180
chr3,16433525,16442912,NO,9387
chr13,114071051,114073472,NO,2421
chr9,131369195,131371313,NO,2118
chr11,27222714,27238550,NO,15836
chr18,55297049,55298246,NO,1197
chr20,46092695,46094299,NO,1604
chr7,6356932,6358422,NO,1490
chr10,46121358,46123889,NO,2531
chr1,245206693,245215786,NO,9093
chr10,111896794,111902617,NO,5823
chr1,92115766,92118050,NO,2284
chr1,112901523,112903943,NO,2420
chr11,112627392,112630673,NO,3281
chr22,29912410,29914849,NO,2439
chr14,52591330,52593207,NO,1877
chr1,212335466,212341124,NO,5658
chr15,61036668,61052140,NO,15472
chr9,138799488,138801110,NO,1622
chr1,17745798,17751111,NO,5313
chr9,37968073,37970056,NO,1983
chr16,48478098,48480021,NO,1923
chr1,219477665,219479216,NO,1551
chr2,188405794,188416447,NO,10653
chr9,72735006,72741765,NO,6759
chr2,46017001,46018764,NO,1763
chr19,39309190,39311789,NO,2599
chr19,50073381,50075224,NO,1843
chr8,119356722,119361468,NO,4746
chr18,72957801,72962098,NO,4297
chr5,66988363,66991640,NO,3277
chr7,99157910,99160941,NO,3031
chr8,129102389,129104225,NO,1836
chr15,101563440,101565525,NO,2085
chr1,114454388,114456418,NO,2030
chr7,28728060,28736145,NO,8085
chr6,159256134,159257641,NO,1507
chr22,40385539,40388887,NO,3348
chr3,128564107,128565863,NO,1756
chr18,29926460,29932954,NO,6494
chr15,85568923,85575584,NO,6661
chr5,147288831,147291448,NO,2617
chr1,220964247,220971488,NO,7241
chr19,12162932,12164306,NO,1374
chrX,153348451,153361235,NO,12784
chr1,177966183,177969042,NO,2859
chr17,20900974,20909682,NO,8708
chr8,52765370,52773033,NO,7663
chr8,118968003,118970083,NO,2080
chr10,107231158,107233392,NO,2234
chr3,49049229,49051429,NO,2200
chr5,66934373,66945343,NO,10970
chr2,213951128,213970422,NO,19294
chr6,116326266,116330609,NO,4343
chr17,45579177,45580961,NO,1784
chr11,45679365,45681395,NO,2030
chr1,9124376,9128084,NO,3708
chr4,152032751,152036422,NO,3671
chr9,78313352,78328666,NO,15314
chr12,45808832,45810085,NO,1253
chr4,148848078,148862120,NO,14042
chr13,48977239,48981324,NO,4085
chr8,431542,435821,NO,4279
chr15,23647476,23649404,NO,1928
chr10,5686838,5689003,NO,2165
chr14,50862830,50864816,NO,1986
chr22,39625384,39628388,NO,3004
chr18,3225136,3227108,NO,1972
chr17,68302345,68307059,NO,4714
chr10,34087993,34090344,NO,2351
chr1,228501188,228503894,NO,2706
chrX,40121349,40127452,NO,6103
chr15,71086488,71100186,NO,13698
chr2,47571721,47584995,NO,13274
chr8,127937320,127940481,NO,3161
chr2,149371445,149377121,NO,5676
chr19,1839383,1842036,NO,2653
chr2,190476499,190479763,NO,3264
chr10,34994481,35001698,NO,7217
chr3,10557937,10561064,NO,3127
chr21,39082537,39084110,NO,1573
chr9,130601991,130604599,NO,2608
chr2,198671887,198674793,NO,2906
chr4,74569911,74574456,NO,4545
chr2,129251526,129262203,NO,10677
chr19,10508723,10512709,NO,3986
chr21,35817970,35820416,NO,2446
chrX,18692380,18694070,NO,1690
chr8,67803758,67805071,NO,1313
chr15,34782370,34782997,NO,627
chr7,138926946,138932102,NO,5156
chr12,111131629,111137678,NO,6049
chr8,37727805,37730068,NO,2263
chr9,35832715,35848723,NO,16008
chrX,109385876,109389899,NO,4023
chr1,145091698,145093263,NO,1565
chr12,114798961,114802218,NO,3257
chr2,25383732,25384991,NO,1259
chr17,8048860,8052335,NO,3475
chr4,122610465,122613160,NO,2695
chr2,1157848,1159617,NO,1769
chr2,5660286,5662238,NO,1952
chr2,165682661,165696434,NO,13773
chr11,94483149,94484421,NO,1272
chr7,126133081,126136510,NO,3429
chr7,135613896,135616436,NO,2540
chr16,70057099,70060604,NO,3505
chr7,93997414,94005386,NO,7972
chr8,17375194,17379639,NO,4445
chr19,50737079,50738540,NO,1461
chr10,133741387,133745885,NO,4498
chr7,23239217,23246506,NO,7289
chr12,120031265,120033542,NO,2277
chr10,6316702,6318286,NO,1584
chr19,14036862,14038440,NO,1578
chr20,3659848,3668473,NO,8625
chr13,107301499,107304620,NO,3121
chr9,128651068,128652784,NO,1716
chr15,79222998,79230247,NO,7249
chr9,92457299,92459120,NO,1821
chr10,4808509,4823210,NO,14701
chr9,77111635,77114537,NO,2902
chr2,162963772,162975805,NO,12033
chr2,130634131,130636388,NO,2257
chr4,140896218,140911116,NO,14898
chr7,111812904,111826570,NO,13666
chr6,26553181,26555347,NO,2166
chr1,56750613,56770893,NO,20280
chr1,113629322,113632570,NO,3248
chr21,42740056,42742524,NO,2468
chr2,111942136,111944466,NO,2330
chr8,131054195,131058971,NO,4776
chr3,170745694,170747532,NO,1838
chr9,108691672,108693075,NO,1403
chr6,107962303,107979573,NO,17270
chr2,228682459,228684419,NO,1960
chr5,1050446,1054310,NO,3864
chr11,19934657,19941617,NO,6960
chr5,16417537,16419452,NO,1915
chr14,101143523,101145566,NO,2043
chr15,95809274,95831452,NO,22178
chr12,32027340,32028980,NO,1640
chr13,74339287,74342487,NO,3200
chr6,149400474,149402426,NO,1952
chr20,33753839,33762499,NO,8660
chr4,1170590,1172498,NO,1908
chr2,96191642,96193189,NO,1547
chr4,7050958,7055603,NO,4645
chr1,97973511,97975279,NO,1768
chr8,121796870,121799222,NO,2352
chr7,90712537,90719223,NO,6686
chrX,33213076,33225494,NO,12418
chrX,40503404,40504958,NO,1554
chr2,100036519,100040029,NO,3510
chr8,143440233,143441982,NO,1749
chr3,119235222,119237713,NO,2491
chr5,113390863,113392625,NO,1762
chr20,4793481,4796086,NO,2605
chr9,119305738,119314202,NO,8464
chr12,2025492,2038091,NO,12599
chr3,128416922,128418151,NO,1229
chr13,50384292,50385993,NO,1701
chr6,43435520,43437653,NO,2133
chr10,105787517,105789596,NO,2079
chr21,43933083,43948770,NO,15687
chr17,63014749,63033214,NO,18465
chr1,44949761,44952118,NO,2357
chr11,133566689,133568855,NO,2166
chr3,188295578,188297353,NO,1775
chr15,52215433,52217184,NO,1751
chr6,148753254,148763627,NO,10373
chr20,48662391,48664315,NO,1924
chr6,36390487,36392005,NO,1518
chr2,38633040,38635204,NO,2164
chrX,66764859,66767309,NO,2450
chr15,85487148,85490889,NO,3741
chr14,56273300,56274913,NO,1613
chr1,183108389,183118638,NO,10249
chr5,32224516,32234851,NO,10335
chr22,35745945,35747896,NO,1951
chr18,20068497,20085224,NO,16727
chr8,49555839,49563266,NO,7427
chr20,35855568,35865619,NO,10051
chr2,43740356,43747501,NO,7145
chr3,69548805,69560241,NO,11436
chr6,148609664,148615592,NO,5928
chr15,84326182,84329221,NO,3039
chr2,189830600,189841171,NO,10571
chr1,54823443,54825768,NO,2325
chr6,43939609,43941572,NO,1963
chr6,116642748,116650044,NO,7296
chr2,28534008,28536405,NO,2397
chr1,91358822,91359681,NO,859
chr1,183148522,183150762,NO,2240
chr16,84632922,84637569,NO,4647
chr4,42341137,42343313,NO,2176
chr1,14080260,14085099,NO,4839
chr5,41093296,41098384,NO,5088
chr15,35858934,35860638,NO,1704
chr1,237705504,237707307,NO,1803
chr7,148899697,148916301,NO,16604
chrX,129113045,129117176,NO,4131
chr10,855280,864154,NO,8874
chr5,9431315,9457013,NO,25698
chr11,61276402,61279474,NO,3072
chr2,71771586,71773340,NO,1754
chr16,57267441,57270007,NO,2566
chr8,61936240,61950971,NO,14731
chr12,19562824,19566316,NO,3492
chr2,197972056,197974120,NO,2064
chr1,172362262,172368960,NO,6698
chr3,49241566,49256816,NO,15250
chr1,32699809,32702067,NO,2258
chr3,124418210,124419958,NO,1748
chr5,114701410,114713916,NO,12506
chr3,169416628,169418622,NO,1994
chr17,75201375,75204982,NO,3607
chr2,219136625,219138290,NO,1665
chr11,12745072,12748060,NO,2988
chr5,137289285,137295798,NO,6513
chr7,101790027,101797369,NO,7342
chr16,28543119,28546524,NO,3405
chr7,155556078,155557774,NO,1696
chr1,110591629,110594616,NO,2987
chr5,32098196,32101007,NO,2811
chr2,38373519,38387090,NO,13571
chr20,48062366,48069389,NO,7023
chr3,155862087,155869188,NO,7101
chr6,156488217,156496939,NO,8722
chr8,82274858,82282109,NO,7251
chr3,16460253,16490950,NO,30697
chr10,76792839,76795619,NO,2780
chr20,13772059,13791176,NO,19117
chr5,176905665,176907367,NO,1702
chr11,77940890,77943531,NO,2641
chr11,118560074,118561628,NO,1554
chr6,11770230,11771895,NO,1665
chr17,4804167,4813244,NO,9077
chr5,54081379,54082877,NO,1498
chr1,183059414,183067777,NO,8363
chr4,53861676,53864091,NO,2415
chr4,88637611,88640526,NO,2915
chr3,61704795,61712205,NO,7410
chr5,14035103,14037141,NO,2038
chr1,236073481,236081785,NO,8304
chr12,92469280,92475223,NO,5943
chr1,120673925,120687741,NO,13816
chr8,81631976,81640853,NO,8877
chr4,54401730,54409086,NO,7356
chr7,139929381,139931913,NO,2532
chr17,29794306,29795673,NO,1367
chr18,22237152,22240871,NO,3719
chr16,85035855,85039832,NO,3977
chr2,106731305,106734827,NO,3522
chr15,62359654,62361262,NO,1608
chr3,187793172,187800294,NO,7122
chr1,155859729,155864197,NO,4468
chr1,193623720,193630340,NO,6620
chr3,27562554,27576858,NO,14304
chr5,74855224,74863986,NO,8762
chr2,74228831,74231613,NO,2782
chr12,92838294,92840329,NO,2035
chr17,62788132,62790693,NO,2561
chr12,96042596,96048639,NO,6043
chr20,37455773,37458742,NO,2969
chr2,19946500,19953008,NO,6508
chr11,93300206,93304554,NO,4348
chr20,8131700,8142458,NO,10758
chr9,110429277,110430879,NO,1602
chr17,17255061,17271141,NO,16080
chr6,138191728,138205078,NO,13350
chr5,32273829,32276841,NO,3012
chrX,54508732,54511481,NO,2749
chr17,15686182,15686778,NO,596
chr6,147234944,147236439,NO,1495
chr12,46064613,46068858,NO,4245
chrX,128786345,128789380,NO,3035
chr8,126649265,126651415,NO,2150
chr15,67305447,67318502,NO,13055
chr19,13023501,13025497,NO,1996
chr6,111548912,111552237,NO,3325
chr13,24665182,24668472,NO,3290
chr10,61942460,61948869,NO,6409
chr16,49475279,49487424,NO,12145
chr7,134404094,134428120,NO,24026
chr3,48442885,48444992,NO,2107
chr1,184761152,184762491,NO,1339
chr2,217499763,217509889,NO,10126
chr1,33520502,33522008,NO,1506
chr9,136709574,136711567,NO,1993
chr8,22067277,22082555,NO,15278
chr13,44956633,44972052,NO,15419
chr12,117433278,117440635,NO,7357
chr8,18437582,18440116,NO,2534
chr6,41528065,41537350,NO,9285
chr6,82543473,82544948,NO,1475
chr2,172720703,172735479,NO,14776
chr1,45196079,45197178,NO,1099
chr3,186145118,186160975,NO,15857
chr15,52298623,52304800,NO,6177
chr7,1788241,1790619,NO,2378
chr1,10343297,10348794,NO,5497
chr2,173096289,173100497,NO,4208
chr2,38817661,38828084,NO,10423
chr20,48199924,48208757,NO,8833
chr9,91636161,91638691,NO,2530
chr3,9457272,9465202,NO,7930
chr19,3945516,3946997,NO,1481
chr6,149320588,149321840,NO,1252
chr3,28708851,28710407,NO,1556
chr3,57040562,57042707,NO,2145
chr7,141261350,141268382,NO,7032
chr2,159523464,159533671,NO,10207
chr6,139013129,139014906,NO,1777
chr9,96302602,96312622,NO,10020
chr9,8960191,8962588,NO,2397
chr17,6000811,6002723,NO,1912
chr12,27219146,27224426,NO,5280
chr1,64537696,64543698,NO,6002
chr5,66009880,66014808,NO,4928
chr11,63370549,63378957,NO,8408
chr6,47042883,47066538,NO,23655
chr14,31559358,31560928,NO,1570
chr2,192129376,192136074,NO,6698
chr22,26226046,26233632,NO,7586
chr20,46196345,46208253,NO,11908
chr9,139249874,139251558,NO,1684
chr7,158702679,158704988,NO,2309
chr2,230308510,230311480,NO,2970
chr19,30198790,30200595,NO,1805
chr5,176541351,176544593,NO,3242
chr11,17374264,17375786,NO,1522
chr11,121566532,121568385,NO,1853
chr1,117135447,117136956,NO,1509
chr2,192186311,192201567,NO,15256
chr17,38213864,38216102,NO,2238
chr17,43200783,43202527,NO,1744
chr11,46004227,46015834,NO,11607
chr18,20184325,20190124,NO,5799
chr3,131068130,131069463,NO,1333
chr3,32317404,32326318,NO,8914
chr8,13096619,13105310,NO,8691
chr1,74804256,74809622,NO,5366
chr1,234811417,234820274,NO,8857
chr10,43455733,43458249,NO,2516
chr1,29562805,29565178,NO,2373
chr8,129153750,129166350,NO,12600
chr6,6806819,6812430,NO,5611
chr20,25519038,25520910,NO,1872
chr19,41147071,41153033,NO,5962
chr6,167103709,167105898,NO,2189
chr11,124790126,124791900,NO,1774
chr4,15754744,15756517,NO,1773
chr2,97330486,97331947,NO,1461
chr10,50008109,50010337,NO,2228
chr20,23378419,23382567,NO,4148
chr6,151076325,151097133,NO,20808
chr17,79168476,79171827,NO,3351
chr4,6798568,6809664,NO,11096
chr18,53144594,53147401,NO,2807
chr16,31149335,31151068,NO,1733
chr2,112703255,112716561,NO,13306
chr11,43758235,43761668,NO,3433
chr2,11122922,11124956,NO,2034
chr18,67901548,67913785,NO,12237
chr11,57405242,57414056,NO,8814
chr1,198744735,198747227,NO,2492
chr13,32590604,32597102,NO,6498
chr1,243658354,243660648,NO,2294
chr11,61618145,61619983,NO,1838
chr21,44726354,44728014,NO,1660
chr6,88369480,88371711,NO,2231
chr8,25045005,25046470,NO,1465
chr4,83546009,83549029,NO,3020
chr9,112756682,112761542,NO,4860
chr9,110309986,110311510,NO,1524
chr8,120007242,120012959,NO,5717
chr16,11333649,11335421,NO,1772
chr2,41824647,41838661,NO,14014
chr6,39028221,39031775,NO,3554
chr6,14360815,14363212,NO,2397
chr7,55612908,55620923,NO,8015
chr1,89775511,89777900,NO,2389
chr20,10056096,10059585,NO,3489
chr9,123242851,123245893,NO,3042
chr8,52874090,52876670,NO,2580
chr1,202827466,202834872,NO,7406
chr11,30005119,30007368,NO,2249
chr6,150556923,150560083,NO,3160
chr1,171079430,171092779,NO,13349
chr2,45895526,45903530,NO,8004
chr18,53866053,53868716,NO,2663
chr14,75611435,75615616,NO,4181
chr6,17311388,17312645,NO,1257
chr12,29394535,29396342,NO,1807
chr1,150544364,150546587,NO,2223
chr17,73436799,73440830,NO,4031
chr8,135731496,135733838,NO,2342
chr14,21564196,21566286,NO,2090
chr3,187959485,187960776,NO,1291
chr1,95708648,95716046,NO,7398
chr13,107404831,107409381,NO,4550
chr2,25320595,25322456,NO,1861
chr6,72183220,72191776,NO,8556
chrX,68236093,68248437,NO,12344
chrX,66782259,66784589,NO,2330
chr17,65991542,65992964,NO,1422
chr10,124227962,124235227,NO,7265
chr10,89801334,89806398,NO,5064
chr3,42646827,42655075,NO,8248
chr10,31340740,31363878,NO,23138
chr17,65542431,65546850,NO,4419
chr5,158122146,158128575,NO,6429
chr4,1580847,1582511,NO,1664
chr5,88027932,88031349,NO,3417
chr12,31782209,31783843,NO,1634
chr4,174407283,174412983,NO,5700
chr6,17202344,17219492,NO,17148
chr9,6927499,6932968,NO,5469
chr19,4647744,4655605,NO,7861
chr2,96459758,96464285,NO,4527
chr17,151286,152875,NO,1589
chr6,53847524,53852578,NO,5054
chr6,7591811,7604963,NO,13152
chr2,122226495,122238772,NO,12277
chr17,46025676,46027476,NO,1800
chr3,169710270,169722233,NO,11963
chr10,1089378,1091278,NO,1900
chr18,18909370,18910888,NO,1518
chr12,63543508,63546274,NO,2766
chr1,85912625,85915392,NO,2767
chrX,135205160,135209997,NO,4837
chr5,91624256,91634620,NO,10364
chrX,10450150,10454802,NO,4652
chr7,111769752,111773658,NO,3906
chr4,65137011,65138797,NO,1786
chr7,39894506,39894962,NO,456
chr1,177243198,177244877,NO,1679
chr16,67888791,67890247,NO,1456
chr10,32617425,32623359,NO,5934
chrX,118174124,118175818,NO,1694
chr10,81741187,81742457,NO,1270
chr12,47051594,47055573,NO,3979
chr17,2951580,2952987,NO,1407
chr8,61628084,61637296,NO,9212
chr9,139218313,139220134,NO,1821
chr7,5673120,5695274,NO,22154
chr3,40279590,40292682,NO,13092
chr1,210465429,210469014,NO,3585
chr15,66971562,66973353,NO,1791
chrX,36975504,36976797,NO,1293
chr11,73109453,73111690,NO,2237
chr2,102720452,102721545,NO,1093
chr5,173115651,173117693,NO,2042
chr12,52474099,52477322,NO,3223
chr9,13444756,13448372,NO,3616
chr16,68305895,68307816,NO,1921
chr5,158404721,158407842,NO,3121
chr7,28213145,28216998,NO,3853
chr20,10719769,10728783,NO,9014
chr15,80772307,80774119,NO,1812
chr4,56225268,56239072,NO,13804
chr20,10489069,10492552,NO,3483
chr11,95991527,96001284,NO,9757
chr3,71477710,71494698,NO,16988
chr19,57828764,57829288,NO,524
chr11,2157984,2160592,NO,2608
chr12,114287469,114289230,NO,1761
chr3,113378963,113380259,NO,1296
chr17,76587992,76589237,NO,1245
chr22,36390739,36393666,NO,2927
chr5,141869903,141873650,NO,3747
chr11,130697108,130699254,NO,2146
chr14,102940874,102946597,NO,5723
chr1,7577409,7579137,NO,1728
chr8,58843222,58846960,NO,3738
chr12,77738716,77743928,NO,5212
chr3,139904617,139907140,NO,2523
chr3,195321730,195325005,NO,3275
chr1,113569487,113572802,NO,3315
chr19,35328035,35329924,NO,1889
chr7,87940044,87942044,NO,2000
chr6,42219243,42221495,NO,2252
chr12,96820510,96823285,NO,2775
chr10,123837625,123839619,NO,1994
chr1,90003297,90021911,NO,18614
chr10,79730588,79731963,NO,1375
chr2,239050107,239053555,NO,3448
chr12,95566600,95568549,NO,1949
chr2,197148633,197157658,NO,9025
chr2,21261352,21265550,NO,4198
chr14,34719901,34722176,NO,2275
chr7,56355304,56356191,NO,887
chr17,75877192,75884664,NO,7472
chr8,143833616,143837139,NO,3523
chr6,139400961,139403975,NO,3014
chr16,23403492,23410722,NO,7230
chr5,159304328,159310876,NO,6548
chr17,43522501,43525127,NO,2626
chr22,46396284,46398440,NO,2156
chr1,29751743,29754398,NO,2655
chr8,102771616,102773800,NO,2184
chr10,29095359,29097338,NO,1979
chr11,130449750,130451409,NO,1659
chr12,60126737,60131812,NO,5075
chr13,33726580,33729573,NO,2993
chr15,99751591,99753417,NO,1826
chr9,21809913,21813658,NO,3745
chr11,19648994,19650817,NO,1823
chr5,71268183,71270987,NO,2804
chr10,99680696,99682689,NO,1993
chr17,7338486,7341026,NO,2540
chr10,72412351,72417138,NO,4787
chr2,36787820,36791388,NO,3568
chr10,72055588,72057469,NO,1881
chr8,21541857,21544879,NO,3022
chr16,67866853,67868582,NO,1729
chr7,75193933,75195404,NO,1471
chr4,8248254,8250133,NO,1879
chr15,91460377,91462661,NO,2284
chr10,53157449,53166373,NO,8924
chr6,169688619,169693099,NO,4480
chr3,126545488,126547828,NO,2340
chr7,44173570,44175633,NO,2063
chr13,36496924,36502722,NO,5798
chr1,116269792,116271535,NO,1743
chr15,36397656,36400011,NO,2355
chr10,24566589,24567917,NO,1328
chr10,4540119,4541759,NO,1640
chr8,94881529,94892146,NO,10617
chr3,111730418,111732719,NO,2301
chr12,26163119,26164843,NO,1724
chr3,37753434,37755682,NO,2248
chr17,42356816,42358217,NO,1401
chr4,142074350,142076243,NO,1893
chr7,14245701,14247557,NO,1856
chr16,9221118,9222976,NO,1858
chr3,99816758,99822607,NO,5849
chr12,15309608,15318963,NO,9355
chr14,69545582,69554067,NO,8485
chr10,3281847,3283357,NO,1510
chr9,119080756,119083377,NO,2621
chr1,230344204,230351399,NO,7195
chr15,74066528,74068017,NO,1489
chr6,33565089,33566255,NO,1166
chr12,68166016,68167163,NO,1147
chr16,47526123,47528439,NO,2316
chr3,73077645,73087659,NO,10014
chr14,76327112,76335578,NO,8466
chr17,75672800,75678752,NO,5952
chr3,27618517,27633786,NO,15269
chr12,99524182,99526371,NO,2189
chr2,12894038,12904973,NO,10935
chr19,35924710,35928384,NO,3674
chr3,146186479,146187744,NO,1265
chr6,17580441,17584759,NO,4318
chr6,154784400,154799867,NO,15467
chr8,10849396,10851444,NO,2048
chrX,9978946,9981034,NO,2088
chr6,134076776,134086363,NO,9587
chr4,1285749,1289194,NO,3445
chr17,59356833,59364351,NO,7518
chr12,109348892,109361142,NO,12250
chr6,55733537,55748049,NO,14512
chr1,65004751,65007075,NO,2324
chrX,153212841,153215599,NO,2758
chr4,140967986,140971004,NO,3018
chr18,47948734,47952510,NO,3776
chr7,35371314,35374398,NO,3084
chr5,55645444,55648778,NO,3334
chr1,179059513,179061719,NO,2206
chr9,6217560,6230587,NO,13027
chr1,207471385,207486327,NO,14942
chr17,3432372,3435361,NO,2989
chr2,40391656,40393501,NO,1845
chr7,103173595,103181906,NO,8311
chr12,117036422,117038198,NO,1776
chr5,141395151,141405228,NO,10077
chr7,14800528,14802093,NO,1565
chr11,95975557,95977558,NO,2001
chr14,56151331,56153512,NO,2181
chr5,159783765,159791118,NO,7353
chr9,37952791,37954842,NO,2051
chr20,3321062,3322433,NO,1371
chr21,9907716,9912799,NO,5083
chr10,93566842,93567514,NO,672
chr19,36389257,36391799,NO,2542
chr3,65874470,65875863,NO,1393
chr11,70413668,70415373,NO,1705
chr17,8102912,8104149,NO,1237
chr6,22042738,22044447,NO,1709
chr4,38011770,38018247,NO,6477
chr2,72430797,72433428,NO,2631
chr6,41031446,41032940,NO,1494
chr15,77395914,77400639,NO,4725
chr10,45948058,45950131,NO,2073
chr15,52018518,52024855,NO,6337
chr11,2935089,2936575,NO,1486
chr8,99177940,99180457,NO,2517
chr8,133958398,133968579,NO,10181
chr6,30068327,30071576,NO,3249
chr4,189659398,189659891,NO,493
chr6,144478113,144480509,NO,2396
chr22,26889144,26900010,NO,10866
chr16,30559895,30561048,NO,1153
chr5,134764656,134774639,NO,9983
chr2,218195883,218197234,NO,1351
chr7,41085651,41088011,NO,2360
chr14,92219219,92222039,NO,2820
chr8,11799251,11813972,NO,14721
chr12,120851352,120852630,NO,1278
chr16,11352205,11353759,NO,1554
chr5,148826488,148828779,NO,2291
chr3,64312394,64313962,NO,1568
chr7,2235087,2237630,NO,2543
chr1,185562928,185565446,NO,2518
chr12,89845236,89855523,NO,10287
chr10,89822046,89825397,NO,3351
chr12,54639406,54642985,NO,3579
chr11,100308964,100317108,NO,8144
chr8,126226361,126232574,NO,6213
chr11,8891720,8893337,NO,1617
chr15,31597943,31599517,NO,1574
chr16,49787996,49789702,NO,1706
chr1,81957411,81960284,NO,2873
chr6,21844428,21848091,NO,3663
chr19,41210711,41212941,NO,2230
chr11,22742467,22747993,NO,5526
chr4,122515416,122517538,NO,2122
chr17,9744774,9746647,NO,1873
chr6,11427221,11438835,NO,11614
chr3,65698925,65700702,NO,1777
chr17,14108567,14110278,NO,1711
chr2,17759621,17765449,NO,5828
chr16,527170,534134,NO,6964
chr11,15671001,15672949,NO,1948
chr13,114098273,114100675,NO,2402
chr5,173133009,173135254,NO,2245
chr15,52166798,52177580,NO,10782
chr17,43183350,43187303,NO,3953
chr5,14112923,14119662,NO,6739
chr13,24788930,24798961,NO,10031
chr19,11434123,11436009,NO,1886
chr12,108721239,108728628,NO,7389
chr3,128689724,128691065,NO,1341
chr20,43643176,43645152,NO,1976
chr2,135198577,135200067,NO,1490
chr5,170059659,170061718,NO,2059
chr1,32252975,32254885,NO,1910
chr10,439949,442281,NO,2332
chr1,31627073,31628753,NO,1680
chr13,26753137,26761020,NO,7883
chr20,16554954,16556847,NO,1893
chr16,30892148,30894709,NO,2561
chr2,205185754,205187810,NO,2056
chr1,6335793,6337233,NO,1440
chr3,46509519,46511660,NO,2141
chr14,21438752,21440432,NO,1680
chr14,61568887,61571640,NO,2753
chr17,17632998,17634961,NO,1963
chr2,110097950,110100622,NO,2672
chr16,1230074,1233287,NO,3213
chr16,68282480,68284207,NO,1727
chr5,43627026,43636096,NO,9070
chr6,157507798,157520409,NO,12611
chr22,38306154,38310036,NO,3882
chr1,62071222,62073526,NO,2304
chr9,90690728,90708453,NO,17725
chr7,16065970,16073573,NO,7603
chr15,42678053,42682120,NO,4067
chr7,98553493,98555222,NO,1729
chr21,27918523,27920307,NO,1784
chr1,219843439,219846377,NO,2938
chr20,39903912,39909037,NO,5125
chr9,75139683,75143060,NO,3377
chr6,148666041,148669097,NO,3056
chr1,7350765,7360099,NO,9334
chr15,69067399,69069841,NO,2442
chr8,82392539,82405158,NO,12619
chr2,127844235,127846027,NO,1792
chr8,97939304,97974642,NO,35338
chr9,36469911,36471956,NO,2045
chr9,129349390,129351355,NO,1965
chr11,104319310,104322921,NO,3611
chr7,107249342,107272558,NO,23216
chr8,80651202,80654553,NO,3351
chr6,141873063,141884278,NO,11215
chrX,39816891,39830129,NO,13238
chrX,122350008,122354238,NO,4230
chr1,220530234,220544445,NO,14211
chr1,115746510,115763627,NO,17117
chr20,6711319,6717240,NO,5921
chr1,168889047,168891960,NO,2913
chr2,179387210,179388973,NO,1763
chr20,30083650,30086908,NO,3258
chr16,56944485,56951713,NO,7228
chr12,58595725,58598599,NO,2874
chr6,6025156,6028188,NO,3032
chr18,53650091,53665999,NO,15908
chr20,5695286,5701116,NO,5830
chr22,37702475,37704702,NO,2227
chr1,40849968,40852902,NO,2934
chr11,61608816,61610629,NO,1813
chr8,49701019,49703103,NO,2084
chr2,102079645,102081844,NO,2199
chr12,133315963,133318098,NO,2135
chr16,49672235,49674939,NO,2704
chr20,33539164,33540370,NO,1206
chr3,114403651,114411359,NO,7708
chr5,131421221,131423317,NO,2096
chrX,38723011,38728368,NO,5357
chr11,47534160,47537578,NO,3418
chr12,110000705,110002363,NO,1658
chr5,127551966,127564431,NO,12465
chr6,22821900,22829273,NO,7373
chr14,60560768,60563158,NO,2390
chr3,187941139,187943354,NO,2215
chr18,33312202,33314573,NO,2371
chr1,20294543,20296435,NO,1892
chr15,90784070,90785658,NO,1588
chr8,120931682,120934098,NO,2416
chr15,31354091,31356271,NO,2180
chr7,99812961,99815817,NO,2856
chr12,51377905,51379359,NO,1454
chr19,36821993,36823176,NO,1183
chr12,104438788,104450523,NO,11735
chr4,149124557,149138873,NO,14316
chr6,82875079,82879824,NO,4745
chr10,131689546,131691620,NO,2074
chr1,26867942,26870311,NO,2369
chr2,46109180,46113867,NO,4687
chr12,121270897,121274434,NO,3537
chr18,62655579,62661450,NO,5871
chr1,112423379,112430063,NO,6684
chr11,121611584,121613819,NO,2235
chr19,3552485,3553612,NO,1127
chr10,30842017,30843729,NO,1712
chr2,39695791,39697511,NO,1720
chr9,20027962,20032339,NO,4377
chr1,100678532,100684168,NO,5636
chr12,52572699,52574272,NO,1573
chr9,130461146,130462671,NO,1525
chr5,149317252,149319523,NO,2271
chr4,152120321,152124777,NO,4456
chr17,46060002,46062272,NO,2270
chr17,48366685,48368524,NO,1839
chr8,23655316,23656979,NO,1663
chr4,24104756,24107709,NO,2953
chr19,47679377,47694415,NO,15038
chr15,25914684,25930136,NO,15452
chr3,16181469,16191199,NO,9730
chr17,17573824,17576692,NO,2868
chr2,169868082,169869654,NO,1572
chr5,38297569,38310461,NO,12892
chr15,102180817,102187845,NO,7028
chr18,6773778,6782351,NO,8573
chr1,87254046,87259094,NO,5048
chr8,27262310,27266047,NO,3737
chr2,1377070,1378602,NO,1532
chr20,23946611,23948742,NO,2131
chr6,162888167,162889871,NO,1704
chr8,20044209,20045360,NO,1151
chr10,111726548,111740060,NO,13512
chr2,28491842,28499851,NO,8009
chr17,38737704,38739618,NO,1914
chr2,96748051,96750924,NO,2873
chr6,5782584,5784211,NO,1627
chr4,102111989,102121971,NO,9982
chr5,137001386,137003057,NO,1671
chr8,9174451,9177557,NO,3106
chr14,53505840,53510200,NO,4360
chr14,105686442,105688094,NO,1652
chr11,8848366,8862587,NO,14221
chr15,68929361,68932824,NO,3463
chr1,162701789,162711877,NO,10088
chr9,13841124,13842805,NO,1681
chr7,130012494,130015099,NO,2605
chrX,1581283,1583665,NO,2382
chr3,187951511,187953309,NO,1798
chr20,61506702,61519795,NO,13093
chr19,3943806,3944883,NO,1077
chr11,95732779,95745933,NO,13154
chr8,20125641,20132621,NO,6980
chr1,150185299,150186934,NO,1635
chr12,107983849,107985566,NO,1717
chr22,39002100,39011926,NO,9826
chr5,151601063,151602521,NO,1458
chr19,31806740,31808954,NO,2214
chr14,31634091,31636042,NO,1951
chr10,90685236,90687762,NO,2526
chr3,45097839,45107285,NO,9446
chr6,4447086,4461852,NO,14766
chr12,116097044,116099767,NO,2723
chr9,139534402,139536088,NO,1686
chr5,153005625,153009321,NO,3696
chr7,21618907,21620772,NO,1865
chr5,155462989,155464624,NO,1635
chr8,28479489,28489444,NO,9955
chr14,42073852,42076544,NO,2692
chr17,17724491,17726983,NO,2492
chr16,65104806,65106452,NO,1646
chr6,90694520,90696183,NO,1663
chr10,16870082,16875467,NO,5385
chr5,127664130,127675722,NO,11592
chr12,68190795,68202034,NO,11239
chr9,76061231,76066401,NO,5170
chr1,229714433,229718598,NO,4165
chr10,45429708,45432058,NO,2350
chr2,192241766,192251053,NO,9287
chr12,3639451,3644270,NO,4819
chr8,42574777,42576826,NO,2049
chr17,4213488,4217707,NO,4219
chr2,130942771,130944542,NO,1771
chr6,129666931,129673687,NO,6756
chr11,92440056,92441460,NO,1404
chr12,112435759,112444373,NO,8614
chr7,104523600,104524912,NO,1312
chr6,4125400,4127252,NO,1852
chr18,59273018,59274397,NO,1379
chr14,51890674,51892565,NO,1891
chr17,20609957,20611149,NO,1192
chr20,22956826,22966463,NO,9637
chr20,43178068,43182798,NO,4730
chr1,201566117,201568624,NO,2507
chr3,126107761,126108814,NO,1053
chr2,103442824,103444566,NO,1742
chrX,50336689,50339685,NO,2996
chr12,67827949,67836678,NO,8729
chr18,33093050,33106943,NO,13893
chr3,11407974,11409619,NO,1645
chr15,64207298,64209235,NO,1937
chr1,233248503,233251162,NO,2659
chr10,6012744,6014464,NO,1720
chr10,24814403,24816010,NO,1607
chr17,41280274,41281696,NO,1422
chr3,149864681,149867963,NO,3282
chr14,100437288,100439227,NO,1939
chr16,80933399,80935312,NO,1913
chr12,8861879,8865559,NO,3680
chr11,122561069,122562961,NO,1892
chr4,121675700,121687203,NO,11503
chr1,203168393,203172599,NO,4206
chr4,16821794,16830307,NO,8513
chr6,111983838,111986264,NO,2426
chr12,50665208,50670465,NO,5257
chr12,133484463,133486039,NO,1576
chr7,70158100,70160512,NO,2412
chr1,201788800,201796804,NO,8004
chr3,12218708,12235176,NO,16468
chr2,224963155,224967645,NO,4490
chr1,221290351,221292810,NO,2459
chr6,95991798,95994346,NO,2548
chr15,58214257,58216361,NO,2104
chr20,32627818,32630474,NO,2656
chr12,96087527,96099768,NO,12241
chr19,49720118,49721478,NO,1360
chr2,96810423,96813518,NO,3095
chr11,75830076,75842755,NO,12679
chr10,34007478,34009102,NO,1624
chr8,128217411,128220305,NO,2894
chr5,127864125,127871622,NO,7497
chr11,47255253,47257164,NO,1911
chr7,105758211,105761235,NO,3024
chr11,61648346,61649741,NO,1395
chr9,132523497,132540297,NO,16800
chr3,16284997,16286689,NO,1692
chr12,31670279,31680557,NO,10278
chr3,190525360,190528485,NO,3125
chr1,181998145,181999787,NO,1642
chr9,137365161,137368034,NO,2873
chr17,4347747,4348829,NO,1082
chr2,121101150,121104896,NO,3746
chr11,122179409,122180667,NO,1258
chr8,22920881,22923305,NO,2424
chr8,102979354,102980374,NO,1020
chr18,19577040,19579156,NO,2116
chr20,33491056,33493149,NO,2093
chr3,69419027,69420785,NO,1758
chr2,122186389,122188108,NO,1719
chr9,66456895,66458856,NO,1961
chr3,46933020,46935659,NO,2639
chr4,153294063,153300987,NO,6924
chr16,32884029,32886283,NO,2254
chr10,111873442,111879737,NO,6295
chr14,21776064,21777683,NO,1619
chr15,45369280,45373762,NO,4482
chr10,29911060,29912645,NO,1585
chr6,112335266,112341205,NO,5939
chr20,39676021,39687740,NO,11719
chr10,50449039,50451635,NO,2596
chr2,164549204,164559150,NO,9946
chrX,9713167,9715275,NO,2108
chr12,81271587,81274070,NO,2483
chr8,25832159,25840364,NO,8205
chr15,70562273,70564457,NO,2184
chr9,130369782,130371250,NO,1468
chr17,40530861,40534810,NO,3949
chr1,59314001,59315788,NO,1787
chr11,3021169,3023162,NO,1993
chr16,58566390,58569607,NO,3217
chr18,7233219,7256262,NO,23043
chr4,88541193,88543137,NO,1944
chr3,35704968,35706653,NO,1685
chr3,133696055,133711057,NO,15002
chr11,61792233,61793938,NO,1705
chr11,117954462,117955784,NO,1322
chr9,85103149,85105400,NO,2251
chr15,65567280,65568835,NO,1555
chr13,44542236,44561748,NO,19512
chr15,96001302,96015339,NO,14037
chr11,108941459,108943469,NO,2010
chr7,112124338,112125623,NO,1285
chr16,88810478,88813705,NO,3227
chr10,14792707,14794733,NO,2026
chr15,75823271,75835238,NO,11967
chr6,157545892,157558361,NO,12469
chr11,61620818,61622269,NO,1451
chr12,66429751,66430957,NO,1206
chr14,32720788,32725083,NO,4295
chr7,151182028,151187572,NO,5544
chr18,77769798,77771209,NO,1411
chr19,18233362,18235423,NO,2061
chr14,103671986,103674478,NO,2492
chr1,62802078,62804247,NO,2169
chr12,30498512,30499833,NO,1321
chr8,26621483,26623457,NO,1974
chr19,54930577,54933236,NO,2659
chr15,99091000,99092550,NO,1550
chr8,11290714,11292384,NO,1670
chr4,151795221,151796536,NO,1315
chr5,111584186,111590911,NO,6725
chr9,103342019,103350079,NO,8060
chr22,29492201,29493665,NO,1464
chr1,145525953,145528223,NO,2270
chrX,118005422,118007184,NO,1762
chr7,130741569,130758036,NO,16467
chr12,123468310,123470325,NO,2015
chr2,28323503,28325833,NO,2330
chr10,72123124,72124714,NO,1590
chr16,65283295,65284590,NO,1295
chr8,117875650,117883386,NO,7736
chr3,178099838,178103151,NO,3313
chr1,168849106,168863526,NO,14420
chr1,85261285,85264361,NO,3076
chr12,9801833,9804485,NO,2652
chr20,52515978,52518731,NO,2753
chr5,167978597,167980630,NO,2033
chr1,14274809,14277681,NO,2872
chr9,124290888,124292619,NO,1731
chr17,60771290,60783992,NO,12702
chr1,101669331,101671143,NO,1812
chr1,183884541,183885986,NO,1445
chr7,63353328,63353758,NO,430
chr6,11810117,11811499,NO,1382
chr6,11609067,11610665,NO,1598
chr11,3093519,3095239,NO,1720
chr1,26398465,26399750,NO,1285
chr16,73156123,73160592,NO,4469
chr4,86728462,86734614,NO,6152
chr1,65329592,65342210,NO,12618
chr6,31169916,31172403,NO,2487
chr11,67381071,67382587,NO,1516
chr4,2714988,2716980,NO,1992
chr18,43966492,43968268,NO,1776
chr7,142745793,142759067,NO,13274
chr11,88152819,88155175,NO,2356
chr16,70606102,70608659,NO,2557
chr9,13513130,13522637,NO,9507
chr15,101806935,101814753,NO,7818
chr5,124241856,124243285,NO,1429
chr12,12686158,12687753,NO,1595
chr20,23273788,23275539,NO,1751
chr20,33590246,33593082,NO,2836
chr3,99562238,99565452,NO,3214
chr8,6481250,6485112,NO,3862
chr10,69418926,69423843,NO,4917
chr10,116722011,116730894,NO,8883
chrX,118108306,118111253,NO,2947
chr8,27994155,27995903,NO,1748
chr9,98209559,98211144,NO,1585
chr16,53898772,53899965,NO,1193
chr18,2997481,2998965,NO,1484
chr5,143112652,143114264,NO,1612
chr15,72649984,72661614,NO,11630
chr2,145694110,145696243,NO,2133
chr11,108724299,108728703,NO,4404
chr9,136995856,136997176,NO,1320
chr11,128077235,128079183,NO,1948
chr14,50689112,50693498,NO,4386
chr11,130272606,130278735,NO,6129
chr2,20325366,20326879,NO,1513
chr2,23839629,23841600,NO,1971
chr1,31111179,31112661,NO,1482
chr13,60049893,60068848,NO,18955
chr3,45988159,46001149,NO,12990
chr22,41992630,41994113,NO,1483
chr2,60643022,60644698,NO,1676
chr11,72968228,72969720,NO,1492
chr1,226789665,226791761,NO,2096
chr6,157694596,157696700,NO,2104
chr17,61472775,61480326,NO,7551
chr4,8051840,8053273,NO,1433
chr20,17591177,17594357,NO,3180
chr7,112030715,112032665,NO,1950
chr5,89284316,89286740,NO,2424
chr14,100806282,100809070,NO,2788
chr5,154859900,154861477,NO,1577
chr1,165495826,165510488,NO,14662
chr3,187925220,187926829,NO,1609
chr9,92867932,92870920,NO,2988
chr5,68628168,68629062,NO,894
chr20,46039869,46044763,NO,4894
chr1,143989910,143993864,NO,3954
chr21,43377031,43379047,NO,2016
chr9,85833982,85835436,NO,1454
chr3,47957044,47958835,NO,1791
chr11,127811155,127811821,NO,666
chr1,33077284,33078628,NO,1344
chr1,68251861,68260315,NO,8454
chr16,29209999,29212391,NO,2392
chr22,27608021,27611330,NO,3309
chr8,133527870,133529712,NO,1842
chr12,58226547,58228711,NO,2164
chr8,17704674,17709304,NO,4630
chr13,24568190,24570943,NO,2753
chr1,52048588,52050300,NO,1712
chr4,120860450,120864550,NO,4100
chr10,73988999,73990153,NO,1154
chr1,226456093,226461538,NO,5445
chr22,46104953,46106712,NO,1759
chr2,33201346,33202937,NO,1591
chr16,85005816,85007400,NO,1584
chr18,46014337,46017603,NO,3266
chr12,21863386,21871019,NO,7633
chr10,100170176,100172718,NO,2542
chr3,30196942,30209552,NO,12610
chr3,149950640,149954119,NO,3479
chr20,8626652,8629355,NO,2703
chr15,101782335,101788056,NO,5721
chr20,17939186,17947489,NO,8303
chr22,46084079,46085594,NO,1515
chr5,154214000,154216113,NO,2113
chr3,121366054,121368534,NO,2480
chr12,120130719,120142876,NO,12157
chr8,126130984,126141508,NO,10524
chr22,35935321,35938285,NO,2964
chr1,150507230,150509091,NO,1861
chr15,63166799,63170762,NO,3963
chr1,183545168,183547492,NO,2324
chr8,61612747,61614142,NO,1395
chr1,245081698,245083035,NO,1337
chr12,106213983,106215394,NO,1411
chr15,75381653,75383053,NO,1400
chr1,209974301,209982198,NO,7897
chr6,118538926,118542797,NO,3871
chr3,30272395,30274714,NO,2319
chr11,61636953,61639979,NO,3026
chr5,155837404,155849273,NO,11869
chr10,30443821,30445708,NO,1887
chr10,4983453,4991398,NO,7945
chr4,86697138,86706049,NO,8911
chr5,14900632,14902312,NO,1680
chr1,46357318,46358671,NO,1353
chr11,46575208,46582958,NO,7750
chr10,73233441,73237047,NO,3606
chr9,131702445,131705383,NO,2938
chr3,42531074,42532592,NO,1518
chr3,11225955,11228348,NO,2393
chr10,49863113,49864455,NO,1342
chr1,11235941,11238829,NO,2888
chr16,46657113,46658533,NO,1420
chr18,24236216,24237813,NO,1597
chr7,44127152,44128748,NO,1596
chr14,102873390,102875948,NO,2558
chr11,7576174,7577164,NO,990
chr10,33748546,33750639,NO,2093
chr20,6193614,6194573,NO,959
chr6,22470554,22472514,NO,1960
chr1,112978685,112982771,NO,4086
chr4,141523492,141531297,NO,7805
chr8,62621186,62625100,NO,3914
chr6,112358657,112365147,NO,6490
chr11,116942000,116948303,NO,6303
chr4,150329896,150331454,NO,1558
chr20,23635940,23637500,NO,1560
chr11,35108953,35122428,NO,13475
chr4,108816603,108823092,NO,6489
chr18,55360962,55366514,NO,5552
chr3,124277386,124278945,NO,1559
chr4,47706385,47715876,NO,9491
chr15,66380742,66382047,NO,1305
chr7,130069334,130072110,NO,2776
chr16,4931652,4943800,NO,12148
chr1,109840604,109843389,NO,2785
chr2,201629844,201631357,NO,1513
chrX,73462426,73469212,NO,6786
chr8,134035615,134046284,NO,10669
chr8,38135610,38137950,NO,2340
chr1,226270565,226272000,NO,1435
chr1,145484616,145486971,NO,2355
chr16,68303105,68305823,NO,2718
chrX,39335392,39337876,NO,2484
chrX,153574264,153576403,NO,2139
chr13,42354790,42363293,NO,8503
chr1,53141827,53143557,NO,1730
chr8,93679728,93681521,NO,1793
chr17,30333860,30335481,NO,1621
chr6,126156500,126166620,NO,10120
chrX,103173009,103174461,NO,1452
chr10,93860503,93863252,NO,2749
chr2,183779515,183781209,NO,1694
chr4,77722448,77734166,NO,11718
chr1,47078419,47080616,NO,2197
chr12,76093403,76101184,NO,7781
chr13,114149705,114150618,NO,913
chr4,124812766,124818416,NO,5650
chr5,3853092,3855308,NO,2216
chr7,38792464,38793782,NO,1318
chr8,20642796,20644570,NO,1774
chr9,14534299,14536152,NO,1853
chr19,30136005,30137700,NO,1695
chr4,79566404,79568152,NO,1748
chr5,65732519,65736838,NO,4319
chr1,175286322,175288976,NO,2654
chr6,45412920,45414263,NO,1343
chr2,100688456,100690131,NO,1675
chr5,68021679,68027186,NO,5507
chr6,170574581,170597766,NO,23185
chr1,222014157,222020220,NO,6063
chr21,27058716,27062062,NO,3346
chr2,114040655,114042486,NO,1831
chr9,101010208,101011877,NO,1669
chr15,90708310,90709937,NO,1627
chr16,87839761,87841306,NO,1545
chr20,49378924,49384878,NO,5954
chr22,41729711,41732009,NO,2298
chr5,70896281,70897825,NO,1544
chr16,48981033,48998447,NO,17414
chr14,74100042,74101426,NO,1384
chr3,170806347,170808178,NO,1831
chr5,66530181,66541194,NO,11013
chr1,227069326,227080665,NO,11339
chr12,109629156,109633356,NO,4200
chr3,194489320,194507074,NO,17754
chr5,41192985,41195631,NO,2646
chr7,138645492,138653057,NO,7565
chr2,22721513,22723931,NO,2418
chr10,35775072,35785766,NO,10694
chr12,10219755,10221991,NO,2236
chr22,37448466,37450541,NO,2075
chr1,40733000,40736837,NO,3837
chr1,33752126,33767165,NO,15039
chr10,120629678,120631306,NO,1628
chr3,15334256,15337218,NO,2962
chr16,78702902,78719169,NO,16267
chr12,72087592,72088656,NO,1064
chr1,40522005,40526112,NO,4107
chr1,172715131,172718013,NO,2882
chr20,9242689,9261611,NO,18922
chr17,67043756,67054848,NO,11092
chr6,145692724,145694794,NO,2070
chr8,131684448,131688485,NO,4037
chr19,45714612,45716607,NO,1995
chr12,96447002,96448354,NO,1352
chr11,118528202,118530934,NO,2732
chr2,203671644,203673163,NO,1519
chr17,18553384,18554074,NO,690
chr3,53337167,53338406,NO,1239
chr16,69771236,69776792,NO,5556
chr4,146460758,146468350,NO,7592
chr9,94094854,94104524,NO,9670
chr16,66068753,66071313,NO,2560
chr2,110551984,110552537,NO,553
chr2,70256677,70274029,NO,17352
chr2,111073734,111077814,NO,4080
chr11,74531208,74533900,NO,2692
chr11,44720835,44723489,NO,2654
chr15,74391854,74393124,NO,1270
chr5,171022514,171024272,NO,1758
chr2,110808805,110812885,NO,4080
chr10,24671951,24673512,NO,1561
chr1,112392201,112400408,NO,8207
chr3,50609261,50611025,NO,1764
chr19,49071222,49072432,NO,1210
chr2,121260728,121262686,NO,1958
chr4,148024377,148025410,NO,1033
chr11,6766656,6768611,NO,1955
chr15,30336524,30338348,NO,1824
chr10,104813214,104818149,NO,4935
chr16,21034722,21045619,NO,10897
chr8,38457625,38458978,NO,1353
chr11,61627171,61628660,NO,1489
chr4,118496896,118497399,NO,503
chr19,53629262,53630850,NO,1588
chr1,26405104,26407203,NO,2099
chr3,194750993,194753039,NO,2046
chr11,65178589,65180612,NO,2023
chr12,93613327,93631730,NO,18403
chr16,20685838,20688308,NO,2470
chr18,455819,457960,NO,2141
chr13,40845281,40847077,NO,1796
chr7,130957534,130986726,NO,29192
chr13,99714460,99715939,NO,1479
chr11,65209158,65210218,NO,1060
chr14,90016980,90041201,NO,24221
chr6,126130925,126134646,NO,3721
chr6,86384524,86386480,NO,1956
chr2,229036873,229042269,NO,5396
chr1,172421192,172422783,NO,1591
chr2,30788528,30790944,NO,2416
chr2,169323138,169327900,NO,4762
chr15,81595685,81606331,NO,10646
chr14,23546960,23549237,NO,2277
chr17,49014,50841,NO,1827
chr1,21563753,21565223,NO,1470
chr19,56096569,56097886,NO,1317
chr5,148792249,148793663,NO,1414
chr21,46974403,46976430,NO,2027
chr1,110730398,110732051,NO,1653
chr18,43935275,43937141,NO,1866
chr12,52809244,52811798,NO,2554
chr7,63385627,63387687,NO,2060
chr2,144232487,144241455,NO,8968
chr6,13611706,13613609,NO,1903
chr1,246961257,246962881,NO,1624
chr15,72447239,72448734,NO,1495
chr20,9281529,9283433,NO,1904
chr17,61551712,61553801,NO,2089
chr9,132890425,132902010,NO,11585
chr15,92237205,92238697,NO,1492
chr17,9273310,9274995,NO,1685
chr10,31908496,31920987,NO,12491
chr1,204928029,204929976,NO,1947
chr3,36949234,36950622,NO,1388
chr18,43830045,43841501,NO,11456
chr11,43665267,43666639,NO,1372
chr22,47366244,47368253,NO,2009
chr5,56701401,56711380,NO,9979
chr19,48044847,48045943,NO,1096
chr1,120758280,120761968,NO,3688
chr18,73350231,73351586,NO,1355
chr9,86123818,86128330,NO,4512
chr1,44007227,44008723,NO,1496
chr19,14212835,14214699,NO,1864
chr1,221906616,221908816,NO,2200
chr10,530218,537803,NO,7585
chr15,91457988,91460343,NO,2355
chr8,38507590,38509202,NO,1612
chr13,73493645,73494998,NO,1353
chr11,67206458,67208884,NO,2426
chr11,68853936,68857476,NO,3540
chr2,173325975,173329069,NO,3094
chr4,7971051,7972590,NO,1539
chr22,43071513,43073506,NO,1993
chr10,47655257,47656703,NO,1446
chr20,58714609,58716491,NO,1882
chr4,14843019,14845101,NO,2082
chr6,6856614,6857858,NO,1244
chr7,150371951,150373780,NO,1829
chrX,45365723,45368132,NO,2409
chr12,58329462,58330505,NO,1043
chr1,42422955,42424364,NO,1409
chr4,16022969,16025908,NO,2939
chr18,31161611,31165887,NO,4276
chr4,7207805,7209706,NO,1901
chr5,31806182,31811957,NO,5775
chr16,16090166,16092676,NO,2510
chr15,28339707,28342073,NO,2366
chr16,2648968,2650908,NO,1940
chr5,76372623,76374042,NO,1419
chr6,34727821,34730399,NO,2578
chr1,201243853,201245366,NO,1513
chr22,38291931,38293468,NO,1537
chr7,4837802,4861268,NO,23466
chr16,22008267,22009836,NO,1569
chr10,126552481,126553843,NO,1362
chr16,57442637,57444547,NO,1910
chr22,17089266,17091068,NO,1802
chr4,71599660,71601144,NO,1484
chr1,179144155,179146626,NO,2471
chr11,10511433,10513435,NO,2002
chr9,130627155,130629420,NO,2265
chr17,38439722,38450413,NO,10691
chr16,24127691,24130383,NO,2692
chr6,146592450,146596954,NO,4504
chr2,128935588,128954830,NO,19242
chr1,40888188,40890152,NO,1964
chr9,13674489,13689152,NO,14663
chr18,48887336,48888488,NO,1152
chr11,128480589,128493050,NO,12461
chr2,206548492,206551355,NO,2863
chr15,36968284,36981974,NO,13690
chr6,164362223,164365675,NO,3452
chr3,187888641,187890243,NO,1602
chr4,169828318,169841762,NO,13444
chr20,33607536,33609711,NO,2175
chr13,34249977,34253933,NO,3956
chr3,70881171,70882725,NO,1554
chr1,183925426,183929594,NO,4168
chr17,56400962,56417239,NO,16277
chr19,49263428,49264634,NO,1206
chr16,723965,726037,NO,2072
chr2,20873529,20876275,NO,2746
chr8,95956269,95958325,NO,2056
chr16,14136145,14138188,NO,2043
chr3,58183655,58187166,NO,3511
chr15,42706491,42720556,NO,14065
chr16,33789210,33791092,NO,1882
chr18,32130947,32143371,NO,12424
chr17,53315082,53316520,NO,1438
chr16,58731715,58740305,NO,8590
chr1,81943461,81944630,NO,1169
chr2,188267824,188270804,NO,2980
chr20,679963,681491,NO,1528
chr9,13932447,13940085,NO,7638
chr6,38229269,38230576,NO,1307
chr4,143738234,143739590,NO,1356
chr19,23185296,23186342,NO,1046
chr9,125155656,125157692,NO,2036
chr12,125533638,125534741,NO,1103
chr10,44492800,44505773,NO,12973
chr3,50552549,50555159,NO,2610
chr12,3792198,3794699,NO,2501
chr1,173091732,173093232,NO,1500
chr21,45471071,45475396,NO,4325
chr11,118740350,118742082,NO,1732
chr9,113305564,113309665,NO,4101
chr17,43095281,43099734,NO,4453
chr12,111076963,111079014,NO,2051
chr4,139819362,139832928,NO,13566
chr21,30704584,30715306,NO,10722
chr10,75624688,75628441,NO,3753
chr17,42997156,42999384,NO,2228
chr6,26305116,26313863,NO,8747
chr8,18645560,18653365,NO,7805
chr10,112135312,112137300,NO,1988
chr21,38710558,38711966,NO,1408
chr15,22798102,22799544,NO,1442
chr8,60029717,60031835,NO,2118
chr6,106535087,106536945,NO,1858
chr18,72189523,72191993,NO,2470
chr1,87239369,87241196,NO,1827
chr18,45435698,45439186,NO,3488
chr22,29597631,29599443,NO,1812
chr9,133465097,133466402,NO,1305
chr3,39469736,39475997,NO,6261
chr9,33918395,33932832,NO,14437
chr3,16352859,16354417,NO,1558
chr11,68313612,68318202,NO,4590
chr4,95515962,95525553,NO,9591
chr18,7940877,7947525,NO,6648
chr1,161065872,161068797,NO,2925
chr2,66752668,66764668,NO,12000
chr11,130652106,130657787,NO,5681
chr2,31202207,31208532,NO,6325
chr13,20135140,20139442,NO,4302
chr5,71506092,71507617,NO,1525
chr17,67604538,67606372,NO,1834
chr11,124980734,124982413,NO,1679
chr11,113126357,113128151,NO,1794
chr17,2009266,2011386,NO,2120
chr15,56189141,56190282,NO,1141
chr11,18800924,18802883,NO,1959
chr6,105647466,105658861,NO,11395
chr7,150085303,150086916,NO,1613
chr22,36179505,36182414,NO,2909
chr15,57674238,57681130,NO,6892
chr12,56130373,56132706,NO,2333
chr10,62694160,62698958,NO,4798
chr13,38508162,38509419,NO,1257
chr5,58364983,58376665,NO,11682
chr2,197399220,197404014,NO,4794
chr3,168950539,168960723,NO,10184
chr17,17762793,17764606,NO,1813
chr18,3966349,3968253,NO,1904
chr8,125248902,125250760,NO,1858
chr17,30429842,30431896,NO,2054
chr17,45177085,45178188,NO,1103
chr17,43538794,43540161,NO,1367
chr1,150033431,150037758,NO,4327
chr14,36852648,36853919,NO,1271
chr1,36713507,36714882,NO,1375
chr20,36818642,36820404,NO,1762
chr3,194672822,194674587,NO,1765
chr2,203638468,203639446,NO,978
chr15,73867649,73868774,NO,1125
chr7,113529836,113538813,NO,8977
chr1,10570140,10571945,NO,1805
chr6,150938442,150945095,NO,6653
chr11,108517992,108519428,NO,1436
chr9,139542880,139544200,NO,1320
chr2,42569066,42570689,NO,1623
chr12,109690599,109703478,NO,12879
chr10,96942819,96944136,NO,1317
chr7,91808120,91809143,NO,1023
chr2,201241167,201243908,NO,2741
chr19,42749785,42751931,NO,2146
chr16,9051732,9054828,NO,3096
chr16,22435463,22437665,NO,2202
chr13,45266297,45268208,NO,1911
chr5,159245640,159247745,NO,2105
chr22,32057350,32059022,NO,1672
chr4,15147022,15152477,NO,5455
chr8,74668238,74669922,NO,1684
chr20,31278287,31278955,NO,668
chr14,73030950,73032955,NO,2005
chr16,48306494,48317334,NO,10840
chr5,9284656,9288838,NO,4182
chr17,62804200,62805568,NO,1368
chr20,4582080,4595421,NO,13341
chr17,33863776,33868299,NO,4523
chr2,205889525,205890917,NO,1392
chr7,102431256,102433170,NO,1914
chr5,180071712,180074227,NO,2515
chr1,225654786,225656178,NO,1392
chr11,17180853,17187193,NO,6340
chr10,74010069,74011144,NO,1075
chr19,19657184,19659253,NO,2069
chr12,122206969,122209093,NO,2124
chr7,69490453,69491968,NO,1515
chr7,76707953,76709868,NO,1915
chr17,4244395,4246403,NO,2008
chr7,129031132,129035612,NO,4480
chr11,74033568,74037639,NO,4071
chr12,68799239,68800757,NO,1518
chr7,69426865,69433131,NO,6266
chr9,132392714,132394525,NO,1811
chr10,29186353,29187373,NO,1020
chrX,13681666,13687996,NO,6330
chr9,72875877,72878620,NO,2743
chr6,35689661,35690878,NO,1217
chr7,132012333,132013735,NO,1402
chr15,32091666,32093204,NO,1538
chr1,52249774,52251609,NO,1835
chr15,63526001,63527595,NO,1594
chr7,94250002,94251263,NO,1261
chr2,65431990,65432540,NO,550
chr1,170531298,170533071,NO,1773
chr19,46291134,46293115,NO,1981
chr10,18662938,18668046,NO,5108
chr14,93216904,93218573,NO,1669
chr2,8143279,8145080,NO,1801
chr18,48104869,48106293,NO,1424
chr7,138743083,138745768,NO,2685
chr12,114676044,114677955,NO,1911
chr8,136592034,136597287,NO,5253
chr20,44001311,44002915,NO,1604
chrX,101914366,101915572,NO,1206
chr10,37105274,37107334,NO,2060
chr10,43857137,43858629,NO,1492
chr1,44887265,44890565,NO,3300
chr16,16053872,16055399,NO,1527
chr12,121026480,121027776,NO,1296
chr2,112309395,112311563,NO,2168
chr5,168108074,168109698,NO,1624
chr17,8509550,8515616,NO,6066
chr16,49733337,49735523,NO,2186
chr2,87534753,87536922,NO,2169
chr7,5528092,5529110,NO,1018
chr2,89055177,89057391,NO,2214
chr12,51145007,51146581,NO,1574
chr15,69351510,69352937,NO,1427
chr3,43774121,43776214,NO,2093
chr10,63775557,63779967,NO,4410
chr11,241016,242351,NO,1335
chr17,60547809,60551158,NO,3349
chr5,58186407,58187934,NO,1527
chr1,172132531,172151169,NO,18638
chr2,175458252,175462789,NO,4537
chr18,3179057,3180759,NO,1702
chr12,120819253,120820645,NO,1392
chr4,65205542,65207179,NO,1637
chr3,57095852,57103217,NO,7365
chr15,78236100,78237256,NO,1156
chr15,40803040,40804910,NO,1870
chr18,10122023,10124076,NO,2053
chr7,115870114,115871511,NO,1397
chr3,119281120,119291120,NO,10000
chr6,43083596,43089747,NO,6151
chr22,21299626,21301625,NO,1999
chr7,22757181,22763712,NO,6531
chr1,27527619,27528292,NO,673
chr3,146224483,146225834,NO,1351
chr2,121624325,121626014,NO,1689
chr7,98572121,98573742,NO,1621
chr4,26049479,26051252,NO,1773
chr16,69646681,69650969,NO,4288
chr2,218224498,218226487,NO,1989
chr2,99080258,99082638,NO,2380
chr12,46824035,46826048,NO,2013
chr4,151036952,151038897,NO,1945
chr16,19656787,19657912,NO,1125
chr5,148843959,148845435,NO,1476
chr17,67481386,67483372,NO,1986
chr2,16588303,16595234,NO,6931
chr22,31004531,31006361,NO,1830
chr15,51455339,51464792,NO,9453
chr1,233799883,233802789,NO,2906
chr4,2517460,2518761,NO,1301
chr2,102577262,102579223,NO,1961
chr10,555703,558237,NO,2534
chr15,72928812,72930065,NO,1253
chr12,81096288,81097488,NO,1200
chr1,232643771,232645971,NO,2200
chr16,2130992,2133446,NO,2454
chr6,71958980,71964689,NO,5709
chr7,104884323,104886577,NO,2254
chr3,187950313,187951386,NO,1073
chr15,34806156,34807679,NO,1523
chr2,176720094,176721324,NO,1230
chr7,73965530,73968771,NO,3241
chr17,72987781,72989471,NO,1690
chr18,48365912,48371949,NO,6037
chr9,111798397,111799958,NO,1561
chr8,19301881,19316290,NO,14409
chr19,9517178,9518501,NO,1323
chr4,153010249,153031700,NO,21451
chr9,18628749,18633695,NO,4946
chr17,75176341,75179274,NO,2933
chr2,64017137,64018987,NO,1850
chr4,89679607,89687867,NO,8260
chr1,26430122,26431861,NO,1739
chr6,136221929,136224846,NO,2917
chr11,44458151,44472953,NO,14802
chr11,84024188,84025349,NO,1161
chr1,43139626,43140759,NO,1133
chr15,75614671,75615147,NO,476
chr2,241404877,241406615,NO,1738
chr14,56312373,56315346,NO,2973
chr6,37440402,37442137,NO,1735
chr15,84513481,84516100,NO,2619
chr10,134384858,134386554,NO,1696
chr9,124614155,124615923,NO,1768
chr1,113007686,113009851,NO,2165
chr10,24297111,24298174,NO,1063
chr2,95673058,95674425,NO,1367
chr12,94441158,94442737,NO,1579
chr15,67094321,67096557,NO,2236
chr2,30887396,30889738,NO,2342
chr22,19650643,19655308,NO,4665
chr18,12076027,12077105,NO,1078
chr21,46475698,46477355,NO,1657
chr13,107271513,107286278,NO,14765
chr6,91319913,91321584,NO,1671
chr8,70772191,70772910,NO,719
chr22,24084311,24086208,NO,1897
chr7,66507247,66508978,NO,1731
chr12,122404450,122409602,NO,5152
chr17,13678891,13680558,NO,1667
chr3,99792188,99796322,NO,4134
chr12,123929725,123931382,NO,1657
chr2,237595570,237597478,NO,1908
chr5,178692017,178693532,NO,1515
chr2,26044887,26045734,NO,847
chr17,80364662,80365893,NO,1231
chr6,13119725,13132962,NO,13237
chr3,123693666,123696211,NO,2545
chr3,187631315,187633476,NO,2161
chr7,155048937,155050381,NO,1444
chr22,46489415,46491420,NO,2005
chr6,80349724,80360596,NO,10872
chr3,21685687,21687367,NO,1680
chr17,7825513,7826993,NO,1480
chr15,96166340,96170296,NO,3956
chr6,15036542,15038005,NO,1463
chr3,42265150,42267189,NO,2039
chr1,113447305,113449190,NO,1885
chr7,6463381,6483972,NO,20591
chr7,76977426,76981467,NO,4041
chr6,163920813,163935379,NO,14566
chr3,14364712,14367012,NO,2300
chr5,9621140,9623941,NO,2801
chr1,61781980,61784960,NO,2980
chr16,3528146,3532407,NO,4261
chr5,135199729,135201626,NO,1897
chr1,193084611,193085617,NO,1006
chr6,134608973,134617882,NO,8909
chr15,77264793,77266049,NO,1256
chr13,52569226,52574395,NO,5169
chr1,231735756,231739907,NO,4151
chr6,22446990,22448259,NO,1269
chr17,48715739,48717215,NO,1476
chr4,183246898,183247720,NO,822
chr1,94244455,94246313,NO,1858
chr6,72097924,72104190,NO,6266
chr12,115389719,115391322,NO,1603
chr1,8657693,8659490,NO,1797
chr9,71657178,71660286,NO,3108
chr11,134045847,134047082,NO,1235
chr7,51020710,51023103,NO,2393
chr9,129153745,129164438,NO,10693
chr2,175420220,175427402,NO,7182
chr12,123445866,123447473,NO,1607
chr12,93454226,93456455,NO,2229
chr5,154259305,154262609,NO,3304
chr2,171360197,171363098,NO,2901
chr16,8779468,8780763,NO,1295
chr3,150458373,150462041,NO,3668
chr14,64584127,64586659,NO,2532
chr6,116531988,116537014,NO,5026
chr5,137565523,137567373,NO,1850
chr14,88958576,88960946,NO,2370
chr2,198966542,198978636,NO,12094
chr12,116796337,116797869,NO,1532
chr12,64255462,64257033,NO,1571
chr19,44066179,44067690,NO,1511
chr10,88159367,88160789,NO,1422
chr19,10206191,10207627,NO,1436
chr1,15818583,15820304,NO,1721
chr1,116250905,116255399,NO,4494
chr22,19731893,19733919,NO,2026
chr5,169787578,169790415,NO,2837
chr20,42702791,42712853,NO,10062
chr2,98341873,98344412,NO,2539
chr3,107700275,107707024,NO,6749
chr2,170694735,170697721,NO,2986
chr8,22976346,22978571,NO,2225
chr8,26780282,26782290,NO,2008
chrX,70806789,70813699,NO,6910
chr12,48263599,48264963,NO,1364
chr13,113597320,113598888,NO,1568
chr8,134608771,134610282,NO,1511
chr14,59872707,59874325,NO,1618
chr15,62402105,62411920,NO,9815
chr14,55913032,55915684,NO,2652
chr3,192544854,192554452,NO,9598
chr16,67047056,67049059,NO,2003
chr2,69691534,69693825,NO,2291
chr8,116461540,116470450,NO,8910
chr3,78139408,78150171,NO,10763
chr2,28044946,28046766,NO,1820
chr6,150161248,150162727,NO,1479
chr3,43538605,43541156,NO,2551
chr9,95240894,95243162,NO,2268
chr2,71872459,71873808,NO,1349
chr1,27357616,27359009,NO,1393
chr1,85608050,85615993,NO,7943
chr18,34234463,34244095,NO,9632
chr4,65348687,65356002,NO,7315
chr20,31295268,31297924,NO,2656
chr2,25094070,25097720,NO,3650
chr8,124601908,124605055,NO,3147
chr15,90817987,90818877,NO,890
chr7,6676143,6678452,NO,2309
chr8,52796513,52798406,NO,1893
chr13,103244140,103245719,NO,1579
chr2,63925243,63926948,NO,1705
chr1,36631306,36632121,NO,815
chr2,219596045,219612126,NO,16081
chr5,148824719,148826174,NO,1455
chr3,192661820,192676482,NO,14662
chr10,72318567,72321255,NO,2688
chrX,23862745,23876107,NO,13362
chr7,137617510,137629054,NO,11544
chr4,38563693,38567758,NO,4065
chr8,130327119,130329480,NO,2361
chrX,47220981,47226046,NO,5065
chr8,29026622,29028743,NO,2121
chr7,134277745,134279342,NO,1597
chr1,33206844,33209629,NO,2785
chr1,30372919,30374957,NO,2038
chr7,97739311,97761706,NO,22395
chr3,192082210,192085516,NO,3306
chr7,72248545,72250269,NO,1724
chr9,86676364,86678027,NO,1663
chr15,92366806,92368142,NO,1336
chr3,112492726,112494950,NO,2224
chr8,28798985,28800010,NO,1025
chr9,124212485,124216528,NO,4043
chr2,153277430,153289842,NO,12412
chr11,22721207,22725591,NO,4384
chr6,150643120,150649205,NO,6085
chr6,66804267,66804932,NO,665
chr11,59379026,59380207,NO,1181
chr1,201394947,201396389,NO,1442
chr7,92643577,92646379,NO,2802
chr12,50911121,50927618,NO,16497
chr6,140665391,140669080,NO,3689
chr12,46802097,46804942,NO,2845
chr2,86079914,86081747,NO,1833
chr4,44818927,44820805,NO,1878
chr10,127021039,127022732,NO,1693
chr20,60638476,60639967,NO,1491
chr2,130686240,130688941,NO,2701
chr17,4172671,4176189,NO,3518
chr13,31143684,31155940,NO,12256
chr3,148942313,148944083,NO,1770
chr6,88043243,88045085,NO,1842
chr8,25165198,25166883,NO,1685
chr5,15260808,15262360,NO,1552
chr5,148861044,148863594,NO,2550
chr16,46929620,46932535,NO,2915
chr7,134938020,134939944,NO,1924
chr9,136403934,136405794,NO,1860
chr7,135664047,135665806,NO,1759
chr4,42655746,42657602,NO,1856
chr15,67192850,67194480,NO,1630
chr6,131323123,131337324,NO,14201
chr10,31870821,31877617,NO,6796
chr21,33700915,33702386,NO,1471
chr12,93422455,93424086,NO,1631
chr8,41649105,41650308,NO,1203
chr18,13185097,13187079,NO,1982
chr13,43877108,43882824,NO,5716
chr19,7558823,7560232,NO,1409
chr8,141128491,141129877,NO,1386
chr3,187899509,187900541,NO,1032
chr7,107235097,107236339,NO,1242
chr2,208674795,208676378,NO,1583
chr17,80421127,80423075,NO,1948
chr5,170215242,170217144,NO,1902
chr2,233457220,233458582,NO,1362
chr15,32162385,32163791,NO,1406
chr4,185899880,185901395,NO,1515
chr8,144362976,144364596,NO,1620
chr9,109490090,109492215,NO,2125
chr5,112369816,112379872,NO,10056
chr14,95973006,95974729,NO,1723
chr12,96017873,96027836,NO,9963
chr14,73130606,73132662,NO,2056
chr2,201605913,201608013,NO,2100
chr5,156875583,156877174,NO,1591
chr6,110887301,110888860,NO,1559
chr4,146726655,146741414,NO,14759
chr9,130502153,130504592,NO,2439
chr6,36318025,36319456,NO,1431
chr11,97609825,97612203,NO,2378
chr4,120001183,120003668,NO,2485
chr5,52020880,52024435,NO,3555
chr11,28131541,28132637,NO,1096
chr1,147510365,147511955,NO,1590
chr1,145968631,145970221,NO,1590
chr1,164825156,164827088,NO,1932
chr20,57014109,57015774,NO,1665
chr2,39835004,39836686,NO,1682
chr21,38260926,38263141,NO,2215
chr15,80580306,80581500,NO,1194
chr10,124273532,124276137,NO,2605
chr3,158485900,158487258,NO,1358
chr17,3863180,3864902,NO,1722
chr2,189650266,189652864,NO,2598
chr5,55614773,55616122,NO,1349
chr19,54006599,54008554,NO,1955
chrX,14044862,14046490,NO,1628
chrX,9308393,9310033,NO,1640
chr14,55865210,55867167,NO,1957
chr19,37498120,37499292,NO,1172
chr18,28784774,28787594,NO,2820
chrX,28864872,28869720,NO,4848
chr17,57863603,57864884,NO,1281
chr22,25482180,25486997,NO,4817
chr14,55347706,55349265,NO,1559
chr3,64799055,64802043,NO,2988
chr7,14452831,14454384,NO,1553
chr11,47561001,47562295,NO,1294
chr3,171519984,171523916,NO,3932
chrX,95226585,95228660,NO,2075
chr7,10515910,10516994,NO,1084
chr18,56027973,56030252,NO,2279
chr1,12111707,12113593,NO,1886
chr17,65106618,65109026,NO,2408
chr10,29826101,29827902,NO,1801
chr1,207240202,207242220,NO,2018
chr2,25437839,25439672,NO,1833
chr2,52220688,52222409,NO,1721
chr7,49933435,49935232,NO,1797
chr3,5342821,5344395,NO,1574
chr7,95865378,95866931,NO,1553
chr14,83158985,83159623,NO,638
chr20,8412325,8414020,NO,1695
chr18,19033195,19039355,NO,6160
chr8,82065747,82067571,NO,1824
chr16,50241648,50245063,NO,3415
chr7,107734194,107736343,NO,2149
chr11,69229810,69232746,NO,2936
chr1,157937784,157939664,NO,1880
chrX,47904484,47906428,NO,1944
chr19,57977074,57978597,NO,1523
chr3,160456451,160457681,NO,1230
chr2,160600655,160613058,NO,12403
chr15,101441671,101443341,NO,1670
chr6,35707230,35708570,NO,1340
chr5,42565443,42571993,NO,6550
chr2,27515902,27516752,NO,850
chr12,19931678,19937554,NO,5876
chr7,50569586,50571095,NO,1509
chr9,126061735,126063331,NO,1596
chr8,102404116,102406213,NO,2097
chr13,35244385,35245586,NO,1201
chr5,57137740,57141432,NO,3692
chr15,46209783,46212348,NO,2565
chr22,24131334,24132681,NO,1347
chr7,24961630,24963489,NO,1859
chr3,58120876,58122654,NO,1778
chr18,70982567,70986906,NO,4339
chr16,3586551,3599137,NO,12586
chr20,9072828,9074799,NO,1971
chr20,47314090,47315418,NO,1328
chr11,76483646,76493318,NO,9672
chr10,44693208,44695039,NO,1831
chr4,44847827,44848781,NO,954
chr4,4286523,4288230,NO,1707
chr13,32855738,32860358,NO,4620
chr4,46726290,46726747,NO,457
chr20,55835475,55837616,NO,2141
chr18,47794323,47795307,NO,984
chr12,19893435,19910774,NO,17339
chr17,73308594,73323015,NO,14421
chr7,75267578,75279795,NO,12217
chr10,4324453,4327283,NO,2830
chr16,53807048,53810448,NO,3400
chr22,32033220,32034781,NO,1561
chr8,29994365,29999722,NO,5357
chr11,115477058,115479017,NO,1959
chr18,8212456,8213981,NO,1525
chr5,52069619,52072577,NO,2958
chr7,44140152,44143498,NO,3346
chr2,114517575,114520804,NO,3229
chr21,17748977,17750187,NO,1210
chr3,112356402,112360015,NO,3613
chr1,30555800,30557941,NO,2141
chr21,15399162,15400631,NO,1469
chr14,64362671,64365347,NO,2676
chr6,3138770,3140466,NO,1696
chr17,76077343,76086497,NO,9154
chr8,1693131,1695556,NO,2425
chr8,8167833,8169081,NO,1248
chr16,433046,434767,NO,1721
chr15,93755919,93761035,NO,5116
chr6,113951998,113954219,NO,2221
chr4,2414250,2415904,NO,1654
chr16,69206959,69213759,NO,6800
chr4,190654362,190656416,NO,2054
chr19,42969892,42971812,NO,1920
chr3,160798846,160800562,NO,1716
chr8,42052754,42054931,NO,2177
chr16,19072911,19074914,NO,2003
chrX,15767596,15769471,NO,1875
chr6,109560014,109562220,NO,2206
chr3,48918389,48919679,NO,1290
chr1,213153081,213155742,NO,2661
chr17,34126704,34129365,NO,2661
chr3,48256172,48258280,NO,2108
chr22,19205952,19206685,NO,733
chr10,29799056,29800469,NO,1413
chr1,101616179,101628268,NO,12089
chr10,14918073,14919581,NO,1508
chr2,215345688,215355244,NO,9556
chr8,101387498,101404359,NO,16861
chr3,70899111,70911419,NO,12308
chr11,94526878,94528442,NO,1564
chr11,69831405,69834233,NO,2828
chr6,53791612,53794847,NO,3235
chr3,159449638,159451030,NO,1392
chr22,46812887,46819364,NO,6477
chr2,150428864,150437604,NO,8740
chr8,116431910,116442102,NO,10192
chr21,44264459,44266121,NO,1662
chr4,77576688,77579511,NO,2823
chr9,27527828,27540662,NO,12834
chr1,171685860,171687205,NO,1345
chr7,22122159,22123719,NO,1560
chr10,13700960,13703071,NO,2111
chr1,41267510,41269303,NO,1793
chr5,121518108,121520518,NO,2410
chr10,64396791,64398562,NO,1771
chr1,68027365,68030741,NO,3376
chr15,82890123,82891206,NO,1083
chr1,65744047,65750055,NO,6008
chr7,91672457,91687160,NO,14703
chr3,87137746,87139076,NO,1330
chr20,57638332,57639697,NO,1365
chr12,112859847,112861062,NO,1215
chr1,212537399,212539009,NO,1610
chr1,210804444,210807953,NO,3509
chr2,16806339,16808965,NO,2626
chr12,78240931,78242426,NO,1495
chr8,22538732,22541706,NO,2974
chr11,105883226,105884334,NO,1108
chr17,65524484,65525936,NO,1452
chr2,159792967,159794310,NO,1343
chr7,104736896,104739005,NO,2109
chr12,126374072,126376363,NO,2291
chr16,28375623,28376729,NO,1106
chr8,22907007,22908335,NO,1328
chr13,114086514,114088280,NO,1766
chr7,30588478,30591360,NO,2882
chr6,41884189,41886096,NO,1907
chr8,6322485,6323648,NO,1163
chr16,28761207,28762313,NO,1106
chr6,161855300,161860974,NO,5674
chr13,111451135,111452737,NO,1602
chr15,50194056,50196085,NO,2029
chr10,12276952,12284737,NO,7785
chr9,97802228,97804452,NO,2224
chr4,24992165,24994012,NO,1847
chr17,17635350,17637045,NO,1695
chr5,151845048,151846606,NO,1558
chrX,115084560,115085716,NO,1156
chr6,31147832,31154701,NO,6869
chr22,42031975,42033388,NO,1413
chr15,82592794,82593854,NO,1060
chr21,44093715,44095538,NO,1823
chr12,31133521,31134922,NO,1401
chr14,54345821,54357560,NO,11739
chr9,97799717,97801701,NO,1984
chr2,192169433,192170654,NO,1221
chr17,662823,664479,NO,1656
chr6,76043598,76045064,NO,1466
chr8,127908532,127923076,NO,14544
chr7,6831686,6834810,NO,3124
chr6,152467570,152469777,NO,2207
chr21,33941389,33942535,NO,1146
chr5,127829353,127830745,NO,1392
chr2,70345827,70346664,NO,837
chr10,80338893,80348778,NO,9885
chr3,12411100,12413759,NO,2659
chr16,81417964,81429357,NO,11393
chr2,54053713,54055849,NO,2136
chr1,161141162,161143978,NO,2816
chr9,90327852,90329193,NO,1341
chr6,25006480,25007809,NO,1329
chr1,193377802,193378533,NO,731
chr3,188313413,188324251,NO,10838
chr7,47552920,47554189,NO,1269
chr19,50264370,50265840,NO,1470
chr19,44229630,44232193,NO,2563
chr11,6617038,6618918,NO,1880
chr1,37999289,38000840,NO,1551
chr14,68102730,68113138,NO,10408
chr15,41035587,41037349,NO,1762
chr5,95719280,95721228,NO,1948
chr1,24191641,24192833,NO,1192
chr10,90984023,90985283,NO,1260
chr1,160634889,160636375,NO,1486
chr6,11315929,11318918,NO,2989
chrX,40725716,40727167,NO,1451
chr15,72431633,72434325,NO,2692
chr22,46772736,46774498,NO,1762
chr12,13325441,13333183,NO,7742
chr13,94980777,94982975,NO,2198
chr4,42612784,42631231,NO,18447
chr2,73020654,73022645,NO,1991
chr19,54148479,54162796,NO,14317
chr9,32389069,32396120,NO,7051
chr16,78849096,78852075,NO,2979
chr7,27403325,27404990,NO,1665
chr1,68108222,68113374,NO,5152
chr19,18439147,18440421,NO,1274
chr3,150186891,150188234,NO,1343
chr3,13118776,13134915,NO,16139
chr5,151708700,151710054,NO,1354
chr4,147112424,147114207,NO,1783
chr10,36812772,36813484,NO,712
chr4,86412626,86419917,NO,7291
chr2,239772117,239773766,NO,1649
chrX,28607098,28608978,NO,1880
chr5,171478679,171480277,NO,1598
chr8,30072746,30073916,NO,1170
chr5,40990165,40992585,NO,2420
chr9,129836567,129837868,NO,1301
chr14,95989541,95990978,NO,1437
chr2,197097682,197105028,NO,7346
chr18,33441490,33442563,NO,1073
chr17,19911951,19913827,NO,1876
chr2,74766471,74768255,NO,1784
chr4,78774852,78778553,NO,3701
chr3,30514354,30517226,NO,2872
chr17,2388943,2395037,NO,6094
chr13,48734646,48736352,NO,1706
chr13,45780503,45782395,NO,1892
chr5,39520638,39527866,NO,7228
chr8,11754123,11755900,NO,1777
chr17,44018229,44020761,NO,2532
chr3,177314547,177316027,NO,1480
chr3,89154078,89164386,NO,10308
chr14,74078767,74080057,NO,1290
chr1,9045770,9046995,NO,1225
chr5,154678486,154679864,NO,1378
chr11,128637455,128639815,NO,2360
chr18,46427834,46430143,NO,2309
chr5,81608102,81609799,NO,1697
chr16,67984596,67986558,NO,1962
chr1,23076383,23077723,NO,1340
chr9,99448602,99449789,NO,1187
chr20,48231715,48233094,NO,1379
chr8,134467560,134477575,NO,10015
chrX,10077965,10080244,NO,2279
chrX,7049612,7051878,NO,2266
chr13,36567931,36569341,NO,1410
chr5,15576342,15577687,NO,1345
chr20,40229195,40231440,NO,2245
chr10,115781761,115783271,NO,1510
chr15,45075990,45077177,NO,1187
chr2,236410084,236414547,NO,4463
chr13,81011492,81025126,NO,13634
chr16,12235296,12242375,NO,7079
chr8,98937840,98942195,NO,4355
chr1,19716653,19718642,NO,1989
chr5,263324,264995,NO,1671
chr6,123411716,123413453,NO,1737
chr20,5866612,5868473,NO,1861
chr11,6399366,6400251,NO,885
chr11,124587286,124596124,NO,8838
chrX,15866197,15870736,NO,4539
chr6,13233850,13239629,NO,5779
chr18,3014332,3016352,NO,2020
chr16,3869743,3873113,NO,3370
chr9,139775797,139777373,NO,1576
chr8,81524979,81550642,NO,25663
chrX,20008256,20010004,NO,1748
chr20,20175504,20177095,NO,1591
chr2,216576288,216583376,NO,7088
chr20,56749180,56751267,NO,2087
chr4,99754522,99760851,NO,6329
chr16,88694279,88697932,NO,3653
chr18,56060156,56062595,NO,2439
chr16,11651442,11655571,NO,4129
chr2,109561257,109563290,NO,2033
chr12,68713565,68714694,NO,1129
chr5,73871701,73883686,NO,11985
chr1,175236047,175238624,NO,2577
chr16,81478788,81480840,NO,2052
chr18,43507237,43513352,NO,6115
chr6,134735483,134737278,NO,1795
chr10,68834989,68837460,NO,2471
chr2,97018635,97020264,NO,1629
chr3,101503121,101504976,NO,1855
chr13,32501212,32505826,NO,4614
chr11,46336683,46339294,NO,2611
chr8,93617864,93640864,NO,23000
chr2,131109328,131110304,NO,976
chr19,54124362,54126300,NO,1938
chr20,16521518,16522874,NO,1356
chr17,1052751,1054944,NO,2193
chr6,126239323,126246470,NO,7147
chr18,33275077,33276611,NO,1534
chr3,138211455,138213338,NO,1883
chr16,56776184,56779736,NO,3552
chr11,47593912,47595558,NO,1646
chr10,124257803,124259202,NO,1399
chr3,134471279,134472739,NO,1460
chr17,21743673,21753809,NO,10136
chr14,25306608,25309799,NO,3191
chr11,120261945,120271877,NO,9932
chr4,78841710,78844115,NO,2405
chr1,225842635,225844120,NO,1485
chr1,224363115,224363733,NO,618
chr3,128449324,128450889,NO,1565
chr15,26020296,26035433,NO,15137
chr3,123787994,123789762,NO,1768
chr6,3194636,3195775,NO,1139
chr17,73232739,73235439,NO,2700
chr7,80509041,80513449,NO,4408
chr17,45086625,45088621,NO,1996
chr2,170874382,170875243,NO,861
chr2,216978861,216980342,NO,1481
chr3,169173001,169178904,NO,5903
chr4,9948371,9949905,NO,1534
chr13,33577490,33579141,NO,1651
chr16,86093731,86095904,NO,2173
chr3,139020573,139022096,NO,1523
chr16,710020,711875,NO,1855
chr9,124763531,124764940,NO,1409
chr16,86644079,86645520,NO,1441
chr12,95008705,95010603,NO,1898
chr12,122191348,122192760,NO,1412
chr10,101170438,101172397,NO,1959
chr3,50627810,50629385,NO,1575
chr7,50905993,50907608,NO,1615
chr6,32360581,32362388,NO,1807
chr5,58531838,58532844,NO,1006
chr2,39795807,39798952,NO,3145
chr3,72987019,72988426,NO,1407
chr3,81762196,81773299,NO,11103
chr17,62768245,62771380,NO,3135
chr7,25709042,25711298,NO,2256
chr20,8193788,8195636,NO,1848
chr1,228677473,228679079,NO,1606
chr5,168269363,168271001,NO,1638
chr8,81593960,81596025,NO,2065
chr5,90666845,90671114,NO,4269
chrX,131403969,131406896,NO,2927
chr6,43213935,43215720,NO,1785
chr6,90502412,90504072,NO,1660
chr2,158336111,158337647,NO,1536
chr1,21965130,21966462,NO,1332
chr3,73450657,73452237,NO,1580
chr12,26426647,26428536,NO,1889
chr8,2199273,2200982,NO,1709
chr6,82159901,82162304,NO,2403
chr17,17696205,17697917,NO,1712
chr16,75422779,75436078,NO,13299
chr3,30867689,30869035,NO,1346
chr13,24000975,24002497,NO,1522
chr11,66290482,66292288,NO,1806
chr20,61577804,61588016,NO,10212
chr1,85763003,85764795,NO,1792
chr2,10369483,10378900,NO,9417
chr12,26470660,26471985,NO,1325
chr11,90015464,90016236,NO,772
chr7,15878807,15879863,NO,1056
chr1,204331842,204333488,NO,1646
chr1,17047873,17049348,NO,1475
chr16,58114867,58116280,NO,1413
chr5,148897208,148907186,NO,9978
chr11,76049475,76051416,NO,1941
chr8,134368239,134369584,NO,1345
chr1,36703214,36705379,NO,2165
chr11,18742385,18743961,NO,1576
chr1,114888291,114889540,NO,1249
chr17,74192326,74194962,NO,2636
chr11,36177542,36179545,NO,2003
chr5,143407678,143412307,NO,4629
chr11,44937722,44939196,NO,1474
chr4,185186577,185189778,NO,3201
chr15,100076371,100077390,NO,1019
chr11,102048428,102050361,NO,1933
chr6,52459471,52461150,NO,1679
chr16,82617914,82619552,NO,1638
chr12,56987481,56988822,NO,1341
chr12,5186691,5188305,NO,1614
chr20,8834165,8836200,NO,2035
chr21,43060750,43063324,NO,2574
chr16,66737006,66741047,NO,4041
chr5,40904904,40911841,NO,6937
chr1,174768311,174769580,NO,1269
chr10,65188632,65190976,NO,2344
chr15,88487970,88493651,NO,5681
chr10,103676427,103680236,NO,3809
chr12,48169883,48172548,NO,2665
chr7,84568751,84569622,NO,871
chr17,21729444,21730839,NO,1395
chr3,14521776,14524744,NO,2968
chr20,58263937,58267924,NO,3987
chr19,49699427,49700588,NO,1161
chr7,104776432,104778021,NO,1589
chr6,15293081,15297362,NO,4281
chr12,89527773,89535283,NO,7510
chr7,97803531,97808697,NO,5166
chr16,60844989,60850141,NO,5152
chr9,13914292,13916440,NO,2148
chr9,6852153,6853353,NO,1200
chr2,122659571,122661942,NO,2371
chr8,142188662,142190319,NO,1657
chr10,78335795,78336683,NO,888
chr6,157252352,157254962,NO,2610
chr3,129512615,129514094,NO,1479
chr11,132987907,132989922,NO,2015
chr2,153323665,153326258,NO,2593
chr10,17776421,17777888,NO,1467
chr20,33527656,33529024,NO,1368
chrX,39590208,39596364,NO,6156
chr16,88095599,88097311,NO,1712
chr17,25710742,25712325,NO,1583
chr11,2214056,2215556,NO,1500
chr12,122199401,122201196,NO,1795
chr2,60321128,60334692,NO,13564
chr1,229125233,229127176,NO,1943
chr8,54605204,54606133,NO,929
chr22,25549693,25551164,NO,1471
chr9,109229464,109241525,NO,12061
chr21,39030739,39038858,NO,8119
chr2,208414215,208427015,NO,12800
chr3,50673417,50674988,NO,1571
chr13,61735827,61737441,NO,1614
chr8,128170382,128175089,NO,4707
chr11,20495403,20497050,NO,1647
chr9,14153099,14160108,NO,7009
chr9,133030348,133034158,NO,3810
chr1,24281143,24284095,NO,2952
chr17,70187453,70189977,NO,2524
chr4,31069718,31071236,NO,1518
chr9,129096682,129098261,NO,1579
chr22,39704175,39705796,NO,1621
chr2,202625567,202635738,NO,10171
chr1,223406520,223407984,NO,1464
chr3,194041218,194042080,NO,862
chr1,96881495,96882630,NO,1135
chr11,122099760,122101301,NO,1541
chr6,21807718,21809765,NO,2047
chr10,73648142,73649807,NO,1665
chr12,116036202,116038084,NO,1882
chr7,139615173,139616975,NO,1802
chr22,26294088,26295434,NO,1346
chr15,91806187,91808770,NO,2583
chr3,32086345,32087888,NO,1543
chr16,84316919,84321141,NO,4222
chr6,154769086,154770369,NO,1283
chr3,143021032,143022640,NO,1608
chr4,13415304,13417403,NO,2099
chr1,15504888,15506217,NO,1329
chr20,46333333,46335702,NO,2369
chr15,57447515,57451206,NO,3691
chr10,130650286,130653612,NO,3326
chr22,32532884,32534236,NO,1352
chr16,85707020,85708707,NO,1687
chr5,115724139,115732454,NO,8315
chr14,104514895,104516714,NO,1819
chr22,29810910,29812356,NO,1446
chr21,42579218,42580692,NO,1474
chr13,31263853,31265392,NO,1539
chr3,57070226,57071789,NO,1563
chr3,14330432,14332144,NO,1712
chr16,89508556,89510644,NO,2088
chr1,223602185,223603230,NO,1045
chr1,23960751,23962359,NO,1608
chr16,88198424,88200488,NO,2064
chr2,168148716,168150176,NO,1460
chr7,65635207,65636356,NO,1149
chr18,49023909,49025634,NO,1725
chr16,31139819,31142113,NO,2294
chr1,39695734,39704706,NO,8972
chr5,154345044,154346792,NO,1748
chrX,19561790,19564718,NO,2928
chr16,17470905,17473605,NO,2700
chr1,24084978,24087873,NO,2895
chr18,43714653,43716046,NO,1393
chr3,187961772,187963074,NO,1302
chr2,28176947,28178500,NO,1553
chr5,43105279,43106234,NO,955
chr6,150739545,150740910,NO,1365
chr11,65219897,65221065,NO,1168
chr10,70019987,70021794,NO,1807
chr1,42146697,42147925,NO,1228
chr9,116072366,116073440,NO,1074
chr1,161530535,161533080,NO,2545
chr9,436870,439729,NO,2859
chr2,38405429,38415959,NO,10530
chr1,108479197,108480115,NO,918
chr4,55147004,55148202,NO,1198
chr3,61813868,61815587,NO,1719
chr2,73403579,73404948,NO,1369
chr5,154431911,154434317,NO,2406
chr14,95037272,95039018,NO,1746
chr3,41265259,41266562,NO,1303
chr3,33578002,33580068,NO,2066
chr18,20937140,20939150,NO,2010
chr20,36899076,36902075,NO,2999
chr11,126072323,126073919,NO,1596
chr2,184472513,184480289,NO,7776
chr6,13330679,13333244,NO,2565
chrX,74966370,74967603,NO,1233
chr1,52198157,52201452,NO,3295
chr10,112618839,112625175,NO,6336
chr1,224636269,224645453,NO,9184
chr2,97497892,97499559,NO,1667
chr9,5608392,5609688,NO,1296
chr11,35179633,35188864,NO,9231
chr10,33397311,33399983,NO,2672
chr3,47307799,47309202,NO,1403
chr18,53530334,53536208,NO,5874
chr5,139166940,139168841,NO,1901
chr4,71940206,71941495,NO,1289
chr15,74162591,74164142,NO,1551
chr1,43700409,43704993,NO,4584
chr12,51634374,51640780,NO,6406
chr8,19265998,19267098,NO,1100
chr7,62490429,62502645,NO,12216
chr3,105465017,105472268,NO,7251
chr4,124475762,124477749,NO,1987
chr1,147806096,147807512,NO,1416
chr10,48484799,48486190,NO,1391
chr10,72773297,72774476,NO,1179
chr10,29815422,29816261,NO,839
chr16,86964562,86966070,NO,1508
chr2,7061242,7068512,NO,7270
chr13,72198791,72207222,NO,8431
chr15,93257262,93258292,NO,1030
chr1,93269581,93271366,NO,1785
chr11,59568172,59570306,NO,2134
chr3,184242775,184244206,NO,1431
chr13,30179792,30181232,NO,1440
chr10,74495153,74498794,NO,3641
chr12,57781931,57783483,NO,1552
chr16,12156070,12157232,NO,1162
chrX,138276506,138277480,NO,974
chr11,3116279,3117735,NO,1456
chr1,80447150,80449247,NO,2097
chrX,135136800,135139017,NO,2217
chr4,113004548,113006746,NO,2198
chr9,137581569,137584419,NO,2850
chr6,36495852,36508688,NO,12836
chr12,131713758,131715500,NO,1742
chr5,153455668,153458014,NO,2346
chrX,47399355,47400863,NO,1508
chr9,125068827,125070776,NO,1949
chr13,41051578,41052763,NO,1185
chrX,47372486,47373083,NO,597
chr5,11153552,11155086,NO,1534
chr1,161611880,161614426,NO,2546
chr3,7546700,7547781,NO,1081
chr8,38558225,38559982,NO,1757
chr1,34522798,34524229,NO,1431
chr7,12866869,12868015,NO,1146
chr1,57548020,57556372,NO,8352
chr13,34775831,34782364,NO,6533
chr13,21283009,21289530,NO,6521
chr17,75990872,75993276,NO,2404
chr2,96980925,96987996,NO,7071
chr8,38662098,38664188,NO,2090
chr5,145324981,145326583,NO,1602
chr6,143917878,143919943,NO,2065
chr5,134691741,134693340,NO,1599
chr19,58128718,58130719,NO,2001
chr19,57683528,57684346,NO,818
chr1,44487666,44514100,NO,26434
chr2,65504836,65510226,NO,5390
chr6,22667726,22669393,NO,1667
chr10,4093392,4094661,NO,1269
chr7,31890752,31893973,NO,3221
chr17,17661421,17664535,NO,3114
chr14,68749585,68752225,NO,2640
chr17,75774629,75776616,NO,1987
chr7,106647219,106655740,NO,8521
chr14,66511911,66513614,NO,1703
chr4,84494932,84503922,NO,8990
chr4,53809506,53824233,NO,14727
chr14,76076080,76077876,NO,1796
chr22,31544163,31545476,NO,1313
chr15,57629677,57630875,NO,1198
chr2,183813833,183815123,NO,1290
chr9,115949772,115951228,NO,1456
chr5,132174984,132176968,NO,1984
chr17,42244318,42246256,NO,1938
chr5,106928078,106930670,NO,2592
chr2,197263721,197265341,NO,1620
chr12,56480646,56482058,NO,1412
chr7,138619076,138621429,NO,2353
chr4,120649993,120656939,NO,6946
chr10,65930178,65931037,NO,859
chr8,18924582,18925995,NO,1413
chr8,26031087,26033169,NO,2082
chr1,224564155,224565357,NO,1202
chr8,30112276,30115342,NO,3066
chr4,184750930,184764829,NO,13899
chr5,59085471,59095208,NO,9737
chr9,8213530,8214434,NO,904
chr1,27657703,27659629,NO,1926
chr20,11139044,11141011,NO,1967
chr4,174369806,174371256,NO,1450
chrX,100446149,100446650,NO,501
chr2,62567830,62568978,NO,1148
chr11,30499995,30503778,NO,3783
chr3,16023843,16025265,NO,1422
chr12,131918692,131919882,NO,1190
chr1,165566959,165568130,NO,1171
chr3,4070311,4073042,NO,2731
chr12,83864450,83866615,NO,2165
chr3,126644892,126646587,NO,1695
chr1,1439931,1441139,NO,1208
chr1,120308678,120323072,NO,14394
chr13,49447684,49449062,NO,1378
chr2,235769939,235772805,NO,2866
chr1,56861822,56863985,NO,2163
chr2,37788750,37798949,NO,10199
chr1,202044089,202045963,NO,1874
chr10,116702187,116703733,NO,1546
chr12,104801674,104803160,NO,1486
chr13,42244992,42253516,NO,8524
chr10,101150579,101156169,NO,5590
chr6,169541133,169542962,NO,1829
chr7,35454681,35456235,NO,1554
chr9,136727146,136728887,NO,1741
chr11,65322334,65323861,NO,1527
chr10,5293943,5296598,NO,2655
chr21,36628565,36630198,NO,1633
chrX,7026909,7028475,NO,1566
chr6,151324861,151326520,NO,1659
chr19,38283027,38284638,NO,1611
chr20,4277447,4279029,NO,1582
chr11,10625325,10627959,NO,2634
chr1,42023686,42025494,NO,1808
chr10,72348478,72350314,NO,1836
chr17,66755212,66756359,NO,1147
chr5,132384320,132385875,NO,1555
chr1,231665394,231677928,NO,12534
chr17,31196098,31197880,NO,1782
chr16,68309406,68310934,NO,1528
chrX,109195045,109197302,NO,2257
chr7,42302399,42304052,NO,1653
chr2,40424794,40430563,NO,5769
chr3,190491368,190492247,NO,879
chr3,4591216,4593206,NO,1990
chr9,135247503,135249190,NO,1687
chr5,71576457,71579731,NO,3274
chr3,159429181,159430196,NO,1015
chr5,107147827,107148954,NO,1127
chr10,72650233,72651621,NO,1388
chr18,67665643,67683117,NO,17474
chr14,104407071,104409189,NO,2118
chr6,125765112,125766869,NO,1757
chr11,73125320,73127243,NO,1923
chr5,15366434,15367870,NO,1436
chr15,82438721,82452583,NO,13862
chr1,55715509,55716890,NO,1381
chr11,133389361,133391433,NO,2072
chr2,183290745,183292112,NO,1367
chr11,101311955,101313398,NO,1443
chr10,88966589,88974875,NO,8286
chr3,187939819,187941117,NO,1298
chr15,48849066,48852456,NO,3390
chr1,208711117,208712961,NO,1844
chr22,26716910,26718661,NO,1751
chr2,192301390,192306945,NO,5555
chr3,13056397,13058438,NO,2041
chr11,130304238,130305296,NO,1058
chr13,39943976,39946537,NO,2561
chr15,95846724,95848048,NO,1324
chr11,111545899,111549167,NO,3268
chr15,39802979,39804555,NO,1576
chr9,14180160,14182194,NO,2034
chr11,15904365,15906632,NO,2267
chr5,141432754,141444324,NO,11570
chr1,9091192,9092591,NO,1399
chr12,104997279,104998615,NO,1336
chr1,22195760,22197364,NO,1604
chr10,115032632,115034790,NO,2158
chr17,27898475,27900519,NO,2044
chr9,114211878,114213142,NO,1264
chr9,4832560,4833945,NO,1385
chr8,26061261,26062274,NO,1013
chr16,31153823,31154653,NO,830
chr9,97776298,97777675,NO,1377
chr9,130570285,130572138,NO,1853
chr7,30884874,30889046,NO,4172
chr12,64977108,64978785,NO,1677
chr17,76712666,76714110,NO,1444
chr1,12570308,12572546,NO,2238
chr8,102387400,102389250,NO,1850
chr13,32575296,32576454,NO,1158
chr2,102971954,102973125,NO,1171
chr8,95940705,95943409,NO,2704
chr2,239636253,239638424,NO,2171
chr5,41365332,41372275,NO,6943
chr12,4713711,4714589,NO,878
chr15,40587645,40589232,NO,1587
chr6,56315210,56316701,NO,1491
chr2,2017914,2018980,NO,1066
chr17,79663633,79665069,NO,1436
chr3,52379924,52381862,NO,1938
chr6,24857905,24859386,NO,1481
chr1,193557337,193559559,NO,2222
chr5,81074175,81075792,NO,1617
chr1,208018078,208019362,NO,1284
chr5,11234408,11235517,NO,1109
chr2,225846764,225849405,NO,2641
chr7,139258908,139260599,NO,1691
chr11,11523495,11534782,NO,11287
chr2,162906535,162907586,NO,1051
chr12,32650728,32653074,NO,2346
chr1,11901105,11903218,NO,2113
chr17,59205827,59213732,NO,7905
chr2,40445881,40448147,NO,2266
chr17,49134133,49135221,NO,1088
chr1,26248669,26250128,NO,1459
chr14,90167291,90168857,NO,1566
chr12,27900497,27901453,NO,956
chr5,63626290,63628115,NO,1825
chr6,138049607,138050804,NO,1197
chr16,28583595,28585109,NO,1514
chr8,15615891,15617653,NO,1762
chr1,31360179,31376484,NO,16305
chr9,127601822,127603603,NO,1781
chr12,4273506,4274721,NO,1215
chr17,40124171,40125998,NO,1827
chr14,75129789,75131195,NO,1406
chr11,128697021,128707812,NO,10791
chr1,19939143,19940463,NO,1320
chr12,10658122,10658695,NO,573
chr1,46550257,46552802,NO,2545
chr1,185395977,185397319,NO,1342
chr1,84326123,84327068,NO,945
chr2,29199170,29200504,NO,1334
chr11,68694825,68697013,NO,2188
chr2,202055740,202059082,NO,3342
chr8,120994423,121003979,NO,9556
chr3,3213728,3216108,NO,2380
chr1,89449973,89451501,NO,1528
chr6,136904615,136931690,NO,27075
chr20,3381478,3386928,NO,5450
chr10,60613385,60617492,NO,4107
chr19,50182302,50184335,NO,2033
chr3,8782215,8784256,NO,2041
chr15,89544801,89546557,NO,1756
chr2,167349973,167351572,NO,1599
chr6,30509224,30511221,NO,1997
chr3,187880191,187881694,NO,1503
chr12,125553539,125555229,NO,1690
chr19,55762248,55767561,NO,5313
chr1,33699840,33701272,NO,1432
chr7,31112976,31115103,NO,2127
chr2,223744052,223749748,NO,5696
chr1,23743697,23744925,NO,1228
chr5,142850499,142852153,NO,1654
chr8,49669776,49677655,NO,7879
chr20,47599892,47601152,NO,1260
chr13,107239323,107241804,NO,2481
chr7,70807913,70810807,NO,2894
chr18,6254600,6255868,NO,1268
chr10,88739098,88740881,NO,1783
chr8,22503172,22504650,NO,1478
chr1,114523824,114526823,NO,2999
chr12,47224600,47226120,NO,1520
chr12,2906391,2914421,NO,8030
chr1,145443675,145445098,NO,1423
chr15,89113694,89115354,NO,1660
chr4,79999299,80005095,NO,5796
chr11,120302314,120303933,NO,1619
chr11,64654881,64656126,NO,1245
chr5,79154730,79156122,NO,1392
chr12,66024871,66026908,NO,2037
chr8,101859295,101860368,NO,1073
chr15,92326213,92327392,NO,1179
chr2,161522263,161523794,NO,1531
chr2,62176264,62178317,NO,2053
chr19,38307386,38308882,NO,1496
chr7,111512864,111514642,NO,1778
chr16,79296327,79298816,NO,2489
chr9,34700976,34702502,NO,1526
chr1,45973055,45975064,NO,2009
chr10,118449601,118452065,NO,2464
chr4,53616861,53618331,NO,1470
chr16,72927939,72929818,NO,1879
chr12,58224904,58226309,NO,1405
chr9,120468404,120484980,NO,16576
chr19,53926004,53927445,NO,1441
chr4,146296443,146297083,NO,640
chr13,29214701,29216149,NO,1448
chr10,71445352,71446876,NO,1524
chr1,200745260,200756114,NO,10854
chr2,70342473,70343851,NO,1378
chr19,42375096,42376730,NO,1634
chr4,113094776,113096108,NO,1332
chr9,93921415,93922878,NO,1463
chr13,75900160,75906578,NO,6418
chr1,69089473,69090887,NO,1414
chr10,99339825,99341654,NO,1829
chr18,51674886,51676592,NO,1706
chr9,114720472,114722909,NO,2437
chr1,3135174,3136846,NO,1672
chr10,134497854,134499879,NO,2025
chr20,46485713,46487878,NO,2165
chr8,125761053,125764826,NO,3773
chr10,124447239,124449205,NO,1966
chr2,64454998,64456136,NO,1138
chr4,124777964,124791269,NO,13305
chr2,2059721,2061251,NO,1530
chr18,42406066,42407280,NO,1214
chr21,27520115,27521859,NO,1744
chr19,21751571,21752401,NO,830
chr15,78315524,78317844,NO,2320
chr2,197465997,197467073,NO,1076
chr2,225270078,225272634,NO,2556
chr4,72322119,72323603,NO,1484
chr1,89726538,89729012,NO,2474
chr19,22320568,22321280,NO,712
chr4,1941353,1942963,NO,1610
chr11,62675817,62677776,NO,1959
chr5,30839601,30841291,NO,1690
chr13,34735648,34737380,NO,1732
chr18,29562567,29564015,NO,1448
chr11,7658006,7659720,NO,1714
chr22,28308794,28310236,NO,1442
chr13,110306830,110308598,NO,1768
chr6,130069250,130071294,NO,2044
chr10,114148609,114149846,NO,1237
chr22,32225382,32226755,NO,1373
chr14,50437147,50440070,NO,2923
chr1,117424054,117424993,NO,939
chr11,60920088,60921622,NO,1534
chr3,168833865,168838045,NO,4180
chr4,122706230,122707300,NO,1070
chr9,6079841,6081262,NO,1421
chr16,74902539,74909845,NO,7306
chr14,60469235,60470305,NO,1070
chr1,180605395,180610174,NO,4779
chr17,40608149,40609468,NO,1319
chr5,38782402,38797427,NO,15025
chr13,33475577,33477803,NO,2226
chr13,111596127,111597596,NO,1469
chr2,231532418,231534473,NO,2055
chr15,71334513,71344227,NO,9714
chr3,183002907,183004528,NO,1621
chr8,8153261,8154493,NO,1232
chr21,44984865,44985600,NO,735
chr5,125337686,125338690,NO,1004
chr18,7324242,7325604,NO,1362
chr4,146807970,146809393,NO,1423
chr2,175692016,175702216,NO,10200
chr10,99336736,99338759,NO,2023
chr8,134741699,134743435,NO,1736
chr14,64908808,64909777,NO,969
chr1,170131236,170132571,NO,1335
chrX,70734176,70735628,NO,1452
chr11,115332122,115333928,NO,1806
chr1,161154992,161156544,NO,1552
chr6,129584265,129588672,NO,4407
chr3,15081653,15083197,NO,1544
chr6,27486157,27487410,NO,1253
chr12,112152674,112154282,NO,1608
chr3,72940200,72942475,NO,2275
chr17,64535774,64537795,NO,2021
chr15,78829531,78831194,NO,1663
chr21,27257300,27271981,NO,14681
chr13,111292385,111294381,NO,1996
chr7,151043134,151047645,NO,4511
chr3,50669814,50671564,NO,1750
chr1,52833939,52834914,NO,975
chr3,195890393,195892088,NO,1695
chr20,5762281,5768434,NO,6153
chr2,8683442,8686059,NO,2617
chr22,45667240,45675551,NO,8311
chr5,141674476,141677363,NO,2887
chr15,93604707,93606916,NO,2209
chr4,103535440,103538094,NO,2654
chr18,3191846,3192759,NO,913
chr5,42840301,42843743,NO,3442
chr3,30851900,30853784,NO,1884
chr22,30303684,30309305,NO,5621
chr13,22309574,22310985,NO,1411
chr11,124339966,124341978,NO,2012
chr14,69350704,69352021,NO,1317
chr6,15796095,15797495,NO,1400
chr10,52133499,52142729,NO,9230
chr4,158925794,158930516,NO,4722
chr7,150214235,150217765,NO,3530
chr17,37364964,37366800,NO,1836
chr6,25359243,25370395,NO,11152
chr12,88451193,88452939,NO,1746
chr15,92170086,92171765,NO,1679
chr3,186316266,186317767,NO,1501
chr11,115567108,115571308,NO,4200
chr15,31276700,31278145,NO,1445
chr8,27474098,27475407,NO,1309
chr2,120501868,120514984,NO,13116
chr8,37468008,37469529,NO,1521
chr4,184040078,184052288,NO,12210
chr13,30497439,30498910,NO,1471
chr12,106375744,106376857,NO,1113
chr1,22090132,22091980,NO,1848
chr11,1714409,1715452,NO,1043
chr17,65628999,65630758,NO,1759
chr19,5090543,5115832,NO,25289
chr16,10498488,10500010,NO,1522
chr3,65602765,65605668,NO,2903
chr15,90858515,90859902,NO,1387
chr20,32050043,32051332,NO,1289
chr22,26980394,26982017,NO,1623
chr11,47488030,47489229,NO,1199
chr10,32700842,32707448,NO,6606
chr17,4083814,4085042,NO,1228
chr1,32217458,32220116,NO,2658
chr4,54373950,54375072,NO,1122
chr19,4114983,4116311,NO,1328
chr13,113526947,113534538,NO,7591
chr10,7582768,7584398,NO,1630
chr6,137032342,137039366,NO,7024
chr15,76050584,76051480,NO,896
chr8,29386629,29388391,NO,1762
chr12,122219330,122220856,NO,1526
chr3,36932644,36935360,NO,2716
chrX,99704466,99706060,NO,1594
chr3,120188761,120190197,NO,1436
chrX,149380780,149382468,NO,1688
chr7,45331799,45334376,NO,2577
chr1,225879060,225882701,NO,3641
chr10,34391035,34392495,NO,1460
chr11,48012463,48013514,NO,1051
chr18,22566134,22568328,NO,2194
chr7,112206341,112214173,NO,7832
chr2,132426965,132440544,NO,13579
chr14,100275513,100277028,NO,1515
chr3,179244042,179245861,NO,1819
chr20,19671636,19672762,NO,1126
chr1,221172930,221174797,NO,1867
chr1,173361946,173363054,NO,1108
chr20,46310427,46312074,NO,1647
chr10,29168373,29169566,NO,1193
chr10,37841990,37845244,NO,3254
chr9,16726508,16727583,NO,1075
chr12,95778917,95780043,NO,1126
chr4,9153674,9155681,NO,2007
chr8,98847157,98857287,NO,10130
chr2,196454340,196456030,NO,1690
chr13,109843428,109845278,NO,1850
chr10,86253609,86254903,NO,1294
chr1,184617960,184619490,NO,1530
chr17,25959970,25961198,NO,1228
chr8,42122562,42123931,NO,1369
chr13,22009369,22011100,NO,1731
chr8,11305790,11307228,NO,1438
chr4,124897521,124908937,NO,11416
chr11,2553995,2555757,NO,1762
chr19,4609567,4610840,NO,1273
chr1,117774533,117776354,NO,1821
chr1,24718121,24719356,NO,1235
chr17,8373191,8374575,NO,1384
chr19,510254,512019,NO,1765
chr7,55374247,55377236,NO,2989
chr1,46652640,46654447,NO,1807
chr2,48568644,48580911,NO,12267
chr3,111500824,111507313,NO,6489
chr2,8359556,8361071,NO,1515
chr18,60904036,60906277,NO,2241
chr1,236963130,236976193,NO,13063
chr2,8578597,8580024,NO,1427
chr12,25955784,25956615,NO,831
chr4,77905216,77907217,NO,2001
chr6,140759179,140763116,NO,3937
chr4,55795335,55797222,NO,1887
chr3,187753918,187755118,NO,1200
chrX,154375817,154377148,NO,1331
chr16,9890790,9892697,NO,1907
chr15,67219213,67229851,NO,10638
chr5,75986525,75987792,NO,1267
chr15,39650277,39651361,NO,1084
chr8,25071985,25073307,NO,1322
chr22,46524679,46526359,NO,1680
chr5,159077918,159083586,NO,5668
chr6,133822773,133824465,NO,1692
chr1,55662090,55663203,NO,1113
chr6,112124729,112126573,NO,1844
chr1,41703660,41705449,NO,1789
chr6,70500872,70502465,NO,1593
chr6,116585747,116587496,NO,1749
chr19,49971419,49972673,NO,1254
chr8,103697713,103698813,NO,1100
chr13,107525960,107527956,NO,1996
chr18,71358250,71359495,NO,1245
chr10,104870501,104881636,NO,11135
chr13,52131392,52132572,NO,1180
chr8,93004430,93006548,NO,2118
chrX,118788136,118804099,NO,15963
chr14,35178484,35180634,NO,2150
chr2,120144864,120145927,NO,1063
chr1,208854756,208856574,NO,1818
chr7,23114913,23117195,NO,2282
chr6,158184867,158186435,NO,1568
chr2,174292469,174299347,NO,6878
chr6,46158522,46159363,NO,841
chr17,73828253,73829729,NO,1476
chr15,65804573,65805990,NO,1417
chr2,100576891,100578397,NO,1506
chr11,119541817,119543497,NO,1680
chr8,54624888,54625406,NO,518
chr6,155427592,155428663,NO,1071
chr5,124819801,124821204,NO,1403
chr7,105320681,105332642,NO,11961
chr12,6403675,6405659,NO,1984
chr17,76641230,76642795,NO,1565
chr5,159032080,159033484,NO,1404
chr14,74765172,74767275,NO,2103
chr3,69768942,69774594,NO,5652
chr8,55238404,55241601,NO,3197
chr1,150504544,150505876,NO,1332
chr15,95982933,95986797,NO,3864
chr15,77280358,77282113,NO,1755
chr6,71791435,71793235,NO,1800
chr4,145620022,145632332,NO,12310
chr11,11831864,11835456,NO,3592
chr1,175098506,175099724,NO,1218
chr19,58314816,58316027,NO,1211
chr8,134778895,134780727,NO,1832
chr2,102272383,102274893,NO,2510
chr2,178767024,178768223,NO,1199
chr21,27088549,27090676,NO,2127
chr7,17269322,17271482,NO,2160
chr10,127571579,127572934,NO,1355
chr2,85804483,85807107,NO,2624
chr21,29893442,29895219,NO,1777
chr10,116584651,116586219,NO,1568
chr8,20184889,20187719,NO,2830
chr13,98959490,98960945,NO,1455
chr8,22485913,22488219,NO,2306
chr1,145426853,145428202,NO,1349
chr11,333979,335223,NO,1244
chr17,16345386,16349380,NO,3994
chr14,60769355,60771529,NO,2174
chr2,236547428,236549383,NO,1955
chr6,112470599,112477784,NO,7185
chr16,16165205,16166158,NO,953
chr17,4855907,4857382,NO,1475
chr12,56867987,56868997,NO,1010
chr1,153610280,153611294,NO,1014
chr5,78673797,78676683,NO,2886
chr14,90893022,90894876,NO,1854
chr6,112104675,112110737,NO,6062
chr7,51293449,51302442,NO,8993
chr5,138060118,138061992,NO,1874
chr13,114187272,114202857,NO,15585
chr18,45719637,45721041,NO,1404
chr7,130280512,130282015,NO,1503
chr9,130520700,130522023,NO,1323
chr8,96063301,96065143,NO,1842
chr7,131342108,131343147,NO,1039
chr3,159321473,159323191,NO,1718
chr6,44537103,44538684,NO,1581
chr15,43644528,43646089,NO,1561
chr15,22999242,23001703,NO,2461
chr1,185662677,185663911,NO,1234
chr2,69440643,69442620,NO,1977
chr15,68835025,68836684,NO,1659
chr5,100162929,100165062,NO,2133
chr3,183247445,183249249,NO,1804
chr2,232234483,232235635,NO,1152
chr11,70474123,70475951,NO,1828
chr1,29210760,29212463,NO,1703
chr13,114147375,114148957,NO,1582
chr21,38964768,38966913,NO,2145
chr6,139644578,139656808,NO,12230
chr1,146638586,146639869,NO,1283
chr13,39885499,39897720,NO,12221
chr8,119099088,119107574,NO,8486
chr20,33540385,33541491,NO,1106
chr2,97552945,97554801,NO,1856
chr13,42515453,42517249,NO,1796
chr11,19046792,19050070,NO,3278
chr4,100600142,100601772,NO,1630
chr22,24028223,24029671,NO,1448
chr17,38641823,38643342,NO,1519
chr12,9243686,9246888,NO,3202
chr13,44748520,44749797,NO,1277
chr18,6327839,6332517,NO,4678
chr1,1713560,1715193,NO,1633
chr10,29828236,29829989,NO,1753
chr1,193324700,193325700,NO,1000
chr1,101467454,101469345,NO,1891
chr10,65558089,65560188,NO,2099
chr12,58267683,58269043,NO,1360
chr12,7984750,7996634,NO,11884
chr4,184067130,184077052,NO,9922
chr3,99219246,99222889,NO,3643
chr7,151622473,151623743,NO,1270
chr15,80269878,80272053,NO,2175
chr17,47860252,47861745,NO,1493
chr1,7676322,7677965,NO,1643
chr10,104477495,104478752,NO,1257
chr10,103145727,103155264,NO,9537
chr8,102914543,102915569,NO,1026
chr12,96894838,96896290,NO,1452
chr14,38827112,38837212,NO,10100
chr10,4352350,4359172,NO,6822
chr2,86481631,86483099,NO,1468
chr5,55367098,55375106,NO,8008
chr1,94269256,94283854,NO,14598
chr14,65498498,65499773,NO,1275
chr19,14642587,14643955,NO,1368
chr10,105455241,105457458,NO,2217
chr16,3641772,3643073,NO,1301
chr3,195823025,195824123,NO,1098
chr13,114293850,114302615,NO,8765
chr12,98832491,98834190,NO,1699
chr2,2850100,2851884,NO,1784
chrX,135904837,135905954,NO,1117
chr10,80015199,80016611,NO,1412
chr3,87101503,87102130,NO,627
chr3,138616700,138618028,NO,1328
chr1,145478825,145479972,NO,1147
chr3,58105372,58106616,NO,1244
chr10,29272849,29274829,NO,1980
chr12,12627256,12628934,NO,1678
chr14,33061365,33063291,NO,1926
chr11,123487177,123488078,NO,901
chr16,63632498,63633867,NO,1369
chr3,169148273,169149960,NO,1687
chr4,10206089,10207874,NO,1785
chrX,55548367,55549881,NO,1514
chr5,142556286,142557636,NO,1350
chr22,40923894,40931316,NO,7422
chrX,100352312,100353166,NO,854
chr1,67070633,67072414,NO,1781
chr2,48701207,48702770,NO,1563
chr8,30505322,30506665,NO,1343
chr19,11530845,11533497,NO,2652
chr5,143058651,143062293,NO,3642
chr1,217075814,217077579,NO,1765
chr11,65373920,65374644,NO,724
chr6,111426571,111435385,NO,8814
chr3,64224231,64225423,NO,1192
chr6,112293608,112295029,NO,1421
chr18,7870707,7878864,NO,8157
chr2,74346931,74348047,NO,1116
chr5,170947487,170949252,NO,1765
chr17,19606470,19607870,NO,1400
chr20,5668388,5669974,NO,1586
chr1,48901261,48901940,NO,679
chr7,70791963,70793746,NO,1783
chrX,153869489,153870788,NO,1299
chr9,125737261,125738643,NO,1382
chr8,141827030,141828823,NO,1793
chr18,32459410,32461091,NO,1681
chr6,117815830,117819822,NO,3992
chr6,158090028,158091562,NO,1534
chr20,1887688,1889042,NO,1354
chr6,128678199,128679851,NO,1652
chrX,153250441,153251612,NO,1171
chr6,149081948,149083305,NO,1357
chr4,198984,199760,NO,776
chr1,799871,802071,NO,2200
chr13,43931351,43939510,NO,8159
chrX,109363154,109369739,NO,6585
chr11,11428248,11429750,NO,1502
chr4,79582403,79583845,NO,1442
chr2,65058115,65059417,NO,1302
chr1,243953933,243956144,NO,2211
chr16,85423624,85430406,NO,6782
chr9,16363164,16365355,NO,2191
chr4,48049256,48050448,NO,1192
chr2,60962546,60963242,NO,696
chr7,116659901,116661069,NO,1168
chr12,20152036,20153717,NO,1681
chr10,76049712,76052934,NO,3222
chr1,43438694,43439978,NO,1284
chr20,4004232,4005226,NO,994
chr2,157316209,157324035,NO,7826
chr7,37982252,37983184,NO,932
chr9,127541133,127543494,NO,2361
chr1,144867153,144869315,NO,2162
chr5,125720030,125721122,NO,1092
chr20,17916633,17918462,NO,1829
chr4,8612165,8613934,NO,1769
chr2,56560259,56562156,NO,1897
chr2,43765362,43768599,NO,3237
chr8,131208562,131210299,NO,1737
chr2,208148973,208162150,NO,13177
chr7,111720498,111724353,NO,3855
chr3,64713732,64715167,NO,1435
chr5,151191146,151192734,NO,1588
chr17,18471382,18473366,NO,1984
chr2,203025311,203026696,NO,1385
chr6,80253576,80255376,NO,1800
chr5,142875280,142887633,NO,12353
chr11,11481843,11483814,NO,1971
chr17,47673216,47676181,NO,2965
chr2,37641547,37643145,NO,1598
chr15,90748348,90750074,NO,1726
chr9,107572742,107573802,NO,1060
chr8,128766067,128767220,NO,1153
chr10,64342255,64345489,NO,3234
chr2,32211824,32212745,NO,921
chr11,108837671,108839540,NO,1869
chr10,104238508,104253425,NO,14917
chr3,192050447,192057687,NO,7240
chr8,35382813,35383412,NO,599
chr9,80209821,80213870,NO,4049
chr6,117459579,117464935,NO,5356
chr14,51758514,51760855,NO,2341
chr3,113603627,113604475,NO,848
chr20,48467319,48469021,NO,1702
chr16,67537453,67539169,NO,1716
chr1,226730317,226734579,NO,4262
chr13,31325944,31327258,NO,1314
chr11,117872910,117881870,NO,8960
chr10,44400780,44402558,NO,1778
chr9,35996220,35997305,NO,1085
chr22,44481391,44485795,NO,4404
chr11,69353501,69355780,NO,2279
chr3,192872962,192875332,NO,2370
chr5,25190465,25191239,NO,774
chr9,125578449,125582993,NO,4544
chr12,96761967,96769534,NO,7567
chr10,27507658,27508904,NO,1246
chr16,56286192,56287692,NO,1500
chr18,42287639,42289764,NO,2125
chr12,122850827,122860005,NO,9178
chr3,14689619,14690894,NO,1275
chr9,98994532,98999961,NO,5429
chr1,59095482,59096888,NO,1406
chr9,13483634,13485807,NO,2173
chr3,184893004,184893910,NO,906
chr11,78954612,78956318,NO,1706
chr13,34067966,34069303,NO,1337
chr11,78910489,78912041,NO,1552
chr12,116602064,116603287,NO,1223
chr20,3022174,3024496,NO,2322
chr15,68771112,68780038,NO,8926
chr12,110781674,110784281,NO,2607
chr8,101506291,101507885,NO,1594
chr7,39685115,39690744,NO,5629
chr20,5273080,5273717,NO,637
chr7,126089652,126090923,NO,1271
chr13,114762835,114764671,NO,1836
chr2,25584397,25586106,NO,1709
chr1,168396948,168398639,NO,1691
chr2,88475508,88477228,NO,1720
chr6,145364604,145366535,NO,1931
chr10,31549802,31552736,NO,2934
chr2,201577781,201578894,NO,1113
chr5,161178358,161178955,NO,597
chr21,16377376,16379710,NO,2334
chr20,17626719,17628253,NO,1534
chr9,6271091,6279042,NO,7951
chr20,7103850,7105092,NO,1242
chr9,6037739,6038222,NO,483
chr10,29980558,29981498,NO,940
chr1,35767013,35768774,NO,1761
chr3,194838443,194841118,NO,2675
chrX,15485901,15493869,NO,7968
chr11,1863264,1864769,NO,1505
chr2,146508645,146510436,NO,1791
chr8,95448349,95449702,NO,1353
chr4,82486054,82487810,NO,1756
chr3,48693278,48694719,NO,1441
chr8,56756639,56757833,NO,1194
chr10,30013838,30015002,NO,1164
chr14,38778519,38779695,NO,1176
chr7,47885870,47886730,NO,860
chr7,35485474,35490730,NO,5256
chr6,161432509,161433449,NO,940
chr1,225767818,225768926,NO,1108
chr16,85996807,85998161,NO,1354
chr6,43401549,43405122,NO,3573
chr10,92781877,92783784,NO,1907
chr14,58705171,58707449,NO,2278
chr5,159894204,159895551,NO,1347
chr9,35026601,35036987,NO,10386
chr10,15645516,15648806,NO,3290
chr13,28911434,28913282,NO,1848
chr3,63313725,63314810,NO,1085
chr6,116419967,116420855,NO,888
chr11,9401769,9403366,NO,1597
chr7,6055241,6067166,NO,11925
chr12,54413402,54414544,NO,1142
chr7,129378898,129380278,NO,1380
chr12,96838958,96840696,NO,1738
chr18,55379298,55380407,NO,1109
chr17,29457117,29458709,NO,1592
chr1,160214400,160216946,NO,2546
chr1,10554762,10556706,NO,1944
chr3,36999285,37011920,NO,12635
chr2,106502230,106503646,NO,1416
chr2,64835974,64837343,NO,1369
chr14,104901925,104903485,NO,1560
chr2,27235082,27239078,NO,3996
chr18,10269567,10271075,NO,1508
chr14,32345975,32347208,NO,1233
chr19,45299595,45300791,NO,1196
chr13,110389238,110390815,NO,1577
chr12,47754487,47755751,NO,1264
chr1,12464933,12467119,NO,2186
chr9,117656583,117658425,NO,1842
chr11,129731252,129732638,NO,1386
chr16,82314246,82315877,NO,1631
chr10,15480956,15482397,NO,1441
chr19,28163830,28168225,NO,4395
chr2,39923131,39925266,NO,2135
chr18,22745025,22748778,NO,3753
chr15,90756312,90757612,NO,1300
chr2,65772504,65774079,NO,1575
chr8,95127438,95128832,NO,1394
chr1,227431352,227434264,NO,2912
chr4,48129507,48130559,NO,1052
chr14,61905290,61906759,NO,1469
chr16,1520187,1521547,NO,1360
chr13,31438924,31440565,NO,1641
chr1,205407215,205410840,NO,3625
chr15,98235108,98236491,NO,1383
chr1,230942300,230943845,NO,1545
chr4,57861295,57862410,NO,1115
chr16,68307823,68309345,NO,1522
chr16,49697175,49699629,NO,2454
chr12,49977167,49978146,NO,979
chr5,168311925,168313660,NO,1735
chr20,61199997,61201762,NO,1765
chr11,64455544,64456878,NO,1334
chr13,109808142,109809535,NO,1393
chr18,34982598,34984182,NO,1584
chr12,49918044,49919123,NO,1079
chr1,27175085,27176538,NO,1453
chr12,1921060,1922933,NO,1873
chr14,63761942,63763516,NO,1574
chr8,28515142,28516062,NO,920
chr11,113060516,113062248,NO,1732
chr1,29309798,29310952,NO,1154
chr7,112508185,112509535,NO,1350
chr2,228270936,228281736,NO,10800
chr16,14050975,14052143,NO,1168
chr20,10963098,10966364,NO,3266
chr8,42591595,42592959,NO,1364
chr12,45751075,45752316,NO,1241
chr10,30893883,30895222,NO,1339
chr7,128421241,128424083,NO,2842
chr21,29587146,29588697,NO,1551
chr15,63307161,63312552,NO,5391
chr11,113648371,113649509,NO,1138
chr9,133505536,133507108,NO,1572
chr20,32481983,32483386,NO,1403
chr8,141152101,141153498,NO,1397
chr20,33025016,33026178,NO,1162
chr9,13970209,13972737,NO,2528
chr6,106441820,106443239,NO,1419
chr11,117856462,117859250,NO,2788
chr18,9741276,9743141,NO,1865
chr9,124272488,124273871,NO,1383
chr10,45064481,45066030,NO,1549
chr15,48963346,48964971,NO,1625
chr11,103668182,103671922,NO,3740
chr5,56740710,56742155,NO,1445
chr21,45004987,45006369,NO,1382
chr1,25808078,25810894,NO,2816
chr10,45444087,45446270,NO,2183
chr1,36705446,36706336,NO,890
chr3,130546449,130560771,NO,14322
chr2,40777765,40779757,NO,1992
chr10,94516040,94517424,NO,1384
chr20,32321133,32322502,NO,1369
chr4,31135921,31137186,NO,1265
chr11,111818916,111820899,NO,1983
chr5,65603635,65605081,NO,1446
chr12,113631301,113632596,NO,1295
chr3,13420390,13421558,NO,1168
chr6,55691632,55701718,NO,10086
chr2,165766579,165771017,NO,4438
chr1,89594699,89595576,NO,877
chr1,163844171,163846077,NO,1906
chr5,60597083,60598422,NO,1339
chr4,48803158,48807186,NO,4028
chr7,29845563,29847129,NO,1566
chr14,53310822,53312212,NO,1390
chr22,26392162,26394803,NO,2641
chr8,42748437,42749803,NO,1366
chr4,13841958,13843104,NO,1146
chr2,25300656,25302388,NO,1732
chr12,132673722,132675118,NO,1396
chr5,73967746,73969626,NO,1880
chr8,137092088,137093957,NO,1869
chr20,12555693,12557517,NO,1824
chr3,145207647,145209007,NO,1360
chr8,121726157,121728522,NO,2365
chr4,156427878,156434013,NO,6135
chr8,49230857,49232262,NO,1405
chr4,126310843,126312176,NO,1333
chr19,21769009,21770285,NO,1276
chr8,133564299,133565645,NO,1346
chr8,86866346,86869091,NO,2745
chr12,122210814,122211943,NO,1129
chr3,10418418,10419709,NO,1291
chr5,176521025,176522675,NO,1650
chr7,34643485,34653087,NO,9602
chr16,85409649,85410898,NO,1249
chr2,2616864,2617888,NO,1024
chr3,159338840,159340169,NO,1329
chr11,65204789,65205821,NO,1032
chr7,37232638,37251676,NO,19038
chr9,138404537,138406255,NO,1718
chr22,17886270,17887959,NO,1689
chr4,183369157,183370690,NO,1533
chr3,123002775,123005276,NO,2501
chr2,111918897,111920392,NO,1495
chr18,53806135,53808008,NO,1873
chr18,52612722,52613965,NO,1243
chr20,19829650,19831461,NO,1811
chr7,87959103,87960551,NO,1448
chr8,126373643,126375721,NO,2078
chr15,95387220,95399226,NO,12006
chr12,111114874,111116226,NO,1352
chr7,127623802,127636314,NO,12512
chr7,28568441,28570640,NO,2199
chr1,64434258,64435592,NO,1334
chr20,30742412,30743841,NO,1429
chr2,231796488,231798553,NO,2065
chr4,30838357,30842307,NO,3950
chr5,153872597,153873454,NO,857
chr1,237802893,237803992,NO,1099
chr7,18250537,18252749,NO,2212
chr14,54964016,54965840,NO,1824
chr10,6280933,6289861,NO,8928
chr12,81602828,81603784,NO,956
chr16,88110709,88111899,NO,1190
chr9,116874680,116876395,NO,1715
chr1,28447600,28448016,NO,416
chr11,115038056,115039848,NO,1792
chr2,114298696,114300173,NO,1477
chr1,11767456,11768734,NO,1278
chr10,5628864,5630079,NO,1215
chr15,100338990,100340249,NO,1259
chr16,289603,303378,NO,13775
chr18,13070355,13071310,NO,955
chr3,133611000,133612537,NO,1537
chr2,221258886,221260142,NO,1256
chr3,160587452,160588776,NO,1324
chr9,115314142,115315437,NO,1295
chr18,59501237,59510023,NO,8786
chr7,70775448,70777086,NO,1638
chr7,17811466,17813784,NO,2318
chr19,29283998,29285511,NO,1513
chr6,43273318,43275008,NO,1690
chr12,57601993,57604121,NO,2128
chr2,152894304,152895612,NO,1308
chr5,172964761,172965799,NO,1038
chr1,152161097,152162210,NO,1113
chr3,172085205,172087926,NO,2721
chr1,36313809,36317439,NO,3630
chrX,54565825,54567152,NO,1327
chr15,90904996,90906111,NO,1115
chr21,45303844,45305235,NO,1391
chr7,68922072,68923753,NO,1681
chr3,30586320,30591342,NO,5022
chr1,32014721,32015896,NO,1175
chr22,26337894,26339663,NO,1769
chr2,227555046,227556666,NO,1620
chrX,16006450,16008336,NO,1886
chr2,207687278,207688298,NO,1020
chr17,48219049,48220458,NO,1409
chr3,177423654,177424969,NO,1315
chr10,68081442,68082832,NO,1390
chr5,148812976,148814418,NO,1442
chr1,172902715,172904189,NO,1474
chr1,85224120,85225434,NO,1314
chr6,22025361,22027842,NO,2481
chr4,114418467,114424599,NO,6132
chr19,58912766,58913461,NO,695
chr11,106859267,106861629,NO,2362
chr2,218577882,218580093,NO,2211
chr5,155923460,155925265,NO,1805
chr3,81838205,81840195,NO,1990
chr3,187991957,187993263,NO,1306
chr4,100303857,100324817,NO,20960
chr15,34550493,34552236,NO,1743
chr21,44464814,44466640,NO,1826
chr6,14550790,14551950,NO,1160
chr2,74803234,74804704,NO,1470
chr6,126189600,126191334,NO,1734
chr5,2011580,2012641,NO,1061
chr10,29844510,29846055,NO,1545
chr11,18727895,18729027,NO,1132
chr1,162100848,162102273,NO,1425
chr9,123173788,123175250,NO,1462
chr17,17996830,17998113,NO,1283
chr14,76939394,76940696,NO,1302
chr22,23301690,23303642,NO,1952
chr10,80763057,80763985,NO,928
chr2,219520171,219521334,NO,1163
chr6,17031680,17046507,NO,14827
chr3,176842961,176846552,NO,3591
chr3,126568340,126570322,NO,1982
chr15,58076005,58077378,NO,1373
chr8,96756264,96759246,NO,2982
chr10,71266123,71268062,NO,1939
chr9,101804976,101806290,NO,1314
chr10,77224380,77229809,NO,5429
chr6,3281478,3283408,NO,1930
chrX,15597813,15598879,NO,1066
chr8,80864726,80872910,NO,8184
chr5,25909293,25909867,NO,574
chr1,234907244,234908943,NO,1699
chr18,61013118,61014607,NO,1489
chr10,29909749,29910996,NO,1247
chr1,108376972,108378704,NO,1732
chr5,146824888,146826704,NO,1816
chr5,37665633,37669254,NO,3621
chr17,34021698,34023425,NO,1727
chr1,44248807,44250037,NO,1230
chr12,7175320,7176827,NO,1507
chr6,129633883,129636380,NO,2497
chr8,18244256,18245620,NO,1364
chr3,187500642,187501643,NO,1001
chr16,30552555,30553973,NO,1418
chrX,151150307,151153644,NO,3337
chr22,22171040,22172237,NO,1197
chr19,53103673,53105126,NO,1453
chr12,58497797,58499869,NO,2072
chr4,63682253,63682801,NO,548
chr16,54248801,54251231,NO,2430
chr1,209158251,209162880,NO,4629
chr1,227975014,227975893,NO,879
chr21,35855336,35856644,NO,1308
chr13,20175553,20177090,NO,1537
chrX,1367559,1368967,NO,1408
chrX,13505181,13506718,NO,1537
chr1,84551398,84552445,NO,1047
chr1,145561770,145563463,NO,1693
chr4,77877438,77879190,NO,1752
chr1,168090318,168091794,NO,1476
chr19,4869699,4879186,NO,9487
chr7,44178259,44180340,NO,2081
chr1,159743610,159749841,NO,6231
chr6,42660098,42662262,NO,2164
chr6,27145011,27156919,NO,11908
chr1,243356575,243368991,NO,12416
chr17,56735922,56744903,NO,8981
chr19,49858839,49860961,NO,2122
chr16,54435604,54437482,NO,1878
chr2,85401549,85403661,NO,2112
chr2,3508859,3510154,NO,1295
chr15,35654151,35655256,NO,1105
chr12,14765776,14767141,NO,1365
chr1,117670410,117673207,NO,2797
chr10,72702992,72705016,NO,2024
chr3,9844473,9846086,NO,1613
chr12,20038363,20051066,NO,12703
chr6,128976724,128980777,NO,4053
chr8,39966802,39977261,NO,10459
chr3,72367563,72368817,NO,1254
chr11,73849299,73851072,NO,1773
chr9,130646327,130648645,NO,2318
chr16,66929007,66930520,NO,1513
chr2,74967865,74968842,NO,977
chr6,123738523,123739617,NO,1094
chr3,168593918,168595208,NO,1290
chr13,80933326,80936492,NO,3166
chr1,26379879,26381321,NO,1442
chr14,90740666,90742484,NO,1818
chr16,3704284,3706078,NO,1794
chr18,3194868,3195694,NO,826
chr17,68105510,68107403,NO,1893
chr9,90207085,90208402,NO,1317
chr5,112293651,112300077,NO,6426
chr3,185279366,185280302,NO,936
chr17,73854098,73855670,NO,1572
chr10,74029998,74031311,NO,1313
chr1,9255814,9257809,NO,1995
chr12,68147109,68149393,NO,2284
chr2,97473903,97475577,NO,1674
chr12,62726766,62730148,NO,3382
chr1,147860374,147861330,NO,956
chr1,143672861,143673817,NO,956
chr2,27514267,27515292,NO,1025
chr18,20332793,20346214,NO,13421
chr3,44396397,44398118,NO,1721
chr1,86077104,86079234,NO,2130
chr13,43465835,43466967,NO,1132
chr16,89738527,89739939,NO,1412
chr6,145644751,145645986,NO,1235
chr10,101672129,101678560,NO,6431
chr6,167763347,167765181,NO,1834
chr3,97601609,97605089,NO,3480
chr7,65564499,65565739,NO,1240
chr6,6994985,6996102,NO,1117
chr8,126581389,126582890,NO,1501
chr2,6960631,6962081,NO,1450
chr14,28733535,28734181,NO,646
chr1,208352229,208355338,NO,3109
chr10,97489619,97503275,NO,13656
chr11,6619055,6620619,NO,1564
chr8,72218084,72219393,NO,1309
chr5,102203402,102205474,NO,2072
chr2,110083469,110085084,NO,1615
chr1,19530027,19534825,NO,4798
chr11,60542807,60545450,NO,2643
chr6,47761837,47763511,NO,1674
chr2,42067844,42068917,NO,1073
chr20,33063736,33064686,NO,950
chr8,103757100,103766755,NO,9655
chr16,90060584,90062897,NO,2313
chr10,80683610,80691966,NO,8356
chr8,18137908,18142537,NO,4629
chr18,13661101,13661850,NO,749
chr11,122970928,122972618,NO,1690
chr4,16105848,16120451,NO,14603
chr7,23059930,23061407,NO,1477
chr1,216958506,216959632,NO,1126
chr10,33950295,33964944,NO,14649
chr3,101900118,101901547,NO,1429
chr8,52530358,52541009,NO,10651
chr20,61086586,61087901,NO,1315
chr5,176421452,176422637,NO,1185
chr20,4206081,4207682,NO,1601
chr9,16335463,16337253,NO,1790
chr2,131094418,131095672,NO,1254
chr19,47745878,47747797,NO,1919
chr8,32785188,32786216,NO,1028
chr6,22070951,22072463,NO,1512
chr1,236801946,236803546,NO,1600
chr11,18006455,18007906,NO,1451
chr5,79365345,79379530,NO,14185
chr13,110336792,110338127,NO,1335
chr1,43795216,43796667,NO,1451
chr20,33557558,33559896,NO,2338
chr1,182166012,182177097,NO,11085
chr6,107931894,107933198,NO,1304
chr2,204225025,204226504,NO,1479
chr11,19834159,19836124,NO,1965
chr7,45748076,45750390,NO,2314
chr15,29989393,29991122,NO,1729
chr2,230931651,230933761,NO,2110
chr19,47123573,47125270,NO,1697
chr4,3228086,3229163,NO,1077
chr9,112075585,112079172,NO,3587
chr2,145823374,145824792,NO,1418
chr1,99133732,99135362,NO,1630
chr14,100906088,100907816,NO,1728
chr10,5589490,5591628,NO,2138
chr22,49985897,49987749,NO,1852
chr12,42325779,42327038,NO,1259
chr15,47797814,47799218,NO,1404
chr2,153261273,153262579,NO,1306
chr5,172850167,172851654,NO,1487
chr15,31245167,31246697,NO,1530
chr5,16081137,16082912,NO,1775
chr5,95004779,95006186,NO,1407
chr10,49814072,49816237,NO,2165
chr9,136548064,136549822,NO,1758
chr8,48391854,48393679,NO,1825
chr3,140185472,140186854,NO,1382
chr12,109658990,109660736,NO,1746
chr6,28414599,28415383,NO,784
chr19,14668816,14670236,NO,1420
chr2,97263668,97275293,NO,11625
chr6,15994681,15996785,NO,2104
chr5,148850530,148851886,NO,1356
chr4,187765089,187767013,NO,1924
chrX,47986456,47987216,NO,760
chr11,65201284,65202704,NO,1420
chr5,52052529,52055085,NO,2556
chrX,134067250,134068757,NO,1507
chr10,29868317,29869577,NO,1260
chr7,108200775,108202355,NO,1580
chr1,65661118,65662275,NO,1157
chr6,158234020,158235971,NO,1951
chr18,8341173,8342310,NO,1137
chr13,98059204,98064421,NO,5217
chr13,33542969,33544354,NO,1385
chr1,179937854,179938982,NO,1128
chr1,205550624,205552324,NO,1700
chr3,195589881,195591061,NO,1180
chr11,70127244,70128494,NO,1250
chr18,29881162,29883310,NO,2148
chr16,28192725,28193953,NO,1228
chr10,4076769,4078081,NO,1312
chr3,30327322,30328537,NO,1215
chr15,90763756,90765180,NO,1424
chr6,137495808,137496993,NO,1185
chr11,112885160,112887898,NO,2738
chr8,126422465,126423707,NO,1242
chr11,97072764,97074066,NO,1302
chr1,247110327,247111523,NO,1196
chr3,187844058,187845174,NO,1116
chr1,33399236,33406011,NO,6775
chr3,8978838,8979772,NO,934
chr1,36633830,36634717,NO,887
chr12,92691721,92699084,NO,7363
chr1,183752868,183754128,NO,1260
chr4,148785090,148787636,NO,2546
chr7,158556141,158558051,NO,1910
chr1,200211013,200212336,NO,1323
chr3,171391271,171394765,NO,3494
chr10,46913670,46914574,NO,904
chr4,87881304,87883130,NO,1826
chr2,161933358,161935089,NO,1731
chr8,22807402,22808783,NO,1381
chr2,178660881,178662286,NO,1405
chr4,125857552,125870610,NO,13058
chrX,119928961,119932254,NO,3293
chr16,64443635,64447783,NO,4148
chr8,97601674,97603638,NO,1964
chr6,3231234,3232647,NO,1413
chr10,46954649,46962956,NO,8307
chr13,52524165,52526165,NO,2000
chr3,121381589,121383357,NO,1768
chr7,75778759,75779814,NO,1055
chr1,120254527,120256776,NO,2249
chr4,3754791,3756837,NO,2046
chr7,105818060,105819583,NO,1523
chr11,129148655,129150176,NO,1521
chr2,68378392,68380669,NO,2277
chr5,79105474,79107489,NO,2015
chr3,132166957,132168539,NO,1582
chr3,187908016,187908883,NO,867
chr2,50039533,50041046,NO,1513
chr12,112073452,112074775,NO,1323
chr7,140015559,140016738,NO,1179
chr1,115967871,115969357,NO,1486
chr8,102647523,102648968,NO,1445
chr5,73583216,73585598,NO,2382
chr10,73995582,73997189,NO,1607
chr10,96033550,96035067,NO,1517
chr6,56340237,56341212,NO,975
chr2,198917348,198919699,NO,2351
chr2,101646992,101648345,NO,1353
chr5,67466629,67467567,NO,938
chr5,149623731,149625839,NO,2108
chr6,15452152,15454491,NO,2339
chr2,86428800,86430206,NO,1406
chr4,141805733,141809727,NO,3994
chr15,81629469,81631205,NO,1736
chr22,18188280,18189781,NO,1501
chr4,7632007,7633567,NO,1560
chr10,90145366,90148491,NO,3125
chr11,73618224,73618992,NO,768
chr15,89497495,89498622,NO,1127
chr2,132182005,132183168,NO,1163
chr8,122812305,122814324,NO,2019
chr6,141803903,141805390,NO,1487
chrX,153589544,153591533,NO,1989
chr8,98244015,98245488,NO,1473
chr18,23046777,23048098,NO,1321
chr1,101573632,101578483,NO,4851
chr5,75469640,75470279,NO,639
chr18,2716142,2717637,NO,1495
chr17,38983926,38984952,NO,1026
chr19,18739705,18741501,NO,1796
chr3,16150633,16155476,NO,4843
chr1,208254002,208264608,NO,10606
chr2,38355418,38357554,NO,2136
chr5,156185987,156187275,NO,1288
chr21,16594351,16595540,NO,1189
chr11,111805876,111807158,NO,1282
chr14,76629747,76630909,NO,1162
chr5,106758096,106768180,NO,10084
chr4,22501471,22502868,NO,1397
chr2,111528090,111531740,NO,3650
chr5,54826220,54827069,NO,849
chr3,178225197,178226372,NO,1175
chr3,69860150,69861466,NO,1316
chr10,101691869,101693594,NO,1725
chr8,128902019,128912243,NO,10224
chr6,157881443,157883254,NO,1811
chr1,85661175,85662421,NO,1246
chr8,10227732,10229154,NO,1422
chr12,22429091,22435839,NO,6748
chr2,208791060,208804696,NO,13636
chr8,240941,243083,NO,2142
chr7,18428781,18430740,NO,1959
chr11,59553939,59555588,NO,1649
chr20,5053566,5059559,NO,5993
chr13,40722954,40724504,NO,1550
chr9,37416266,37417208,NO,942
chr7,15054919,15055877,NO,958
chr12,70359517,70361037,NO,1520
chr12,54144408,54146371,NO,1963
chr15,76455000,76456535,NO,1535
chr1,181148343,181149496,NO,1153
chr16,89864782,89866025,NO,1243
chr19,50220650,50231471,NO,10821
chr21,27127674,27129326,NO,1652
chr15,91502652,91504242,NO,1590
chr3,98640178,98641977,NO,1799
chr9,97762858,97763675,NO,817
chr3,191968686,191979541,NO,10855
chr12,104525539,104526766,NO,1227
chr15,37016953,37020770,NO,3817
chr3,50595963,50597922,NO,1959
chr11,95845092,95846331,NO,1239
chr4,140613017,140614237,NO,1220
chr7,38350848,38353197,NO,2349
chr7,26437406,26438980,NO,1574
chr19,38700207,38701600,NO,1393
chr5,41334132,41335537,NO,1405
chr3,188816562,188818332,NO,1770
chr2,198492064,198493578,NO,1514
chr10,46141983,46142945,NO,962
chr9,100230787,100231960,NO,1173
chr10,134005753,134007501,NO,1748
chr1,185929963,185935830,NO,5867
chr3,187995425,187997337,NO,1912
chr19,43942467,43944133,NO,1666
chr1,154571485,154572616,NO,1131
chr8,103931781,103933511,NO,1730
chr1,26440655,26441480,NO,825
chr13,76278153,76279742,NO,1589
chr20,62087811,62089466,NO,1655
chr2,38022019,38022965,NO,946
chr9,7368354,7371723,NO,3369
chr1,55676640,55678776,NO,2136
chr22,44505089,44508563,NO,3474
chrX,3557691,3559082,NO,1391
chr8,30162776,30187281,NO,24505
chr17,2266984,2268559,NO,1575
chr1,97003322,97004809,NO,1487
chr3,25083768,25087142,NO,3374
chr11,123200770,123202397,NO,1627
chr21,47959178,47960685,NO,1507
chr17,56492545,56493494,NO,949
chr8,144480403,144481917,NO,1514
chr22,17962948,17971736,NO,8788
chr9,72765,74177,NO,1412
chr1,205262837,205264515,NO,1678
chr1,222638289,222639443,NO,1154
chr5,60288617,60290454,NO,1837
chr6,26571716,26572790,NO,1074
chr7,93573147,93574998,NO,1851
chr1,31643208,31644379,NO,1171
chr12,15359112,15360920,NO,1808
chr5,5687021,5689235,NO,2214
chr5,151007137,151008259,NO,1122
chr7,122442196,122443653,NO,1457
chr15,49751730,49753596,NO,1866
chr9,88876898,88878425,NO,1527
chr3,148692851,148693890,NO,1039
chr7,22520737,22522655,NO,1918
chr12,5106556,5107879,NO,1323
chr19,18672242,18673415,NO,1173
chr17,42826598,42828339,NO,1741
chr10,11726485,11727709,NO,1224
chr6,159158061,159159366,NO,1305
chr9,107968034,107969071,NO,1037
chr11,11169134,11170793,NO,1659
chr6,42860906,42870864,NO,9958
chr7,41744249,41745804,NO,1555
chr1,67467081,67468370,NO,1289
chr12,92625160,92638874,NO,13714
chr10,12526321,12527707,NO,1386
chr3,64929251,64931622,NO,2371
chr2,46687106,46688929,NO,1823
chr5,53550396,53551208,NO,812
chr10,24379226,24381135,NO,1909
chr1,212360788,212363107,NO,2319
chr5,119474110,119476545,NO,2435
chr1,217206169,217216858,NO,10689
chr21,33828371,33830187,NO,1816
chr5,39501709,39503321,NO,1612
chr7,3256690,3257961,NO,1271
chr18,68088839,68091054,NO,2215
chr6,109670707,109671703,NO,996
chr9,95268562,95270947,NO,2385
chr20,5829512,5844593,NO,15081
chr3,178084852,178085967,NO,1115
chr22,27146414,27148027,NO,1613
chr19,1616530,1619006,NO,2476
chr4,140429806,140437465,NO,7659
chr10,121269516,121270382,NO,866
chr16,31117008,31117582,NO,574
chr6,55433422,55442072,NO,8650
chrX,13491441,13492616,NO,1175
chr10,129631954,129633599,NO,1645
chr5,6766178,6767497,NO,1319
chr3,53012019,53012797,NO,778
chr3,149797237,149798478,NO,1241
chr5,70925751,70927499,NO,1748
chr6,42334591,42335885,NO,1294
chr17,72994389,72995904,NO,1515
chr3,149166748,149168208,NO,1460
chr13,111269566,111270669,NO,1103
chr17,5429457,5431156,NO,1699
chr3,16878910,16880794,NO,1884
chr1,247801920,247803310,NO,1390
chr2,151281656,151282520,NO,864
chr14,72436895,72438303,NO,1408
chr1,224019953,224020852,NO,899
chr14,63672666,63681872,NO,9206
chr11,121334904,121336263,NO,1359
chr12,24687475,24690922,NO,3447
chr10,49672784,49674390,NO,1606
chr8,55312783,55325977,NO,13194
chr22,32999354,33000698,NO,1344
chr15,62941597,62951237,NO,9640
chr11,90705359,90705801,NO,442
chr4,86319347,86324455,NO,5108
chr2,70297533,70298728,NO,1195
chr6,21953451,21955037,NO,1586
chr9,126084578,126085832,NO,1254
chr11,118757826,118759503,NO,1677
chr19,19475259,19484574,NO,9315
chr10,94590102,94602795,NO,12693
chr3,169227282,169228804,NO,1522
chr12,51012721,51015080,NO,2359
chr20,33795490,33796420,NO,930
chr3,127874399,127875564,NO,1165
chr14,75017717,75020499,NO,2782
chr9,119117234,119118452,NO,1218
chr2,27318595,27320067,NO,1472
chr3,149197166,149198413,NO,1247
chr1,201369513,201371502,NO,1989
chr14,56799832,56809759,NO,9927
chr21,41047574,41048783,NO,1209
chr10,56627983,56629175,NO,1192
chr2,129104959,129106501,NO,1542
chr3,18275265,18276871,NO,1606
chr20,36327348,36341225,NO,13877
chr2,122727023,122728532,NO,1509
chr14,96010771,96012406,NO,1635
chr12,80234521,80238822,NO,4301
chr5,60745396,60747159,NO,1763
chr11,90952165,90954365,NO,2200
chrX,68356810,68358128,NO,1318
chr4,124165078,124168119,NO,3041
chr18,8729960,8731102,NO,1142
chr13,30937782,30939402,NO,1620
chr15,35922016,35923631,NO,1615
chr11,14211589,14213401,NO,1812
chr15,68479497,68480292,NO,795
chr20,4152122,4153423,NO,1301
chr20,42011374,42013179,NO,1805
chr16,30563772,30565298,NO,1526
chr10,27608284,27609550,NO,1266
chr12,4139759,4141250,NO,1491
chr4,146073829,146075208,NO,1379
chr5,148329367,148330413,NO,1046
chr9,74244733,74254013,NO,9280
chr17,17756073,17757412,NO,1339
chr4,166760254,166761660,NO,1406
chr2,144198531,144200245,NO,1714
chr11,6270732,6271899,NO,1167
chr13,52774851,52776363,NO,1512
chr15,102304812,102305967,NO,1155
chr5,54129837,54131450,NO,1613
chr6,129711832,129724014,NO,12182
chr1,147718264,147719532,NO,1268
chr3,184664018,184672308,NO,8290
chr19,11086172,11087290,NO,1118
chr8,18835729,18836865,NO,1136
chr13,75149286,75150776,NO,1490
chr14,102817083,102817944,NO,861
chr12,93381231,93382167,NO,936
chr4,1302533,1304308,NO,1775
chr3,58469565,58470940,NO,1375
chr3,112109561,112110867,NO,1306
chr22,28144645,28149774,NO,5129
chr16,5052739,5054478,NO,1739
chr5,61727620,61728714,NO,1094
chr12,117556467,117557782,NO,1315
chr10,61296236,61297229,NO,993
chr9,2209006,2210333,NO,1327
chr1,39328440,39330144,NO,1704
chr3,171578577,171593243,NO,14666
chr2,36768415,36770099,NO,1684
chr2,106388074,106389424,NO,1350
chr12,93320171,93321243,NO,1072
chr5,82848488,82849646,NO,1158
chr17,80063725,80065079,NO,1354
chr20,30873008,30874321,NO,1313
chr7,102003744,102005074,NO,1330
chr3,133192533,133194435,NO,1902
chr2,240042739,240044823,NO,2084
chr10,94191391,94193062,NO,1671
chr4,77673962,77675969,NO,2007
chr1,109133021,109134977,NO,1956
chr17,7897138,7901089,NO,3951
chr12,105351466,105352833,NO,1367
chr6,113916640,113918631,NO,1991
chr2,3403417,3409443,NO,6026
chr2,26240321,26251612,NO,11291
chr15,64926920,64928526,NO,1606
chr1,117492662,117494209,NO,1547
chr10,23353971,23355147,NO,1176
chr16,20598208,20599781,NO,1573
chr9,71050689,71052707,NO,2018
chr16,81584498,81585911,NO,1413
chr1,64108707,64110078,NO,1371
chr2,135531506,135533189,NO,1683
chr12,110325546,110327144,NO,1598
chr7,69121453,69122710,NO,1257
chr12,91774940,91776190,NO,1250
chr21,41031866,41032855,NO,989
chr14,51325982,51327209,NO,1227
chr5,77933150,77935367,NO,2217
chr1,36618264,36619613,NO,1349
chr1,48122110,48123663,NO,1553
chr15,76469307,76470828,NO,1521
chr9,31334608,31336081,NO,1473
chr16,82642543,82643478,NO,935
chr2,236632508,236633994,NO,1486
chr16,55536305,55537625,NO,1320
chr17,74768671,74769605,NO,934
chr3,184404861,184406775,NO,1914
chr9,38672122,38682989,NO,10867
chr11,125811007,125812487,NO,1480
chr5,141770534,141784347,NO,13813
chr13,77394210,77404499,NO,10289
chr8,29107134,29116497,NO,9363
chr9,131158986,131160241,NO,1255
chr17,30682389,30683371,NO,982
chr18,60517696,60518834,NO,1138
chr1,25968374,25969912,NO,1538
chr11,36078324,36080175,NO,1851
chr3,25427226,25428463,NO,1237
chr11,27269240,27271158,NO,1918
chr1,166347788,166349474,NO,1686
chr12,49592135,49596317,NO,4182
chr13,53182970,53184335,NO,1365
chr12,115450344,115451524,NO,1180
chr2,106754266,106756118,NO,1852
chr8,87356363,87357697,NO,1334
chr7,131940142,131941951,NO,1809
chr4,113269412,113270277,NO,865
chr3,54390801,54394274,NO,3473
chr2,7022709,7023991,NO,1282
chrX,134133716,134138880,NO,5164
chr16,75375337,75377082,NO,1745
chr21,46806124,46808170,NO,2046
chr3,185220418,185221760,NO,1342
chr16,16070023,16071877,NO,1854
chr4,122632516,122633511,NO,995
chr17,1835157,1836220,NO,1063
chr12,94347738,94349606,NO,1868
chr2,72057855,72059105,NO,1250
chr1,183577960,183580084,NO,2124
chr1,185452620,185458505,NO,5885
chr2,207275167,207275846,NO,679
chr3,152939411,152940521,NO,1110
chr13,42317144,42326717,NO,9573
chr2,232264627,232265703,NO,1076
chr10,97364194,97365791,NO,1597
chr11,69865397,69867180,NO,1783
chr20,9324161,9325954,NO,1793
chr8,42774777,42776197,NO,1420
chr7,139959581,139961829,NO,2248
chr4,75338549,75340535,NO,1986
chr2,225010262,225011901,NO,1639
chr14,51471324,51473934,NO,2610
chr19,2294392,2295577,NO,1185
chr5,113543557,113544981,NO,1424
chr3,143162806,143164198,NO,1392
chr17,78251418,78253302,NO,1884
chr4,88764668,88765641,NO,973
chr4,185077029,185078277,NO,1248
chr22,22414944,22416202,NO,1258
chr10,4414104,4415986,NO,1882
chrX,13438235,13451477,NO,13242
chr6,169651365,169653351,NO,1986
chr3,169105441,169106883,NO,1442
chr11,125132493,125134287,NO,1794
chr1,183187142,183188480,NO,1338
chr16,67987711,67989415,NO,1704
chr10,17390285,17391104,NO,819
chr1,170506010,170507237,NO,1227
chr19,51896967,51898114,NO,1147
chr14,38758999,38761682,NO,2683
chr17,55499519,55501163,NO,1644
chr16,84763292,84770548,NO,7256
chr6,111703319,111704528,NO,1209
chr8,22493478,22495758,NO,2280
chr1,229979877,229980990,NO,1113
chr11,35267541,35268608,NO,1067
chr4,124981542,124982373,NO,831
chr16,29796003,29796862,NO,859
chr22,19608152,19609856,NO,1704
chr2,74158739,74160013,NO,1274
chr22,43527602,43528883,NO,1281
chr3,24460143,24461201,NO,1058
chr1,2170902,2172731,NO,1829
chr16,47553173,47558235,NO,5062
chr12,117951212,117957364,NO,6152
chr1,171156089,171158119,NO,2030
chr15,69074174,69075582,NO,1408
chr4,121722152,121723016,NO,864
chr8,30446939,30455261,NO,8322
chr4,114276341,114277705,NO,1364
chr2,87332490,87333551,NO,1061
chr10,15125785,15127511,NO,1726
chr1,204317033,204318520,NO,1487
chr15,85328698,85329850,NO,1152
chr1,247013149,247014883,NO,1734
chr22,43076186,43077373,NO,1187
chr7,90253265,90254794,NO,1529
chr5,10626625,10628203,NO,1578
chr8,106727107,106729481,NO,2374
chr6,169850214,169853059,NO,2845
chr7,44873946,44883079,NO,9133
chr6,139918528,139919494,NO,966
chr5,138180339,138181497,NO,1158
chr10,20929917,20932093,NO,2176
chr4,124570253,124571788,NO,1535
chr2,127534149,127535278,NO,1129
chr10,49919198,49920578,NO,1380
chr18,55875490,55876453,NO,963
chr19,59024804,59026048,NO,1244
chr10,14115901,14117157,NO,1256
chr2,8519558,8520956,NO,1398
chr7,87127774,87128607,NO,833
chr10,93843161,93847731,NO,4570
chr3,12446682,12448073,NO,1391
chr17,76218682,76220052,NO,1370
chr22,26201487,26203674,NO,2187
chr14,76272312,76273343,NO,1031
chr12,46380293,46381501,NO,1208
chr18,18857040,18858193,NO,1153
chr19,6516105,6517354,NO,1249
chr9,97860267,97862803,NO,2536
chr17,40698821,40700930,NO,2109
chr11,9159876,9161730,NO,1854
chr1,229073440,229074742,NO,1302
chr2,121954765,121955790,NO,1025
chr2,109674349,109676623,NO,2274
chr16,85319310,85320908,NO,1598
chr2,27285720,27287235,NO,1515
chr2,237736073,237737856,NO,1783
chr22,43016344,43017890,NO,1546
chrX,118560864,118561760,NO,896
chr16,47497714,47501778,NO,4064
chr4,298411,299498,NO,1087
chr13,44626700,44630092,NO,3392
chr6,106611272,106612732,NO,1460
chr2,42595627,42596990,NO,1363
chr1,39940067,39941773,NO,1706
chr11,65133834,65134677,NO,843
chr1,155237254,155238215,NO,961
chr13,44905471,44906950,NO,1479
chr2,177354767,177356039,NO,1272
chr16,21975258,21976693,NO,1435
chr16,12563755,12565163,NO,1408
chr7,127671809,127673079,NO,1270
chr7,6542865,6544323,NO,1458
chr13,51022385,51023617,NO,1232
chr2,102737997,102739533,NO,1536
chr2,107942566,107943877,NO,1311
chr11,75895200,75897364,NO,2164
chr10,11916810,11918705,NO,1895
chr7,51096290,51097623,NO,1333
chr13,41212629,41219521,NO,6892
chr1,203337488,203349036,NO,11548
chr6,140422064,140423324,NO,1260
chr9,93634986,93635816,NO,830
chr4,53877433,53888939,NO,11506
chr20,36873767,36884643,NO,10876
chr4,140578183,140579781,NO,1598
chr1,234792424,234793744,NO,1320
chr6,117868436,117869957,NO,1521
chr1,210566370,210568359,NO,1989
chr6,3990833,3991519,NO,686
chr9,74595638,74600145,NO,4507
chr11,4065202,4066668,NO,1466
chr4,28794418,28801944,NO,7526
chr9,110013583,110015115,NO,1532
chr7,73475873,73476997,NO,1124
chr19,14655677,14657122,NO,1445
chr18,60288831,60292534,NO,3703
chr15,75221854,75226619,NO,4765
chrX,67723089,67725015,NO,1926
chr8,39911868,39913310,NO,1442
chr7,20447377,20448524,NO,1147
chr5,157602104,157603875,NO,1771
chr3,94853553,94854525,NO,972
chr6,49533274,49534536,NO,1262
chr8,20951958,20953451,NO,1493
chr2,227585837,227587087,NO,1250
chr1,85065350,85070236,NO,4886
chr6,30174396,30175984,NO,1588
chr17,27405240,27407131,NO,1891
chr19,20348580,20350390,NO,1810
chr3,79355410,79355866,NO,456
chr10,98149610,98150994,NO,1384
chr9,136913540,136915430,NO,1890
chr17,71406481,71408040,NO,1559
chr8,126306355,126320189,NO,13834
chr22,50644276,50645660,NO,1384
chr16,71888404,71893150,NO,4746
chr10,81080101,81081379,NO,1278
chr22,29524850,29526324,NO,1474
chr10,62607956,62609247,NO,1291
chr9,118849505,118850672,NO,1167
chr8,37482888,37484012,NO,1124
chr22,25781342,25783456,NO,2114
chr1,210535734,210538510,NO,2776
chr20,58327066,58329396,NO,2330
chr2,204501445,204516076,NO,14631
chr5,73194955,73197460,NO,2505
chr15,71998826,72000847,NO,2021
chr3,27598550,27599377,NO,827
chr3,50843804,50844951,NO,1147
chr12,64574354,64576004,NO,1650
chr1,172255400,172256652,NO,1252
chr11,60657104,60659330,NO,2226
chr1,23734660,23735889,NO,1229
chr3,127705302,127706774,NO,1472
chr7,1934478,1936284,NO,1806
chr12,31899221,31902367,NO,3146
chr6,164258540,164259504,NO,964
chr2,23968187,23980995,NO,12808
chr4,95916654,95917699,NO,1045
chr15,64813222,64814457,NO,1235
chr5,36569392,36571386,NO,1994
chr10,30826647,30827603,NO,956
chr6,80779636,80780522,NO,886
chr2,77911354,77912354,NO,1000
chr19,54352236,54353281,NO,1045
chr4,147999850,148001095,NO,1245
chr1,74977510,74979214,NO,1704
chr17,45911274,45913256,NO,1982
chr2,217204122,217205844,NO,1722
chr1,49364503,49364961,NO,458
chr16,1069017,1070327,NO,1310
chr11,47241558,47242759,NO,1201
chr8,19028094,19029655,NO,1561
chr5,33990106,33991725,NO,1619
chr10,72788630,72789807,NO,1177
chr1,53791108,53792812,NO,1704
chr17,13309158,13320101,NO,10943
chr6,170069232,170070325,NO,1093
chr16,19016583,19017807,NO,1224
chr17,66308293,66309366,NO,1073
chr7,105741149,105742100,NO,951
chr18,29664198,29666169,NO,1971
chr5,15007967,15022221,NO,14254
chr10,17008988,17010888,NO,1900
chr4,766424,767486,NO,1062
chr2,71533561,71534715,NO,1154
chr11,46450574,46451090,NO,516
chr20,3358364,3359679,NO,1315
chr1,85086191,85086978,NO,787
chr2,172203122,172204120,NO,998
chr6,5701089,5701999,NO,910
chr2,118678739,118679809,NO,1070
chr14,34965691,34967351,NO,1660
chr11,122954054,122955090,NO,1036
chr10,62569715,62570997,NO,1282
chr11,64321088,64323195,NO,2107
chr11,110019055,110020327,NO,1272
chr17,8576795,8578982,NO,2187
chr15,91450137,91451774,NO,1637
chr9,79771471,79772637,NO,1166
chr12,102318309,102330197,NO,11888
chr6,34677143,34678263,NO,1120
chr11,78452870,78454171,NO,1301
chr4,38133013,38134321,NO,1308
chr15,81360588,81362647,NO,2059
chr10,99366683,99367467,NO,784
chrX,123350665,123352544,NO,1879
chr9,94798428,94799964,NO,1536
chr6,32571747,32578388,NO,6641
chr16,83281373,83283300,NO,1927
chr19,12441931,12443027,NO,1096
chr3,7201392,7203233,NO,1841
chr3,114619388,114622428,NO,3040
chr2,8721279,8733415,NO,12136
chr7,70869612,70889576,NO,19964
chr5,137759746,137761507,NO,1761
chr5,15703916,15705693,NO,1777
chr8,102299774,102313587,NO,13813
chr4,141450082,141451107,NO,1025
chr9,33849717,33852873,NO,3156
chr14,50787073,50788502,NO,1429
chr4,186886344,186887616,NO,1272
chr3,179171802,179173444,NO,1642
chr11,58384631,58395870,NO,11239
chr11,3690344,3691898,NO,1554
chr11,28587750,28588936,NO,1186
chr9,138425506,138427074,NO,1568
chr4,148445290,148447865,NO,2575
chr3,130235315,130236814,NO,1499
chr22,43004441,43005731,NO,1290
chr12,50528133,50529904,NO,1771
chr17,1997878,1999146,NO,1268
chr5,10744539,10745683,NO,1144
chr20,49406492,49408023,NO,1531
chr22,43110294,43111586,NO,1292
chr2,102056132,102057563,NO,1431
chr8,119207626,119208945,NO,1319
chr22,21239357,21240595,NO,1238
chr5,158230004,158233592,NO,3588
chr10,64322611,64324714,NO,2103
chr7,28044854,28045831,NO,977
chr18,74276593,74277917,NO,1324
chr3,112994480,112995789,NO,1309
chr6,21986739,21998393,NO,11654
chr5,137335101,137336759,NO,1658
chr20,8607983,8609143,NO,1160
chr18,74408843,74409909,NO,1066
chr9,35051003,35051682,NO,679
chr18,45665926,45667584,NO,1658
chr2,46087240,46088568,NO,1328
chr3,72846749,72847733,NO,984
chr2,83308192,83309910,NO,1718
chr6,39051914,39053461,NO,1547
chr19,46184366,46185708,NO,1342
chr6,28806302,28807198,NO,896
chr7,20258859,20260338,NO,1479
chr3,89011989,89013437,NO,1448
chr10,29947465,29948939,NO,1474
chr2,121353501,121355913,NO,2412
chr12,26451602,26452732,NO,1130
chr20,52481573,52483835,NO,2262
chr3,57315224,57324765,NO,9541
chr1,86952813,86954102,NO,1289
chr15,79243203,79244594,NO,1391
chr13,36720235,36722053,NO,1818
chr14,72652638,72654014,NO,1376
chr14,63645577,63659506,NO,13929
chr15,31791972,31793499,NO,1527
chr3,51891371,51891759,NO,388
chr2,171829870,171830878,NO,1008
chr11,32109337,32110718,NO,1381
chr1,208220470,208222293,NO,1823
chr10,454796,455968,NO,1172
chr16,67833929,67835036,NO,1107
chr11,95649223,95651068,NO,1845
chr2,64515158,64516542,NO,1384
chr17,4230500,4231641,NO,1141
chr15,85267787,85268952,NO,1165
chr16,14643249,14654362,NO,11113
chr20,56384144,56385594,NO,1450
chr13,21020408,21021809,NO,1401
chr19,23432364,23433448,NO,1084
chr3,187413053,187414464,NO,1411
chr5,153746700,153748518,NO,1818
chr9,137598289,137600105,NO,1816
chr13,27756713,27758126,NO,1413
chr2,217719670,217721231,NO,1561
chr4,58742943,58743801,NO,858
chr7,93811301,93812957,NO,1656
chr7,74460665,74470244,NO,9579
chr16,30539897,30541026,NO,1129
chr17,73860144,73861239,NO,1095
chr6,82378109,82379157,NO,1048
chr5,180049848,180051372,NO,1524
chr4,184940788,184941940,NO,1152
chr9,138833163,138834466,NO,1303
chr6,148914207,148915269,NO,1062
chr2,159455340,159457160,NO,1820
chr15,26639642,26641710,NO,2068
chr17,48238080,48239739,NO,1659
chr16,8834002,8836269,NO,2267
chr2,106627165,106628202,NO,1037
chr15,42763158,42764108,NO,950
chr12,52674168,52675397,NO,1229
chr6,150888552,150890053,NO,1501
chr19,49229491,49230614,NO,1123
chr1,220940837,220942319,NO,1482
chr1,21475851,21476832,NO,981
chr9,106835509,106836819,NO,1310
chr5,71125603,71127066,NO,1463
chr9,111562354,111563702,NO,1348
chr2,45970334,45971520,NO,1186
chr1,205227728,205229523,NO,1795
chr14,103726325,103727463,NO,1138
chr14,33080477,33092378,NO,11901
chr17,61896726,61897734,NO,1008
chr18,72103124,72104587,NO,1463
chr7,29809130,29811041,NO,1911
chr15,43150732,43152065,NO,1333
chr7,23260069,23261174,NO,1105
chr3,107675545,107677331,NO,1786
chr1,201818552,201819728,NO,1176
chr22,40831964,40833636,NO,1672
chr17,43228226,43229653,NO,1427
chrX,38217113,38218773,NO,1660
chr7,55392478,55393955,NO,1477
chr16,14003245,14004108,NO,863
chr1,211715136,211723258,NO,8122
chr10,35805874,35807341,NO,1467
chr7,29126993,29139840,NO,12847
chr15,48893636,48895928,NO,2292
chr7,111570515,111571579,NO,1064
chr2,162358033,162364504,NO,6471
chr6,14476676,14478375,NO,1699
chr11,68576843,68578315,NO,1472
chr8,19502688,19505009,NO,2321
chr19,41075983,41077462,NO,1479
chr1,20334362,20335848,NO,1486
chr15,73809801,73811108,NO,1307
chr5,153902549,153904207,NO,1658
chr15,48703913,48705477,NO,1564
chr21,35573726,35575100,NO,1374
chr2,158898737,158900365,NO,1628
chr14,104171093,104172907,NO,1814
chr11,104905335,104906559,NO,1224
chr7,80179845,80180764,NO,919
chr8,91952622,91953772,NO,1150
chr2,118943116,118944689,NO,1573
chr9,13651375,13652749,NO,1374
chr7,120633441,120637387,NO,3946
chr11,35358328,35359538,NO,1210
chrX,55368627,55369762,NO,1135
chr2,148310907,148312332,NO,1425
chr4,113030423,113031546,NO,1123
chr18,56514131,56515391,NO,1260
chr13,44510893,44512131,NO,1238
chr18,71124585,71126341,NO,1756
chr2,173724434,173726961,NO,2527
chr1,20419412,20421440,NO,2028
chr19,22397908,22398796,NO,888
chr12,122362302,122363749,NO,1447
chr11,3443068,3444287,NO,1219
chr13,114070096,114071019,NO,923
chr9,130544936,130546456,NO,1520
chr16,81763635,81764802,NO,1167
chr2,109999023,110000595,NO,1572
chr11,74431687,74432959,NO,1272
chr12,50143746,50145065,NO,1319
chr16,11698520,11699562,NO,1042
chr7,129648826,129662648,NO,13822
chr17,53653888,53655141,NO,1253
chr11,94610042,94611309,NO,1267
chr22,38412850,38414370,NO,1520
chr11,115233568,115237047,NO,3479
chr12,19698729,19700397,NO,1668
chr4,100123349,100124643,NO,1294
chr4,148079034,148079975,NO,941
chr20,19715110,19716716,NO,1606
chr15,71121770,71127099,NO,5329
chr5,66968436,66970264,NO,1828
chr17,33787237,33787967,NO,730
chr12,63077122,63078869,NO,1747
chr8,80939299,80940302,NO,1003
chr8,121254506,121256473,NO,1967
chr14,105929076,105930673,NO,1597
chr6,90192656,90193620,NO,964
chr15,44245947,44247147,NO,1200
chr21,46431927,46439691,NO,7764
chr9,7315746,7317650,NO,1904
chr9,95075180,95076406,NO,1226
chr4,71761028,71762695,NO,1667
chr10,50433066,50434199,NO,1133
chrX,114579160,114580648,NO,1488
chr12,39834244,39835459,NO,1215
chr12,13128513,13133403,NO,4890
chr16,85355151,85356403,NO,1252
chr14,50830121,50831007,NO,886
chr6,15359061,15360093,NO,1032
chr2,143584743,143585224,NO,481
chr17,17777749,17779072,NO,1323
chr17,27531050,27531745,NO,695
chr20,50348198,50349301,NO,1103
chr1,178922213,178923563,NO,1350
chr1,118840832,118846185,NO,5353
chr9,99107006,99108471,NO,1465
chr2,97435316,97436590,NO,1274
chr6,139539924,139541245,NO,1321
chr16,11390794,11392239,NO,1445
chr10,20292790,20293632,NO,842
chr8,95561157,95562650,NO,1493
chr12,104135829,104136707,NO,878
chr3,184762906,184764526,NO,1620
chr1,229698648,229700081,NO,1433
chr1,203963734,203965527,NO,1793
chr8,145683804,145686058,NO,2254
chr22,42839714,42841118,NO,1404
chrX,1457910,1459742,NO,1832
chr12,52348209,52349301,NO,1092
chr1,88928234,88929081,NO,847
chr11,110233678,110237649,NO,3971
chr2,15777634,15780747,NO,3113
chr1,212629209,212630477,NO,1268
chr15,25590194,25591902,NO,1708
chr10,1031406,1032749,NO,1343
chr20,10786119,10787387,NO,1268
chr2,62241102,62242361,NO,1259
chr10,60897423,60898291,NO,868
chr3,188148965,188157570,NO,8605
chr17,48252367,48253875,NO,1508
chr5,136899115,136900566,NO,1451
chr11,44160989,44162300,NO,1311
chr7,49747971,49754327,NO,6356
chr17,2885638,2887020,NO,1382
chr6,140099039,140100495,NO,1456
chr1,23709906,23711274,NO,1368
chr2,62192878,62198544,NO,5666
chr9,20284814,20286025,NO,1211
chr19,7897375,7898773,NO,1398
chr19,49630776,49631974,NO,1198
chr6,4253359,4254879,NO,1520
chr5,32767857,32769150,NO,1293
chr19,42870464,42871505,NO,1041
chr1,204167349,204168712,NO,1363
chr4,64214935,64215932,NO,997
chr14,105760049,105760938,NO,889
chr18,61549670,61550684,NO,1014
chr14,102916532,102917576,NO,1044
chr20,41529830,41531439,NO,1609
chr6,16523384,16524757,NO,1373
chrX,49165102,49166358,NO,1256
chrX,23093580,23094182,NO,602
chrX,24381174,24382962,NO,1788
chr4,1883717,1885225,NO,1508
chr2,46889902,46891486,NO,1584
chr17,16492206,16493087,NO,881
chr10,97552322,97553698,NO,1376
chr16,69960184,69961793,NO,1609
chr15,56334865,56335874,NO,1009
chr11,85658073,85667090,NO,9017
chr2,218143772,218155159,NO,11387
chr17,4004123,4005060,NO,937
chr3,69249478,69250470,NO,992
chr15,69582510,69583805,NO,1295
chr21,46453648,46454912,NO,1264
chr16,19745957,19747398,NO,1441
chr4,17167752,17169287,NO,1535
chr1,59892510,59893733,NO,1223
chr13,40487477,40489219,NO,1742
chr15,89006465,89008318,NO,1853
chr18,22493287,22494648,NO,1361
chr14,56050329,56051378,NO,1049
chr14,25243382,25244441,NO,1059
chr5,167125931,167127696,NO,1765
chr1,206748672,206750091,NO,1419
chr10,6763150,6764852,NO,1702
chrX,18191114,18192610,NO,1496
chr14,91839119,91840636,NO,1517
chr15,38689343,38691234,NO,1891
chr14,100533643,100535463,NO,1820
chr12,9852098,9853577,NO,1479
chrX,44173349,44174346,NO,997
chr9,130604876,130605819,NO,943
chr4,83301448,83302796,NO,1348
chr4,124509117,124521587,NO,12470
chr6,166008123,166009168,NO,1045
chr5,168526384,168527915,NO,1531
chr7,23372885,23374665,NO,1780
chr2,173344192,173346135,NO,1943
chr5,178782656,178783884,NO,1228
chr10,78156610,78157890,NO,1280
chr17,57567365,57568245,NO,880
chr9,6106684,6107554,NO,870
chr11,22829804,22830915,NO,1111
chr12,122276917,122278344,NO,1427
chr4,186546741,186548554,NO,1813
chr5,127038245,127041646,NO,3401
chr15,74034837,74045858,NO,11021
chr3,70938269,70939007,NO,738
chr4,41634408,41636049,NO,1641
chr9,102873181,102874402,NO,1221
chr21,34732901,34734074,NO,1173
chr10,129678445,129680000,NO,1555
chr8,13264168,13265479,NO,1311
chr3,123430519,123431959,NO,1440
chrX,40936079,40936688,NO,609
chr10,76649114,76650559,NO,1445
chr13,33044604,33046264,NO,1660
chr11,8625470,8626605,NO,1135
chr6,151134372,151135391,NO,1019
chr5,41526618,41528259,NO,1641
chr21,46128462,46130547,NO,2085
chr1,60134682,60136333,NO,1651
chr20,31020721,31021822,NO,1101
chr4,124426480,124427641,NO,1161
chr12,2691699,2693230,NO,1531
chr5,102245635,102246901,NO,1266
chr5,157979537,157981453,NO,1916
chr10,61070240,61078727,NO,8487
chr17,8974083,8975544,NO,1461
chr8,29316545,29317371,NO,826
chr7,38219116,38225592,NO,6476
chr3,43518930,43520116,NO,1186
chr6,159030788,159033011,NO,2223
chr7,5613616,5615298,NO,1682
chr10,127729705,127731270,NO,1565
chr4,68583372,68583967,NO,595
chr9,130528225,130528979,NO,754
chr6,2818053,2819757,NO,1704
chr15,25788140,25789106,NO,966
chr1,28486834,28487844,NO,1010
chr5,136145662,136147077,NO,1415
chr14,45736547,45737445,NO,898
chr7,16804381,16805411,NO,1030
chr17,66085684,66086627,NO,943
chr15,75019911,75020724,NO,813
chr5,108386731,108388389,NO,1658
chr10,29632556,29634132,NO,1576
chrX,45918572,45919173,NO,601
chr2,189802367,189805372,NO,3005
chr16,63475762,63476588,NO,826
chr1,175189692,175191078,NO,1386
chr2,129510247,129512452,NO,2205
chr3,99366396,99378424,NO,12028
chr7,47445105,47446806,NO,1701
chr6,119467880,119469305,NO,1425
chr12,56019448,56020833,NO,1385
chr1,42928176,42929695,NO,1519
chr2,196977865,196979032,NO,1167
chr5,43553696,43554648,NO,952
chr7,113552511,113554326,NO,1815
chr20,42285652,42286814,NO,1162
chr20,6684373,6685204,NO,831
chr11,14102778,14103797,NO,1019
chr6,33164643,33166464,NO,1821
chr18,8176213,8177078,NO,865
chr4,73177622,73179321,NO,1699
chr2,66782412,66783239,NO,827
chr1,94824234,94825201,NO,967
chr8,19436013,19438031,NO,2018
chr9,136579812,136581625,NO,1813
chr11,122310030,122311640,NO,1610
chr15,43460501,43461573,NO,1072
chr2,26521213,26522874,NO,1661
chr5,92414033,92415197,NO,1164
chr18,75077696,75079332,NO,1636
chr17,72375541,72383595,NO,8054
chr2,98626486,98627919,NO,1433
chr18,32536890,32537744,NO,854
chr10,47395737,47396646,NO,909
chr17,55129027,55132078,NO,3051
chr13,24693452,24699761,NO,6309
chr13,24553321,24554668,NO,1347
chr1,159720904,159722295,NO,1391
chr1,11297037,11298217,NO,1180
chr7,102535285,102536854,NO,1569
chr10,29814289,29815320,NO,1031
chr17,41533598,41535582,NO,1984
chr1,100995402,100997706,NO,2304
chr4,148283020,148284187,NO,1167
chr2,128333477,128334810,NO,1333
chr16,20450582,20452324,NO,1742
chr2,33102246,33103733,NO,1487
chr8,58658466,58661228,NO,2762
chr1,224179899,224180981,NO,1082
chr5,55911399,55913094,NO,1695
chr11,10718123,10719567,NO,1444
chr6,34774371,34775678,NO,1307
chr7,70033738,70034947,NO,1209
chr14,60864282,60865034,NO,752
chr15,36649140,36650585,NO,1445
chr6,146139427,146140428,NO,1001
chr5,34563777,34565630,NO,1853
chr4,26360944,26361533,NO,589
chr7,2755534,2757617,NO,2083
chr9,106853597,106854799,NO,1202
chr2,161432192,161440950,NO,8758
chr9,97757109,97757970,NO,861
chr1,179098724,179103963,NO,5239
chr5,41794132,41795749,NO,1617
chr16,72090974,72091746,NO,772
chr12,69284067,69286125,NO,2058
chr3,53840186,53841923,NO,1737
chr12,69824510,69826181,NO,1671
chr4,187869590,187870709,NO,1119
chr5,58592393,58595374,NO,2981
chr20,53869030,53870297,NO,1267
chr7,80579524,80580382,NO,858
chr4,39707905,39709259,NO,1354
chr1,68758805,68760007,NO,1202
chrX,100249036,100250641,NO,1605
chr5,156472427,156473938,NO,1511
chr14,100085632,100087438,NO,1806
chr2,106172833,106174356,NO,1523
chr8,108649174,108650219,NO,1045
chr1,210484400,210485916,NO,1516
chr7,70663287,70664383,NO,1096
chr10,114887994,114889441,NO,1447
chr4,26788871,26790103,NO,1232
chr6,152415633,152417159,NO,1526
chr8,12900259,12901599,NO,1340
chr11,57702744,57704793,NO,2049
chr1,230817690,230819268,NO,1578
chr3,170331806,170332874,NO,1068
chr3,24414120,24415471,NO,1351
chr3,135860326,135862229,NO,1903
chr9,135472027,135473733,NO,1706
chr7,44153456,44154913,NO,1457
chr3,48856990,48858841,NO,1851
chr1,7208899,7210373,NO,1474
chr1,61085070,61086663,NO,1593
chr10,50742651,50743749,NO,1098
chrX,118323758,118324881,NO,1123
chr13,81122171,81127563,NO,5392
chr20,11210200,11211146,NO,946
chr10,62587478,62588517,NO,1039
chr11,8177868,8179286,NO,1418
chr2,38143414,38144553,NO,1139
chrX,152200957,152201701,NO,744
chr7,29161630,29162695,NO,1065
chr13,49466102,49467356,NO,1254
chr2,174454626,174455712,NO,1086
chr1,174166318,174176903,NO,10585
chr9,97764843,97765900,NO,1057
chr11,47260132,47261907,NO,1775
chr16,49146120,49147198,NO,1078
chr16,63614601,63615678,NO,1077
chr11,1524015,1525684,NO,1669
chr22,20286990,20288880,NO,1890
chr8,82128206,82142834,NO,14628
chr2,192890311,192891515,NO,1204
chr14,90919455,90921130,NO,1675
chr11,89112439,89113854,NO,1415
chr7,44485192,44486405,NO,1213
chr10,112369051,112370468,NO,1417
chr4,2747241,2748862,NO,1621
chr17,79425644,79427034,NO,1390
chr12,27769142,27772282,NO,3140
chr11,77463104,77464249,NO,1145
chr2,114433114,114434714,NO,1600
chr13,26997852,26999529,NO,1677
chr15,74448871,74450587,NO,1716
chr2,122457089,122458695,NO,1606
chr10,98330933,98342064,NO,11131
chr18,42304924,42306276,NO,1352
chr17,33323889,33330469,NO,6580
chr2,145764681,145765930,NO,1249
chr8,86524143,86525103,NO,960
chr8,88378398,88379199,NO,801
chr6,105152288,105153749,NO,1461
chr13,98868117,98869043,NO,926
chr5,155132992,155134253,NO,1261
chr17,44116069,44117510,NO,1441
chr11,94371365,94372959,NO,1594
chr13,40886631,40887986,NO,1355
chr10,63589842,63591364,NO,1522
chr8,59308719,59310070,NO,1351
chr12,42607670,42608686,NO,1016
chr4,16225414,16226652,NO,1238
chr7,150834030,150836624,NO,2594
chr3,49275477,49276610,NO,1133
chr1,36672520,36673514,NO,994
chr13,45444315,45445503,NO,1188
chr2,178146350,178148055,NO,1705
chr18,25547894,25548818,NO,924
chr7,81946436,81949521,NO,3085
chr4,186123005,186124046,NO,1041
chr13,31884379,31885360,NO,981
chr2,72921791,72924003,NO,2212
chr22,39662156,39663423,NO,1267
chr14,81985072,81986534,NO,1462
chr21,30449342,30450433,NO,1091
chr11,119133182,119134476,NO,1294
chr5,138720103,138721374,NO,1271
chr22,33887852,33889239,NO,1387
chr6,13578782,13579523,NO,741
chr10,65274716,65275700,NO,984
chr12,21704606,21705419,NO,813
chr14,58747746,58748772,NO,1026
chr9,19154074,19162439,NO,8365
chr12,19426321,19427233,NO,912
chr19,1880118,1881385,NO,1267
chr10,74016550,74017548,NO,998
chr2,240122359,240124074,NO,1715
chr19,3936216,3937421,NO,1205
chr8,121094990,121095917,NO,927
chr3,23500902,23502244,NO,1342
chr7,27496663,27499318,NO,2655
chr8,131161718,131162622,NO,904
chr6,129689048,129690835,NO,1787
chr9,124638518,124639809,NO,1291
chr11,43852168,43853444,NO,1276
chr12,81223660,81232891,NO,9231
chr9,35735945,35737640,NO,1695
chr16,73052897,73054281,NO,1384
chr10,37090916,37092250,NO,1334
chr9,108004467,108005897,NO,1430
chr5,154103145,154104088,NO,943
chr5,123779604,123780610,NO,1006
chr13,25556123,25557877,NO,1754
chr3,185482032,185483012,NO,980
chr20,8881505,8882646,NO,1141
chr4,40787717,40788333,NO,616
chr3,194784417,194786238,NO,1821
chr6,105962106,105963546,NO,1440
chr9,109517689,109518800,NO,1111
chr4,7157370,7158918,NO,1548
chr18,38017170,38018432,NO,1262
chrX,73642043,73643320,NO,1277
chr2,197431380,197432470,NO,1090
chr7,130718776,130725685,NO,6909
chr9,128437297,128438381,NO,1084
chr5,133153163,133154585,NO,1422
chr16,15904934,15906141,NO,1207
chr10,135202254,135203668,NO,1414
chr2,169972373,169973812,NO,1439
chr6,32440931,32442156,NO,1225
chr1,61767314,61768183,NO,869
chr7,44216954,44218111,NO,1157
chr2,178544137,178545344,NO,1207
chr3,126247205,126248919,NO,1714
chr5,171382002,171384877,NO,2875
chr2,161368496,161369374,NO,878
chr5,153051301,153052995,NO,1694
chr9,80636395,80637401,NO,1006
chr2,40408749,40411035,NO,2286
chr11,10118470,10120005,NO,1535
chr10,10335404,10336578,NO,1174
chr15,41768666,41769779,NO,1113
chrX,131614354,131615202,NO,848
chr14,101586064,101588218,NO,2154
chr15,25178242,25179262,NO,1020
chr1,165393614,165394716,NO,1102
chr8,8402343,8407090,NO,4747
chr18,54125696,54127045,NO,1349
chr3,128479758,128481731,NO,1973
chr5,115827768,115829121,NO,1353
chr16,3803574,3804630,NO,1056
chr6,25121688,25123528,NO,1840
chr2,213930397,213931472,NO,1075
chr20,33332419,33333569,NO,1150
chr1,160320792,160322226,NO,1434
chr11,70165609,70173572,NO,7963
chr12,32812730,32814020,NO,1290
chr19,34723204,34724587,NO,1383
chr13,30831412,30832367,NO,955
chr19,20847745,20848769,NO,1024
chr21,33250840,33252217,NO,1377
chrX,48747993,48749688,NO,1695
chr7,96017850,96018812,NO,962
chr1,40417865,40418892,NO,1027
chrX,66807668,66808841,NO,1173
chr6,140783863,140784945,NO,1082
chr3,57185907,57195891,NO,9984
chr3,188571892,188573431,NO,1539
chr7,123359167,123360219,NO,1052
chr9,99745893,99757712,NO,11819
chr6,35048892,35050396,NO,1504
chr2,86411639,86413436,NO,1797
chr8,144772631,144774222,NO,1591
chr6,140331422,140333133,NO,1711
chr18,24637299,24638906,NO,1607
chr1,120284475,120285810,NO,1335
chr10,87783173,87784879,NO,1706
chr3,72347152,72348264,NO,1112
chr5,71436768,71438442,NO,1674
chr10,29831537,29833195,NO,1658
chr8,94614959,94617026,NO,2067
chr18,20012328,20013534,NO,1206
chr4,76922816,76924518,NO,1702
chr6,151767125,151768069,NO,944
chr15,90443667,90444966,NO,1299
chr16,66694539,66695469,NO,930
chr6,135118331,135119629,NO,1298
chr15,76868771,76870371,NO,1600
chr1,181972797,181974095,NO,1298
chr2,151496544,151502073,NO,5529
chr6,80380280,80382037,NO,1757
chr16,68260921,68262222,NO,1301
chr10,87078576,87080291,NO,1715
chr6,151605698,151608210,NO,2512
chr11,31961591,31962626,NO,1035
chr3,46138698,46139954,NO,1256
chr2,217328700,217329505,NO,805
chr7,46939580,46941280,NO,1700
chr15,31555521,31556908,NO,1387
chr12,121497765,121498749,NO,984
chr3,186606260,186607424,NO,1164
chr17,55887295,55888915,NO,1620
chr6,170054350,170055707,NO,1357
chr12,94367728,94373116,NO,5388
chr17,56123595,56124740,NO,1145
chrX,39719093,39720327,NO,1234
chr7,2527113,2528641,NO,1528
chr9,35770497,35771727,NO,1230
chr6,164490044,164491120,NO,1076
chr17,27300004,27309637,NO,9633
chr1,24763901,24765386,NO,1485
chr5,141721495,141722758,NO,1263
chr12,55808251,55809060,NO,809
chr3,4459459,4460681,NO,1222
chr3,123205474,123208577,NO,3103
chr6,144756432,144757467,NO,1035
chr1,168211774,168213389,NO,1615
chr1,62511039,62516504,NO,5465
chr14,91871350,91873090,NO,1740
chr6,36034972,36036258,NO,1286
chr12,51787322,51788718,NO,1396
chr11,75186136,75187618,NO,1482
chr13,114863774,114865218,NO,1444
chr10,53638295,53639896,NO,1601
chr3,49942925,49944378,NO,1453
chr19,13990942,13992020,NO,1078
chr1,183515015,183522140,NO,7125
chr6,22141199,22142175,NO,976
chr3,17593634,17595058,NO,1424
chr7,35793293,35794744,NO,1451
chr3,106982336,106983264,NO,928
chr18,46413467,46415061,NO,1594
chr6,137425656,137426783,NO,1127
chr8,81838391,81839329,NO,938
chr6,122093342,122094809,NO,1467
chr2,173849737,173850698,NO,961
chr13,52164784,52165842,NO,1058
chr15,74130794,74131935,NO,1141
chr13,69558788,69559430,NO,642
chr4,71503015,71503872,NO,857
chr17,20492074,20493086,NO,1012
chr12,26939679,26940924,NO,1245
chr1,36629491,36630740,NO,1249
chr18,13584329,13585559,NO,1230
chr4,42572078,42572893,NO,815
chr3,59591816,59593360,NO,1544
chr1,28115734,28116892,NO,1158
chr7,74776170,74786263,NO,10093
chr8,124683372,124684431,NO,1059
chr16,50127024,50128541,NO,1517
chr10,29934947,29936145,NO,1198
chr3,32000858,32002192,NO,1334
chr18,45996576,45997773,NO,1197
chr13,113981637,113982762,NO,1125
chr13,31189537,31190514,NO,977
chr20,36926776,36927978,NO,1202
chr5,40622794,40623761,NO,967
chr3,129979641,129980569,NO,928
chr2,97484161,97485888,NO,1727
chr1,177177816,177178965,NO,1149
chr3,178898619,178900662,NO,2043
chr4,78979620,78980873,NO,1253
chr11,49349109,49350238,NO,1129
chr1,204950403,204951465,NO,1062
chrX,10165100,10166460,NO,1360
chr2,219138379,219140129,NO,1750
chr17,12526244,12527249,NO,1005
chr10,75608016,75609245,NO,1229
chr12,70395980,70397057,NO,1077
chr1,19482438,19484734,NO,2296
chr7,74835395,74838383,NO,2988
chr8,27729111,27730771,NO,1660
chr20,56573977,56575197,NO,1220
chr16,58351139,58352419,NO,1280
chr15,37188863,37189722,NO,859
chr1,221271214,221272570,NO,1356
chr10,55163045,55164435,NO,1390
chr19,13318143,13319961,NO,1818
chr9,35743916,35745116,NO,1200
chr14,76002316,76002997,NO,681
chr20,5746421,5747590,NO,1169
chr2,218112326,218126808,NO,14482
chr2,120050742,120064210,NO,13468
chr14,104624526,104651857,NO,27331
chr12,25388714,25389527,NO,813
chr14,78123474,78130632,NO,7158
chr17,71224879,71225827,NO,948
chr20,50368433,50369644,NO,1211
chr17,66258453,66259456,NO,1003
chr6,155143922,155145009,NO,1087
chr7,105876115,105880410,NO,4295
chr15,90379343,90380770,NO,1427
chr1,35971370,35972581,NO,1211
chr2,179136461,179137844,NO,1383
chr15,91223186,91224902,NO,1716
chr4,7238771,7240589,NO,1818
chr15,57104220,57107668,NO,3448
chr1,67858710,67859933,NO,1223
chr3,187923232,187924642,NO,1410
chr9,116765794,116767359,NO,1565
chr8,108614293,108626989,NO,12696
chr2,128710613,128711978,NO,1365
chr2,8869949,8871011,NO,1062
chr16,64321674,64322541,NO,867
chr10,99806658,99807937,NO,1279
chr15,74316976,74318516,NO,1540
chr17,42949125,42950321,NO,1196
chr6,107881316,107882485,NO,1169
chr8,101521754,101523201,NO,1447
chr7,76094375,76095800,NO,1425
chr9,112322639,112323616,NO,977
chr10,15237796,15243644,NO,5848
chr20,48340876,48342016,NO,1140
chr15,32132856,32134116,NO,1260
chr3,122767457,122768335,NO,878
chr18,7973969,7978449,NO,4480
chr14,73992677,73993906,NO,1229
chr8,61990088,61991227,NO,1139
chr22,39616888,39618333,NO,1445
chr6,72261101,72261919,NO,818
chr6,118786307,118795101,NO,8794
chr20,33548209,33549080,NO,871
chr10,135178017,135179499,NO,1482
chr15,39420171,39421078,NO,907
chr18,8468365,8470014,NO,1649
chr11,132933808,132935066,NO,1258
chr11,19617498,19618505,NO,1007
chr1,224392382,224399536,NO,7154
chr20,33955556,33957354,NO,1798
chr1,53123863,53125447,NO,1584
chr10,133878148,133880049,NO,1901
chr12,56138473,56140569,NO,2096
chr8,26932403,26933681,NO,1278
chr10,35480339,35481404,NO,1065
chr4,153164713,153166079,NO,1366
chr1,176901638,176902707,NO,1069
chr19,16809566,16813425,NO,3859
chr6,152664874,152676803,NO,11929
chr8,57390493,57390958,NO,465
chr11,109939395,109940581,NO,1186
chr15,85246037,85247117,NO,1080
chr10,90760823,90762402,NO,1579
chrX,129090989,129092010,NO,1021
chr11,72796278,72807060,NO,10782
chr5,106855504,106856586,NO,1082
chr10,105553858,105555000,NO,1142
chr13,60105343,60106224,NO,881
chr1,226021964,226023095,NO,1131
chr8,42188388,42189411,NO,1023
chr7,75640496,75641607,NO,1111
chr12,98557291,98558375,NO,1084
chr9,15232435,15233244,NO,809
chr15,100208721,100209847,NO,1126
chr4,123718354,123719667,NO,1313
chr3,149778836,149779946,NO,1110
chr17,73056332,73057140,NO,808
chr16,83028806,83030106,NO,1300
chr18,4124635,4126224,NO,1589
chr8,125380203,125381295,NO,1092
chr12,65693825,65701135,NO,7310
chr6,17830780,17832337,NO,1557
chr2,45935922,45937046,NO,1124
chr6,16414271,16415181,NO,910
chr12,95729647,95730649,NO,1002
chr7,48031081,48032035,NO,954
chr5,72156258,72167785,NO,11527
chr20,47424059,47425257,NO,1198
chr16,68301268,68302470,NO,1202
chrX,33059273,33059793,NO,520
chr1,17012392,17012777,NO,385
chr22,18089249,18090708,NO,1459
chr1,109980802,109981756,NO,954
chrX,135607547,135608244,NO,697
chr18,3256696,3257811,NO,1115
chr12,111176006,111177119,NO,1113
chr5,176754474,176755603,NO,1129
chr4,6660100,6660941,NO,841
chr13,78470587,78471694,NO,1107
chr17,1791543,1792660,NO,1117
chr1,45412478,45413814,NO,1336
chr10,30072934,30073810,NO,876
chr1,60749029,60750281,NO,1252
chr5,116470791,116472582,NO,1791
chr13,74862344,74876360,NO,14016
chr13,113663724,113678564,NO,14840
chr8,141346921,141348204,NO,1283
chr7,114648370,114649210,NO,840
chr5,43683013,43684831,NO,1818
chr12,113508902,113510019,NO,1117
chr19,45748153,45749480,NO,1327
chr14,63919471,63920868,NO,1397
chr5,116123731,116126250,NO,2519
chr3,126700824,126702101,NO,1277
chr2,36712185,36714070,NO,1885
chr1,68849508,68850848,NO,1340
chr14,92384169,92386545,NO,2376
chr6,166024532,166030111,NO,5579
chr2,237780072,237781195,NO,1123
chr8,26557444,26558930,NO,1486
chr4,38530539,38531803,NO,1264
chr17,21934566,21935374,NO,808
chr8,37900872,37902905,NO,2033
chr9,92333089,92334942,NO,1853
chr14,24013667,24015418,NO,1751
chr12,104559821,104572464,NO,12643
chr5,131438694,131439917,NO,1223
chr10,77422581,77423880,NO,1299
chr10,58345451,58346363,NO,912
chr19,49973006,49973913,NO,907
chr6,5968891,5970045,NO,1154
chr1,38380193,38381342,NO,1149
chr3,105624962,105626203,NO,1241
chr5,179757965,179759281,NO,1316
chr7,92394963,92396160,NO,1197
chr2,33589308,33590857,NO,1549
chr11,34653301,34654715,NO,1414
chr6,136259927,136261134,NO,1207
chr3,11475485,11476524,NO,1039
chr9,89409645,89410653,NO,1008
chr10,25350725,25351828,NO,1103
chr18,43795662,43800368,NO,4706
chr6,72121932,72127218,NO,5286
chr1,154549747,154551555,NO,1808
chr1,220473496,220474571,NO,1075
chr12,13052704,13055191,NO,2487
chr9,5582784,5583819,NO,1035
chr22,22751066,22752574,NO,1508
chr7,33003006,33004903,NO,1897
chr9,96066564,96068688,NO,2124
chr2,114542230,114543559,NO,1329
chr5,90530325,90540863,NO,10538
chr5,32056281,32057267,NO,986
chr8,106102160,106103391,NO,1231
chr2,198080451,198081781,NO,1330
chr15,87405972,87407144,NO,1172
chr9,74292371,74293647,NO,1276
chr5,96145350,96146483,NO,1133
chr20,24007480,24008726,NO,1246
chr2,48094182,48096856,NO,2674
chr2,25285042,25287369,NO,2327
chr14,23531081,23532276,NO,1195
chr8,79522789,79523591,NO,802
chr14,81671759,81673196,NO,1437
chr1,115293382,115295175,NO,1793
chr17,78002619,78004355,NO,1736
chr5,102293956,102295154,NO,1198
chr3,58081269,58082292,NO,1023
chr10,18433162,18435130,NO,1968
chr6,133756091,133757118,NO,1027
chr3,160888173,160889305,NO,1132
chr3,73390369,73401413,NO,11044
chr1,1499156,1500359,NO,1203
chr6,14921309,14922339,NO,1030
chr10,4909188,4910729,NO,1541
chr1,147482829,147484286,NO,1457
chr10,65519815,65521465,NO,1650
chr14,64389701,64395270,NO,5569
chr2,216714938,216716232,NO,1294
chr10,36476416,36477683,NO,1267
chr13,80614869,80623354,NO,8485
chr2,191400121,191401622,NO,1501
chr10,81686445,81687366,NO,921
chr8,96111660,96113567,NO,1907
chr3,197679808,197681406,NO,1598
chr8,103091924,103093273,NO,1349
chr3,18485842,18486869,NO,1027
chr3,25192236,25193170,NO,934
chr7,130915763,130916598,NO,835
chr12,116061054,116063030,NO,1976
chr9,99270750,99271695,NO,945
chr2,236768100,236768996,NO,896
chr15,75912600,75914048,NO,1448
chr12,1052083,1052962,NO,879
chr10,79595035,79607562,NO,12527
chr6,132511524,132524151,NO,12627
chr16,66467204,66468117,NO,913
chr8,141800974,141809989,NO,9015
chr18,3177649,3178898,NO,1249
chr4,15452844,15457148,NO,4304
chr13,27358516,27360414,NO,1898
chr15,79198098,79199543,NO,1445
chr10,45720191,45720766,NO,575
chr17,17714755,17716394,NO,1639
chr10,28108322,28109478,NO,1156
chr13,45293956,45294866,NO,910
chr2,61607281,61608262,NO,981
chr10,85302286,85303357,NO,1071
chr2,170592132,170594106,NO,1974
chr16,8716926,8718207,NO,1281
chr5,95046823,95048552,NO,1729
chr4,143239861,143252899,NO,13038
chr1,166894543,166895871,NO,1328
chr4,166706906,166709095,NO,2189
chr18,18632865,18633958,NO,1093
chr18,45598753,45600431,NO,1678
chr19,17523457,17524837,NO,1380
chrX,102985150,102986477,NO,1327
chr3,41143830,41145227,NO,1397
chr7,148660727,148661994,NO,1267
chr2,221968571,221969871,NO,1300
chr4,43900715,43901275,NO,560
chr14,89630277,89632131,NO,1854
chr9,95226216,95227070,NO,854
chr4,8068821,8070251,NO,1430
chr3,177995074,177996038,NO,964
chr8,22560621,22561750,NO,1129
chr7,131719446,131721116,NO,1670
chr19,13975039,13976107,NO,1068
chr5,72232895,72234482,NO,1587
chr6,147091310,147092496,NO,1186
chr3,130790815,130792047,NO,1232
chr4,119394999,119407296,NO,12297
chrX,11444907,11446153,NO,1246
chr1,216859738,216861165,NO,1427
chr15,71234287,71236578,NO,2291
chr3,113810808,113811971,NO,1163
chr5,98368378,98369721,NO,1343
chr2,47181889,47195920,NO,14031
chr2,169346397,169347849,NO,1452
chr21,43591131,43592073,NO,942
chr3,111481580,111488133,NO,6553
chr6,9516650,9517212,NO,562
chr10,80502009,80517845,NO,15836
chr19,49959441,49960219,NO,778
chr1,1014663,1015731,NO,1068
chr19,7276237,7290660,NO,14423
chr19,53088017,53089027,NO,1010
chr15,51400838,51402408,NO,1570
chr4,45122767,45124023,NO,1256
chr13,30421411,30422407,NO,996
chr4,83754681,83755925,NO,1244
chr5,147848742,147852492,NO,3750
chr7,30265272,30266523,NO,1251
chr15,82424538,82425834,NO,1296
chr10,4745430,4746854,NO,1424
chr14,91723427,91724612,NO,1185
chr4,79612415,79614369,NO,1954
chr12,1583042,1584209,NO,1167
chr21,27339896,27343511,NO,3615
chr1,221203008,221209238,NO,6230
chrX,18851031,18851998,NO,967
chr3,75363214,75364724,NO,1510
chr13,80510215,80511267,NO,1052
chr1,224618245,224619621,NO,1376
chr11,73069651,73071797,NO,2146
chr18,72572807,72573513,NO,706
chr1,59669458,59670349,NO,891
chr1,21348746,21349670,NO,924
chr6,25971001,25972482,NO,1481
chr6,141581896,141583145,NO,1249
chr3,187921544,187922866,NO,1322
chr12,88718542,88719630,NO,1088
chr5,95070414,95071331,NO,917
chr8,95167472,95169097,NO,1625
chr12,3852636,3854013,NO,1377
chr22,27508531,27510008,NO,1477
chr4,174911669,174912564,NO,895
chr12,32119107,32120308,NO,1201
chr2,163117778,163118411,NO,633
chr15,45678436,45679312,NO,876
chr12,110029878,110031358,NO,1480
chr10,95892925,95893857,NO,932
chr5,111911615,111913036,NO,1421
chr10,44539671,44541307,NO,1636
chr8,37548426,37549791,NO,1365
chr17,54913882,54914563,NO,681
chr18,12678985,12680131,NO,1146
chr4,9692691,9693626,NO,935
chr6,69349489,69350896,NO,1407
chr4,157758895,157759751,NO,856
chr7,69240134,69241145,NO,1011
chr19,11404119,11405271,NO,1152
chr2,218468867,218470331,NO,1464
chr22,43069587,43070642,NO,1055
chr6,113339711,113340934,NO,1223
chr5,32144535,32145598,NO,1063
chr7,17315236,17329112,NO,13876
chr6,151202843,151203856,NO,1013
chr3,159647029,159648123,NO,1094
chr7,113356006,113357078,NO,1072
chrX,11359754,11370021,NO,10267
chr9,78046387,78048714,NO,2327
chr15,29285042,29286423,NO,1381
chr2,134706412,134707684,NO,1272
chr12,110197489,110198717,NO,1228
chr12,63211280,63212304,NO,1024
chr4,1521639,1522478,NO,839
chrX,100793881,100794535,NO,654
chr9,75746934,75747683,NO,749
chr11,72638056,72639076,NO,1020
chr6,159391730,159392883,NO,1153
chr2,240859004,240860460,NO,1456
chr16,85693312,85694058,NO,746
chr1,110805122,110807230,NO,2108
chr1,226221409,226222876,NO,1467
chr6,19180641,19181605,NO,964
chr16,54896034,54897005,NO,971
chr6,98042069,98043425,NO,1356
chr8,88446253,88447715,NO,1462
chr9,105628817,105630241,NO,1424
chr7,54904325,54905209,NO,884
chr1,232567857,232568783,NO,926
chr17,65602388,65603760,NO,1372
chr17,27087629,27088908,NO,1279
chr2,129062183,129063755,NO,1572
chr1,110777418,110779049,NO,1631
chr4,148928179,148939577,NO,11398
chr13,40466958,40468407,NO,1449
chr2,174313561,174314246,NO,685
chr7,129110081,129111410,NO,1329
chr1,232278027,232279130,NO,1103
chr13,33666101,33667609,NO,1508
chr1,22357662,22367049,NO,9387
chr11,9274058,9275522,NO,1464
chr8,18174617,18176108,NO,1491
chr2,173149450,173150814,NO,1364
chr13,50150846,50151978,NO,1132
chr5,146845687,146846860,NO,1173
chr10,32097360,32097842,NO,482
chr11,94391748,94392650,NO,902
chr7,29904502,29905448,NO,946
chr14,39771130,39772022,NO,892
chr18,11872508,11873326,NO,818
chr5,136328098,136330157,NO,2059
chr16,14441227,14442256,NO,1029
chr20,4906277,4907748,NO,1471
chr8,93585794,93596559,NO,10765
chr2,24881348,24882200,NO,852
chr7,157215874,157217274,NO,1400
chr21,29483203,29484097,NO,894
chrX,18998994,18999890,NO,896
chr2,129135903,129137564,NO,1661
chr1,25794516,25795318,NO,802
chr11,64738762,64740255,NO,1493
chr15,41311527,41317033,NO,5506
chr9,129545993,129547224,NO,1231
chr12,28923299,28924231,NO,932
chr2,53474893,53476428,NO,1535
chr12,93929919,93931377,NO,1458
chr2,238890686,238891385,NO,699
chr20,51947505,51949081,NO,1576
chr22,29373420,29374573,NO,1153
chr14,63959170,63960107,NO,937
chr11,61936583,61938512,NO,1929
chr3,9078466,9079637,NO,1171
chr13,31619340,31620806,NO,1466
chr5,18745485,18746717,NO,1232
chr12,15431792,15433041,NO,1249
chr6,80852759,80853851,NO,1092
chr8,23428188,23429235,NO,1047
chr12,5279697,5280974,NO,1277
chr20,62630429,62631427,NO,998
chr18,42172301,42173190,NO,889
chr3,57286473,57291568,NO,5095
chr2,9476402,9488074,NO,11672
chr11,57502841,57503945,NO,1104
chr2,224936209,224938118,NO,1909
chr15,59491966,59493103,NO,1137
chr6,108454743,108455566,NO,823
chr2,229291269,229292279,NO,1010
chr12,100758127,100759362,NO,1235
chr22,45846018,45857072,NO,11054
chr10,101639241,101640861,NO,1620
chr22,39677241,39678108,NO,867
chr12,18843147,18843988,NO,841
chr7,17378538,17379872,NO,1334
chr22,32975040,32976188,NO,1148
chr17,63102186,63103163,NO,977
chr15,68803161,68804979,NO,1818
chr1,244370321,244378370,NO,8049
chr9,34185680,34191759,NO,6079
chr16,48190390,48191804,NO,1414
chr10,128597078,128598230,NO,1152
chr11,117041732,117043009,NO,1277
chr6,158829744,158830978,NO,1234
chr16,7454451,7456037,NO,1586
chr12,65996456,65997679,NO,1223
chr1,100014455,100015436,NO,981
chr2,237656593,237658268,NO,1675
chrX,138963062,138963861,NO,799
chr7,18580688,18581303,NO,615
chr22,21131684,21132666,NO,982
chr4,5748692,5750080,NO,1388
chr9,99771369,99772534,NO,1165
chr12,110044100,110045250,NO,1150
chr13,31454234,31455778,NO,1544
chr3,44276931,44277707,NO,776
chr4,76651368,76652441,NO,1073
chr13,40689335,40690539,NO,1204
chr14,65623161,65624155,NO,994
chr9,34342757,34346352,NO,3595
chr7,75471689,75472894,NO,1205
chr2,223777100,223778530,NO,1430
chr2,99343558,99344575,NO,1017
chr16,14245259,14250182,NO,4923
chr14,103490140,103491010,NO,870
chr13,74105127,74106586,NO,1459
chr16,10623683,10624981,NO,1298
chr17,73365919,73367154,NO,1235
chr22,40466840,40467716,NO,876
chr8,37378576,37379866,NO,1290
chr3,194723052,194724943,NO,1891
chr18,20839427,20840752,NO,1325
chr7,2344048,2345140,NO,1092
chr8,10255712,10257178,NO,1466
chr3,152313778,152314923,NO,1145
chr11,95408372,95409836,NO,1464
chr19,54271550,54272667,NO,1117
chr22,43058080,43058935,NO,855
chr3,177899471,177900710,NO,1239
chr12,131558395,131570729,NO,12334
chr6,36985521,36987149,NO,1628
chr14,90125138,90126041,NO,903
chr4,47787058,47787793,NO,735
chr1,245954400,245955529,NO,1129
chr14,81889537,81890589,NO,1052
chr10,3305837,3307147,NO,1310
chrX,103083349,103084615,NO,1266
chr21,38057259,38058218,NO,959
chr10,45441341,45442278,NO,937
chr7,73670692,73671746,NO,1054
chr7,149551586,149553323,NO,1737
chr10,127356019,127356746,NO,727
chr7,136835293,136836386,NO,1093
chr5,42507400,42508672,NO,1272
chr18,53749900,53751417,NO,1517
chr9,5976751,5977692,NO,941
chr4,102571019,102573339,NO,2320
chr10,74005524,74006456,NO,932
chr16,87574285,87575416,NO,1131
chr7,63923837,63924847,NO,1010
chr9,75092628,75093595,NO,967
chr17,67729249,67730348,NO,1099
chr15,39696984,39697866,NO,882
chr10,50346176,50348126,NO,1950
chrX,55934574,55935647,NO,1073
chr18,240103,241346,NO,1243
chr11,26069569,26070602,NO,1033
chr8,30634902,30636321,NO,1419
chr6,15897269,15898141,NO,872
chr3,136612376,136613581,NO,1205
chr15,77435512,77436980,NO,1468
chr10,16705224,16706042,NO,818
chr8,41143574,41145096,NO,1522
chr6,15551551,15552435,NO,884
chr6,5287056,5288718,NO,1662
chr17,12671127,12672245,NO,1118
chr12,112374902,112376122,NO,1220
chr5,125615679,125616955,NO,1276
chr2,217664448,217665736,NO,1288
chrX,153231576,153233060,NO,1484
chr2,236079030,236080238,NO,1208
chr8,95999493,96000724,NO,1231
chrX,53626375,53627619,NO,1244
chr19,17152297,17153188,NO,891
chr7,44437372,44439031,NO,1659
chr21,47311573,47312483,NO,910
chr5,110918757,110919934,NO,1177
chr11,58991036,58992567,NO,1531
chr4,2661741,2662820,NO,1079
chr3,49135201,49136741,NO,1540
chr9,5557278,5558591,NO,1313
chr2,58478480,58479101,NO,621
chr19,10796606,10798246,NO,1640
chr6,144094909,144100474,NO,5565
chr3,194247742,194270237,NO,22495
chr7,46212884,46214170,NO,1286
chr4,153179611,153186851,NO,7240
chr6,138913971,138914657,NO,686
chr12,43030589,43031113,NO,524
chr2,23508684,23509801,NO,1117
chr8,82106212,82107363,NO,1151
chr1,47902237,47903925,NO,1688
chr1,38495101,38496760,NO,1659
chr16,507579,508481,NO,902
chr12,43090046,43091391,NO,1345
chr6,140068903,140070303,NO,1400
chr15,66193674,66194927,NO,1253
chr9,34916945,34917533,NO,588
chr6,107783247,107784377,NO,1130
chr12,22149434,22152595,NO,3161
chr10,91217589,91218441,NO,852
chr11,77771937,77772842,NO,905
chr16,67959481,67961067,NO,1586
chr10,13200127,13200711,NO,584
chr2,191224356,191225222,NO,866
chr3,184098076,184099945,NO,1869
chr20,11247761,11249100,NO,1339
chr9,96263095,96264303,NO,1208
chr9,80129748,80130665,NO,917
chrX,153030262,153031722,NO,1460
chr15,101584698,101586789,NO,2091
chr9,34170171,34171046,NO,875
chr4,14878562,14879879,NO,1317
chr15,33314395,33315500,NO,1105
chr17,65755475,65756631,NO,1156
chr9,77564523,77565471,NO,948
chr2,153398865,153400199,NO,1334
chr13,104002847,104004101,NO,1254
chr5,73678475,73679487,NO,1012
chr7,18357150,18360607,NO,3457
chr2,64342309,64343608,NO,1299
chr5,149444280,149446247,NO,1967
chr3,194705284,194706651,NO,1367
chr15,92920234,92921251,NO,1017
chr11,106337123,106343610,NO,6487
chr3,94226119,94226619,NO,500
chr18,3205845,3206883,NO,1038
chr4,74088203,74088950,NO,747
chr16,87160577,87161718,NO,1141
chr17,8023398,8024386,NO,988
chr3,15031421,15033096,NO,1675
chr12,113477780,113479234,NO,1454
chr13,48718488,48719398,NO,910
chr3,9358438,9359635,NO,1197
chr12,106563557,106564103,NO,546
chr11,65585170,65586000,NO,830
chr9,96818545,96819278,NO,733
chr5,76585885,76586326,NO,441
chr3,93687769,93688824,NO,1055
chr11,69196459,69198046,NO,1587
chr16,84917790,84919105,NO,1315
chr8,42305207,42306593,NO,1386
chr5,142623174,142624536,NO,1362
chr14,95966483,95968401,NO,1918
chr7,53254741,53255336,NO,595
chrX,38788855,38790046,NO,1191
chr17,59454212,59456140,NO,1928
chr7,55583145,55584246,NO,1101
chr1,157012666,157014057,NO,1391
chr15,37243754,37244904,NO,1150
chr20,39700812,39701734,NO,922
chr12,16131111,16132627,NO,1516
chr13,44388917,44390115,NO,1198
chr2,19157365,19158553,NO,1188
chr15,45153009,45154201,NO,1192
chr1,161274993,161277371,NO,2378
chr5,142695183,142695977,NO,794
chr7,116292442,116293559,NO,1117
chr9,116050904,116052189,NO,1285
chr17,68517637,68518611,NO,974
chr20,52010565,52011992,NO,1427
chr18,12906584,12907740,NO,1156
chr4,68311693,68312116,NO,423
chr12,89605314,89633108,NO,27794
chr11,44262974,44264225,NO,1251
chr8,116678479,116679123,NO,644
chr21,42542713,42543485,NO,772
chr20,33192183,33193316,NO,1133
chr14,24815735,24816900,NO,1165
chr18,28976482,28977544,NO,1062
chr7,5970721,5972354,NO,1633
chr1,55695621,55696832,NO,1211
chr2,42193739,42195184,NO,1445
chr1,148241203,148241933,NO,730
chr7,106893870,106895397,NO,1527
chr9,107557143,107558049,NO,906
chr9,4334230,4335020,NO,790
chr7,74408043,74411028,NO,2985
chr8,37985586,37992237,NO,6651
chr3,153318131,153319943,NO,1812
chr12,56328982,56330159,NO,1177
chr10,118608554,118609897,NO,1343
chr15,87459618,87461128,NO,1510
chr9,95289824,95291085,NO,1261
chr22,26248606,26249989,NO,1383
chr11,71143864,71145311,NO,1447
chr2,71488107,71489117,NO,1010
chr6,89768857,89769574,NO,717
chr2,231034813,231035626,NO,813
chr2,37616825,37617958,NO,1133
chr4,26414236,26415061,NO,825
chr11,73204614,73205921,NO,1307
chr16,74535119,74536267,NO,1148
chr22,32958058,32959318,NO,1260
chr10,237688,238658,NO,970
chr21,36419002,36420492,NO,1490
chr14,96664578,96665512,NO,934
chr6,82567389,82568239,NO,850
chr2,239608506,239609526,NO,1020
chrX,37463051,37463874,NO,823
chr13,24275032,24275978,NO,946
chr15,51366726,51367969,NO,1243
chr10,71626019,71627393,NO,1374
chr3,48192352,48194106,NO,1754
chr7,35686614,35688331,NO,1717
chr17,64947767,64948987,NO,1220
chr10,134550071,134551309,NO,1238
chr2,102117032,102118784,NO,1752
chr11,74172755,74174061,NO,1306
chr6,163277762,163278675,NO,913
chr17,1623378,1624530,NO,1152
chr9,128411206,128412637,NO,1431
chr6,72059939,72061159,NO,1220
chr5,111742213,111743153,NO,940
chr13,33630955,33632282,NO,1327
chr16,27471051,27473167,NO,2116
chr2,3698789,3708122,NO,9333
chr20,32888226,32889694,NO,1468
chr1,247523747,247525244,NO,1497
chr6,71817422,71818268,NO,846
chr3,50427739,50429137,NO,1398
chr8,92967757,92969007,NO,1250
chr4,140636907,140637783,NO,876
chr5,6311382,6313043,NO,1661
chr9,97154979,97166735,NO,11756
chr12,1163317,1164210,NO,893
chr17,11146976,11148643,NO,1667
chr6,150724254,150725432,NO,1178
chr18,14450161,14451074,NO,913
chr14,53267813,53269267,NO,1454
chr6,42085675,42086787,NO,1112
chr15,35147714,35148540,NO,826
chr6,4108563,4109864,NO,1301
chr6,8083101,8084433,NO,1332
chr11,77313368,77314220,NO,852
chr3,58067290,58068493,NO,1203
chr20,44407743,44408936,NO,1193
chr12,48806998,48808726,NO,1728
chr2,120106865,120107566,NO,701
chr11,65208200,65209101,NO,901
chr4,38719214,38720197,NO,983
chr1,88420090,88421975,NO,1885
chr9,13621717,13622185,NO,468
chr2,77684736,77685943,NO,1207
chr3,193028643,193029653,NO,1010
chr17,48862997,48863840,NO,843
chr4,139320967,139322384,NO,1417
chr1,67204543,67205354,NO,811
chr20,33512746,33514304,NO,1558
chr11,65374672,65376036,NO,1364
chr2,28200500,28201571,NO,1071
chr5,40390837,40392724,NO,1887
chr5,94405647,94407139,NO,1492
chr14,32597430,32598172,NO,742
chr3,99945138,99946791,NO,1653
chr19,3989691,3990598,NO,907
chr15,74677523,74678485,NO,962
chr18,13013765,13015482,NO,1717
chr13,75399104,75399809,NO,705
chr2,29666065,29667264,NO,1199
chr12,40452470,40453789,NO,1319
chr2,18244719,18247213,NO,2494
chr20,13204131,13212545,NO,8414
chr11,65782302,65783828,NO,1526
chr15,99366141,99366952,NO,811
chr12,4665958,4666582,NO,624
chr22,43100493,43101453,NO,960
chr11,116433609,116434881,NO,1272
chr14,81915018,81916948,NO,1930
chr17,13788692,13790023,NO,1331
chr5,133394072,133395533,NO,1461
chr6,82391956,82393238,NO,1282
chr9,133837605,133838674,NO,1069
chr10,17955198,17966619,NO,11421
chr16,87377495,87379728,NO,2233
chr10,18202111,18213526,NO,11415
chr18,23636212,23637875,NO,1663
chr9,13705272,13706692,NO,1420
chr2,33333114,33334564,NO,1450
chr16,58825543,58826864,NO,1321
chr15,31324708,31326142,NO,1434
chr16,46823200,46824718,NO,1518
chr9,6530222,6531123,NO,901
chr9,97849814,97850607,NO,793
chr13,114114085,114115596,NO,1511
chr9,114956347,114957928,NO,1581
chr2,129079378,129084096,NO,4718
chr2,15588409,15590207,NO,1798
chr1,246160664,246161657,NO,993
chr11,32124861,32125990,NO,1129
chr16,82600055,82601230,NO,1175
chr6,12490824,12491969,NO,1145
chrX,13781785,13783335,NO,1550
chr17,27696666,27697555,NO,889
chr5,17037314,17038592,NO,1278
chr2,189886012,189887568,NO,1556
chr17,43565124,43566037,NO,913
chr13,77365091,77367452,NO,2361
chr6,134313534,134314702,NO,1168
chr3,49446843,49448163,NO,1320
chr12,110510760,110511736,NO,976
chr10,105835953,105836727,NO,774
chr2,161979308,161980549,NO,1241
chr11,72924472,72926103,NO,1631
chr9,130817473,130818893,NO,1420
chr5,38835741,38838805,NO,3064
chr8,40246068,40247296,NO,1228
chr11,9823766,9825998,NO,2232
chr11,103979822,103980307,NO,485
chr1,67142816,67143753,NO,937
chrX,43474581,43475230,NO,649
chr1,208001282,208002259,NO,977
chr12,54110744,54111938,NO,1194
chr8,145638472,145639295,NO,823
chr7,55089230,55090270,NO,1040
chr2,18779296,18781104,NO,1808
chr3,123802419,123804024,NO,1605
chr2,19849528,19850512,NO,984
chr1,207245040,207246627,NO,1587
chr17,26360736,26368161,NO,7425
chr6,1679067,1680188,NO,1121
chr2,24587367,24588498,NO,1131
chr20,3276782,3278422,NO,1640
chr9,138847569,138849417,NO,1848
chr12,104252398,104253711,NO,1313
chr5,74964536,74965714,NO,1178
chrX,128734992,128738700,NO,3708
chr9,131757459,131758300,NO,841
chr17,26247215,26248689,NO,1474
chr5,72804316,72804848,NO,532
chr14,68407852,68408729,NO,877
chr5,55418726,55420142,NO,1416
chr8,98208921,98209613,NO,692
chr11,6489827,6491193,NO,1366
chr1,245761574,245762660,NO,1086
chr14,33125516,33126792,NO,1276
chrX,133670784,133671888,NO,1104
chr3,130445876,130446648,NO,772
chr6,15062958,15067916,NO,4958
chrX,154840375,154841468,NO,1093
chr12,1478292,1479121,NO,829
chr14,21484519,21486471,NO,1952
chr10,58774618,58775719,NO,1101
chr14,56404629,56405802,NO,1173
chr1,224920672,224924932,NO,4260
chrX,48929196,48930658,NO,1462
chr15,83726308,83727147,NO,839
chrX,13665544,13666605,NO,1061
chrX,71489882,71490646,NO,764
chr5,55994112,55995328,NO,1216
chr3,61579511,61580624,NO,1113
chr20,33483621,33484510,NO,889
chr5,10392761,10393774,NO,1013
chrX,39168005,39169917,NO,1912
chr1,22744957,22746279,NO,1322
chr14,36350848,36351900,NO,1052
chr15,39491033,39492273,NO,1240
chr2,161724960,161726102,NO,1142
chr18,53461638,53462820,NO,1182
chrX,22152888,22154049,NO,1161
chr2,20290595,20291987,NO,1392
chr17,64974135,64975473,NO,1338
chr2,223617477,223618814,NO,1337
chr17,1156933,1157566,NO,633
chr6,166418581,166419612,NO,1031
chr2,71347038,71348576,NO,1538
chr8,41628100,41628948,NO,848
chr4,166176215,166177903,NO,1688
chr2,229635962,229636485,NO,523
chr9,89190375,89191868,NO,1493
chr21,17583489,17584779,NO,1290
chr22,31342414,31343934,NO,1520
chr1,51954061,51955691,NO,1630
chr14,56246528,56247554,NO,1026
chr20,43957246,43959539,NO,2293
chrX,39504718,39505417,NO,699
chr12,107908998,107909988,NO,990
chr7,127650328,127651808,NO,1480
chr13,29063479,29065287,NO,1808
chr9,119336269,119337465,NO,1196
chr5,57075598,57076726,NO,1128
chr16,1979096,1980030,NO,934
chr12,76176573,76177815,NO,1242
chr11,125156665,125158275,NO,1610
chr2,234268972,234270204,NO,1232
chr10,124181680,124189499,NO,7819
chr15,93207472,93208738,NO,1266
chr1,10437867,10438985,NO,1118
chr11,118895012,118896291,NO,1279
chr19,2845709,2846887,NO,1178
chr2,31276362,31277381,NO,1019
chr13,114243432,114244691,NO,1259
chr10,13313065,13314510,NO,1445
chrX,55353612,55354561,NO,949
chr9,97771638,97772155,NO,517
chr9,102323292,102324317,NO,1025
chr1,70722173,70731116,NO,8943
chr11,77750763,77757693,NO,6930
chr13,110280127,110281316,NO,1189
chr8,133747006,133747978,NO,972
chr4,780528,781583,NO,1055
chr1,47189384,47190677,NO,1293
chr3,97706673,97707138,NO,465
chr10,89475686,89476598,NO,912
chr3,150945607,150946764,NO,1157
chr8,15541317,15542289,NO,972
chr7,30292480,30293555,NO,1075
chr2,207720119,207721446,NO,1327
chrX,134082200,134083082,NO,882
chr4,103638131,103639519,NO,1388
chr7,21469088,21470547,NO,1459
chr10,134142976,134144226,NO,1250
chr1,174934157,174946115,NO,11958
chr8,17832019,17834469,NO,2450
chr4,82425637,82426841,NO,1204
chr3,8634719,8635582,NO,863
chr15,52273581,52274861,NO,1280
chr17,45698760,45700088,NO,1328
chr3,37828111,37829426,NO,1315
chr2,239850460,239852144,NO,1684
chr6,34351181,34352384,NO,1203
chr8,119074283,119075121,NO,838
chr22,29400517,29401453,NO,936
chr17,40093887,40095090,NO,1203
chr2,134005392,134006493,NO,1101
chr8,101628166,101629040,NO,874
chr22,31039037,31040341,NO,1304
chr10,115141087,115142686,NO,1599
chr13,48827590,48828664,NO,1074
chr11,22219166,22230430,NO,11264
chr2,46615841,46617498,NO,1657
chr7,136768661,136770116,NO,1455
chr11,47628182,47629658,NO,1476
chr13,114115618,114116430,NO,812
chr2,128911027,128912672,NO,1645
chr4,47527771,47534672,NO,6901
chr2,56981094,56982192,NO,1098
chr3,188015815,188017072,NO,1257
chr9,130551225,130553098,NO,1873
chr1,20818876,20820155,NO,1279
chr8,121596923,121597851,NO,928
chr1,62438758,62439979,NO,1221
chr12,125072642,125073813,NO,1171
chr9,125448000,125448601,NO,601
chr6,145344177,145345204,NO,1027
chr11,122219445,122220511,NO,1066
chr21,17651894,17652833,NO,939
chr6,109369310,109370349,NO,1039
chr7,75501258,75502160,NO,902
chr12,111432591,111433582,NO,991
chr17,72873646,72874538,NO,892
chr11,113473700,113474993,NO,1293
chr1,56184084,56185615,NO,1531
chr4,89580029,89580785,NO,756
chr19,45129113,45130148,NO,1035
chr2,208657084,208662177,NO,5093
chr1,202017740,202018633,NO,893
chr2,217691621,217703156,NO,11535
chr10,112203126,112204277,NO,1151
chr9,91309461,91310595,NO,1134
chr4,14623372,14624270,NO,898
chr2,99387785,99389013,NO,1228
chr6,36458320,36458994,NO,674
chr3,20064921,20065989,NO,1068
chr3,140287453,140288539,NO,1086
chr11,45765999,45776872,NO,10873
chr16,73177488,73178831,NO,1343
chr1,79088122,79089824,NO,1702
chr4,2887759,2888700,NO,941
chr1,59183469,59184940,NO,1471
chr1,211035199,211035755,NO,556
chr2,134178892,134179853,NO,961
chr13,100309975,100311177,NO,1202
chr9,44245429,44245978,NO,549
chr12,63114184,63115360,NO,1176
chr14,73894034,73895567,NO,1533
chr10,116063629,116064804,NO,1175
chr10,73983295,73984103,NO,808
chr6,141300659,141301628,NO,969
chrX,39547619,39548956,NO,1337
chr5,141947585,141948590,NO,1005
chr1,17066822,17067744,NO,922
chr22,45641845,45642882,NO,1037
chr2,47785233,47786761,NO,1528
chr8,24075690,24076604,NO,914
chr13,115084789,115085908,NO,1119
chr7,5496860,5497944,NO,1084
chr7,18905607,18907068,NO,1461
chr13,45616754,45617481,NO,727
chr4,170226693,170227601,NO,908
chr1,8623045,8624390,NO,1345
chr22,28355106,28356038,NO,932
chr2,120528427,120529456,NO,1029
chr1,86895600,86896401,NO,801
chr1,183901031,183902350,NO,1319
chr4,148566797,148568368,NO,1571
chr1,208766432,208767764,NO,1332
chr5,177398064,177398533,NO,469
chr5,70948384,70949275,NO,891
chr1,207212951,207213807,NO,856
chr15,72054027,72055268,NO,1241
chrX,15732555,15733551,NO,996
chr5,153652155,153653237,NO,1082
chr3,186470818,186471462,NO,644
chr17,46079437,46080820,NO,1383
chr19,1897233,1898246,NO,1013
chr1,212483542,212484540,NO,998
chr12,52622736,52623399,NO,663
chr21,17675099,17678646,NO,3547
chr13,22931061,22931687,NO,626
chr1,27264245,27265541,NO,1296
chr1,22798873,22800903,NO,2030
chr12,54017260,54018397,NO,1137
chr7,35832386,35833169,NO,783
chr2,183195039,183195972,NO,933
chr12,96537082,96538050,NO,968
chr3,63120128,63121799,NO,1671
chr20,52276616,52277808,NO,1192
chr7,158679461,158680842,NO,1381
chr12,76842961,76844836,NO,1875
chr15,67340493,67341860,NO,1367
chr1,156166066,156173409,NO,7343
chr17,42897916,42898866,NO,950
chr17,67896750,67897783,NO,1033
chr14,25328046,25329353,NO,1307
chr5,114935136,114936633,NO,1497
chr22,30938080,30938804,NO,724
chr15,45623749,45625277,NO,1528
chr22,43019262,43021135,NO,1873
chr7,16170124,16170976,NO,852
chr12,106099672,106100459,NO,787
chr1,24022007,24023520,NO,1513
chr1,83973573,83976888,NO,3315
chr6,115921470,115922655,NO,1185
chr4,1646058,1647575,NO,1517
chr2,230844989,230846067,NO,1078
chr3,187882919,187884033,NO,1114
chr9,98054570,98055324,NO,754
chr15,65277269,65278330,NO,1061
chr13,21893073,21893731,NO,658
chr14,33366057,33367164,NO,1107
chr22,46443071,46444480,NO,1409
chr1,167570321,167571479,NO,1158
chr7,51077354,51078777,NO,1423
chr3,58405150,58406009,NO,859
chr6,129618888,129619734,NO,846
chr3,167810871,167811661,NO,790
chr8,131408410,131409567,NO,1157
chr9,79785800,79787227,NO,1427
chr11,103406911,103408347,NO,1436
chr1,231200291,231207592,NO,7301
chr6,47113603,47115169,NO,1566
chr2,55757018,55758360,NO,1342
chr3,9777950,9779654,NO,1704
chr7,2214412,2215676,NO,1264
chr1,23977304,23978454,NO,1150
chr9,94491388,94492346,NO,958
chr6,1832825,1833907,NO,1082
chr5,162861165,162861957,NO,792
chr7,107135165,107135863,NO,698
chr12,121652101,121653020,NO,919
chr1,229340574,229341528,NO,954
chr17,44819604,44820946,NO,1342
chr10,53061052,53062011,NO,959
chr11,1660256,1661630,NO,1374
chr2,108424804,108425864,NO,1060
chr2,239552354,239553535,NO,1181
chr1,236046283,236047371,NO,1088
chr4,169105044,169105871,NO,827
chr7,23207268,23208791,NO,1523
chr10,4238816,4239795,NO,979
chr5,159008392,159009294,NO,902
chr6,42280353,42281984,NO,1631
chr3,190581522,190582840,NO,1318
chr8,96812463,96813666,NO,1203
chr11,518330,519340,NO,1010
chr1,20400835,20401919,NO,1084
chr6,49293328,49294315,NO,987
chr9,140567721,140569448,NO,1727
chr6,12408192,12409489,NO,1297
chr5,178957103,178957952,NO,849
chr10,30100604,30101523,NO,919
chr12,49407814,49409065,NO,1251
chr4,4576653,4577720,NO,1067
chr17,34300128,34301253,NO,1125
chr8,94132058,94133541,NO,1483
chr1,23726993,23728096,NO,1103
chr15,61209239,61210555,NO,1316
chr4,144506774,144508088,NO,1314
chr1,150449408,150450623,NO,1215
chr20,10331021,10332320,NO,1299
chrX,27881836,27882567,NO,731
chrX,38775675,38776247,NO,572
chr3,24084157,24085151,NO,994
chr17,45631570,45633534,NO,1964
chr20,1517432,1518481,NO,1049
chr16,87590031,87591067,NO,1036
chr13,27515304,27516740,NO,1436
chr1,185641671,185648809,NO,7138
chr11,64641812,64642884,NO,1072
chr14,32361879,32363286,NO,1407
chr2,56112457,56116330,NO,3873
chr8,94465469,94466628,NO,1159
chr12,122803414,122804291,NO,877
chr12,89893595,89894219,NO,624
chr1,47038192,47039513,NO,1321
chr8,25312997,25313877,NO,880
chr1,202584585,202585338,NO,753
chr12,76734263,76735285,NO,1022
chr18,13318414,13319706,NO,1292
chr12,26200395,26201557,NO,1162
chr16,67089412,67090563,NO,1151
chr15,48946141,48947680,NO,1539
chr11,10594481,10596003,NO,1522
chr11,82594956,82595964,NO,1008
chr11,19663339,19664691,NO,1352
chr7,7261114,7261896,NO,782
chr15,99557770,99558851,NO,1081
chr4,148878435,148880097,NO,1662
chr1,168914785,168915567,NO,782
chr17,41773070,41774530,NO,1460
chr16,31729495,31730298,NO,803
chr17,16158504,16159516,NO,1012
chr9,85919225,85920738,NO,1513
chr4,122996458,122997298,NO,840
chr11,15814484,15815648,NO,1164
chr22,21947851,21949908,NO,2057
chr20,3960790,3961935,NO,1145
chr4,114082622,114083455,NO,833
chr1,85813473,85814410,NO,937
chr1,24303474,24304303,NO,829
chr13,114080186,114081153,NO,967
chr7,55507317,55508734,NO,1417
chr2,218088294,218089126,NO,832
chr3,138985950,138987166,NO,1216
chr20,50727153,50727747,NO,594
chr1,145719660,145720565,NO,905
chr4,13908966,13909826,NO,860
chr16,57969428,57973018,NO,3590
chr2,166131076,166131870,NO,794
chr19,12341580,12342797,NO,1217
chr15,22941415,22942206,NO,791
chr10,101502804,101508785,NO,5981
chr9,71850496,71851821,NO,1325
chrX,26279788,26281988,NO,2200
chr2,127342821,127343822,NO,1001
chr2,242822950,242824992,NO,2042
chr2,134022777,134024532,NO,1755
chr7,116445125,116445914,NO,789
chr9,131495367,131496063,NO,696
chr17,29395051,29395920,NO,869
chr16,12382709,12384129,NO,1420
chr22,22239994,22240531,NO,537
chr7,158415741,158416292,NO,551
chr1,10313248,10314464,NO,1216
chr3,56912034,56913107,NO,1073
chrX,122937191,122938092,NO,901
chr11,35723460,35724262,NO,802
chr11,12524361,12525454,NO,1093
chr5,132231584,132232543,NO,959
chr13,67799186,67800394,NO,1208
chr11,57116895,57117956,NO,1061
chr21,35303794,35305041,NO,1247
chr11,122451360,122452206,NO,846
chr15,26075404,26076635,NO,1231
chr3,136062294,136063553,NO,1259
chr7,151833532,151834630,NO,1098
chr7,120818462,120819488,NO,1026
chr17,41494254,41495686,NO,1432
chr7,77484279,77485572,NO,1293
chr1,94445370,94446507,NO,1137
chr20,646874,648217,NO,1343
chr10,118529601,118531632,NO,2031
chr10,24704193,24705233,NO,1040
chr6,169824555,169828544,NO,3989
chr5,64358168,64359194,NO,1026
chr10,97517738,97519433,NO,1695
chr3,181959375,181960138,NO,763
chr9,97811959,97813200,NO,1241
chr4,184161673,184162915,NO,1242
chr10,88120537,88122064,NO,1527
chr19,45797277,45798476,NO,1199
chr8,82029494,82043200,NO,13706
chr20,49982085,49983888,NO,1803
chr2,112904802,112906443,NO,1641
chrX,133738431,133739667,NO,1236
chr9,110098890,110099751,NO,861
chr17,3821742,3822842,NO,1100
chr19,16022213,16022853,NO,640
chr2,239171697,239173338,NO,1641
chr5,71541754,71542533,NO,779
chr21,28820308,28821073,NO,765
chr15,52050597,52051718,NO,1121
chr16,24680438,24681167,NO,729
chr3,190250879,190251818,NO,939
chr1,32527927,32529219,NO,1292
chr2,12003406,12004880,NO,1474
chr11,16260589,16261382,NO,793
chr13,36412814,36413608,NO,794
chr7,18027722,18028587,NO,865
chr15,57604386,57605653,NO,1267
chr3,57723649,57724762,NO,1113
chr17,43175713,43177321,NO,1608
chr16,27094393,27095936,NO,1543
chr4,100245011,100245947,NO,936
chr17,37488265,37492564,NO,4299
chr12,109729061,109730288,NO,1227
chr3,64745519,64746783,NO,1264
chr17,53860589,53861884,NO,1295
chr2,197338277,197344013,NO,5736
chr3,196255368,196256307,NO,939
chr8,125933572,125934404,NO,832
chr19,56103817,56105145,NO,1328
chr3,43924499,43926431,NO,1932
chr12,791692,792473,NO,781
chr18,20100999,20102297,NO,1298
chr21,43607969,43608926,NO,957
chr20,36508828,36510012,NO,1184
chr2,48642078,48648188,NO,6110
chr6,108773581,108774507,NO,926
chr3,31986660,31987569,NO,909
chr2,161208331,161209227,NO,896
chr17,2448459,2449420,NO,961
chr16,27558107,27559263,NO,1156
chr1,182132868,182143997,NO,11129
chr20,39658922,39659898,NO,976
chrX,57977633,57978993,NO,1360
chr4,78721223,78722711,NO,1488
chr11,11662341,11663291,NO,950
chr2,201661218,201662877,NO,1659
chr2,27296403,27297331,NO,928
chr10,129825197,129826934,NO,1737
chr1,35917610,35918297,NO,687
chr10,50231930,50232968,NO,1038
chr14,96751513,96752649,NO,1136
chr2,220153936,220155281,NO,1345
chr6,167444712,167445649,NO,937
chr10,21812255,21813071,NO,816
chr19,14181016,14181612,NO,596
chr14,61854778,61855556,NO,778
chr3,128628984,128629989,NO,1005
chr6,35368368,35369529,NO,1161
chr8,62672159,62673451,NO,1292
chr2,23721900,23722626,NO,726
chr3,98612431,98613498,NO,1067
chr3,178453542,178454617,NO,1075
chr7,75420451,75425616,NO,5165
chr2,70335338,70336329,NO,991
chr2,136744529,136745631,NO,1102
chr11,78081368,78082472,NO,1104
chr10,52842511,52843416,NO,905
chr13,31286696,31288128,NO,1432
chr10,14689857,14691078,NO,1221
chr4,42414505,42415371,NO,866
chr17,44982602,44983992,NO,1390
chr11,932556,934042,NO,1486
chr3,57161615,57163388,NO,1773
chr9,97774350,97775158,NO,808
chr5,57423025,57423838,NO,813
chr22,44946423,44947542,NO,1119
chr7,32540466,32541605,NO,1139
chr11,106698205,106698832,NO,627
chr9,34046774,34047763,NO,989
chr1,155042985,155044341,NO,1356
chr22,29105946,29106695,NO,749
chr7,22417085,22418200,NO,1115
chr14,23082757,23083657,NO,900
chr18,67862190,67862964,NO,774
chr8,134881817,134882811,NO,994
chr14,81741623,81742889,NO,1266
chr1,233098806,233102150,NO,3344
chr17,46318285,46319068,NO,783
chr2,33501780,33502874,NO,1094
chr11,30445580,30446925,NO,1345
chr2,143474307,143474995,NO,688
chr5,157342198,157343514,NO,1316
chr7,38623699,38624673,NO,974
chr12,29809567,29810372,NO,805
chr11,33228768,33229942,NO,1174
chr2,204651264,204652175,NO,911
chr7,12811049,12811736,NO,687
chr10,22614267,22615409,NO,1142
chr3,120206569,120226238,NO,19669
chr2,164483311,164497765,NO,14454
chr2,135440837,135441716,NO,879
chr6,105673962,105674788,NO,826
chr2,120696861,120697868,NO,1007
chr21,33058538,33059471,NO,933
chr13,50134484,50135739,NO,1255
chr5,148791297,148792179,NO,882
chr5,102430891,102431543,NO,652
chr8,49310338,49311842,NO,1504
chr4,111285421,111286585,NO,1164
chr5,95629902,95631337,NO,1435
chr16,69073945,69074798,NO,853
chr10,33341892,33343087,NO,1195
chr9,131814506,131815776,NO,1270
chr1,174628844,174629855,NO,1011
chr22,46431020,46431596,NO,576
chr19,49484618,49485953,NO,1335
chr5,80483359,80484426,NO,1067
chr4,54765599,54772621,NO,7022
chr7,116764328,116765359,NO,1031
chr12,56515642,56517065,NO,1423
chr2,128599006,128599608,NO,602
chr11,95809213,95810250,NO,1037
chr2,56749528,56750710,NO,1182
chr22,46410474,46411210,NO,736
chrX,154284917,154285802,NO,885
chr3,156505594,156506723,NO,1129
chr13,79229504,79230363,NO,859
chr1,168022683,168025997,NO,3314
chr13,39684694,39685948,NO,1254
chr2,184869039,184870197,NO,1158
chr2,120159814,120161136,NO,1322
chr8,103553091,103554165,NO,1074
chr13,81290564,81302267,NO,11703
chr1,246022477,246023282,NO,805
chr6,5653623,5654729,NO,1106
chr3,192587059,192588040,NO,981
chr1,59986425,59987585,NO,1160
chr14,89695025,89696370,NO,1345
chr6,90380390,90390717,NO,10327
chr14,104060118,104061056,NO,938
chr1,36722556,36723518,NO,962
chr2,118763503,118764393,NO,890
chr2,198170824,198171829,NO,1005
chr4,111084837,111085863,NO,1026
chr11,15590651,15591520,NO,869
chr9,111647841,111648576,NO,735
chr5,40570486,40571958,NO,1472
chr6,38338620,38339618,NO,998
chr1,39541798,39553569,NO,11771
chr9,20700746,20701400,NO,654
chr16,31548362,31549351,NO,989
chr1,152414346,152416643,NO,2297
chr1,200044460,200050835,NO,6375
chr2,224589872,224591331,NO,1459
chr11,46071473,46072293,NO,820
chr15,79462166,79463074,NO,908
chr17,18965368,18966701,NO,1333
chr19,7398107,7399250,NO,1143
chr5,38718643,38719585,NO,942
chr8,29762379,29763571,NO,1192
chr3,147418695,147431587,NO,12892
chr15,99883728,99884733,NO,1005
chr5,143267488,143268665,NO,1177
chr10,78705742,78706826,NO,1084
chr12,32636217,32637116,NO,899
chr7,137642155,137643275,NO,1120
chr17,17622841,17624091,NO,1250
chr19,2239758,2240810,NO,1052
chr12,58280234,58281058,NO,824
chr10,120859740,120860701,NO,961
chr17,48594633,48595429,NO,796
chr13,27977136,27978429,NO,1293
chr15,100466022,100466613,NO,591
chr8,97921000,97922536,NO,1536
chr21,40105807,40106710,NO,903
chr3,158526423,158529465,NO,3042
chr10,120879711,120880698,NO,987
chr10,80302699,80304775,NO,2076
chr12,86105495,86106376,NO,881
chr10,33467776,33469028,NO,1252
chr12,53954624,53955586,NO,962
chrX,152645530,152646572,NO,1042
chrX,187347,188130,NO,783
chr10,98855264,98857144,NO,1880
chr16,54555812,54557520,NO,1708
chr2,241852626,241854071,NO,1445
chr5,154518714,154519474,NO,760
chr1,117098770,117099970,NO,1200
chr1,176770241,176771479,NO,1238
chr1,154884137,154885412,NO,1275
chr4,2599026,2599885,NO,859
chr12,104362334,104363610,NO,1276
chr16,50698715,50699621,NO,906
chr11,36030222,36031270,NO,1048
chr2,202329966,202331214,NO,1248
chr6,78078298,78079068,NO,770
chr12,26350507,26351282,NO,775
chr5,79405318,79406511,NO,1193
chrX,107092613,107093445,NO,832
chr12,30570557,30571392,NO,835
chr3,75390720,75391467,NO,747
chr4,150124627,150125416,NO,789
chr2,54434752,54435955,NO,1203
chr17,37436914,37437844,NO,930
chr10,32111478,32112151,NO,673
chr2,201319985,201321098,NO,1113
chr19,14667137,14668193,NO,1056
chr16,87260808,87261698,NO,890
chr1,41468673,41480381,NO,11708
chr9,80591504,80593182,NO,1678
chr16,56135863,56136774,NO,911
chr3,101095971,101096942,NO,971
chr2,178619028,178619926,NO,898
chr6,134803545,134804676,NO,1131
chr18,52969105,52970779,NO,1674
chr9,116902794,116904228,NO,1434
chr1,53611458,53612516,NO,1058
chr3,114425378,114426048,NO,670
chr8,15463197,15463994,NO,797
chr8,71185328,71185999,NO,671
chr11,10347787,10349077,NO,1290
chr22,43168658,43169733,NO,1075
chr12,4809543,4810394,NO,851
chr20,44425043,44425901,NO,858
chr3,58320549,58321763,NO,1214
chr13,31472443,31474152,NO,1709
chr9,89020838,89022198,NO,1360
chr19,38424132,38425121,NO,989
chr18,59684709,59685668,NO,959
chr2,169853352,169854191,NO,839
chr2,237897570,237898597,NO,1027
chr1,19559040,19560351,NO,1311
chr9,115976812,115977597,NO,785
chr6,121905264,121906602,NO,1338
chr2,11598289,11599661,NO,1372
chr20,32235429,32236796,NO,1367
chr10,99408074,99408997,NO,923
chr8,103910479,103911502,NO,1023
chr5,159354910,159364627,NO,9717
chr2,73985962,73987527,NO,1565
chr2,128741695,128742783,NO,1088
chr8,22941006,22942208,NO,1202
chr4,6943004,6943929,NO,925
chr17,17628443,17630007,NO,1564
chr1,243267717,243269156,NO,1439
chr12,116946011,116947128,NO,1117
chr20,17730662,17731924,NO,1262
chr7,80819753,80820999,NO,1246
chr7,69856558,69857404,NO,846
chr6,165031937,165032344,NO,407
chr8,99195874,99197357,NO,1483
chr10,63889863,63891310,NO,1447
chr10,115345306,115346824,NO,1518
chr16,70625385,70626537,NO,1152
chr8,68219429,68220720,NO,1291
chr4,77545238,77545963,NO,725
chr2,237796092,237797399,NO,1307
chr19,18447915,18449138,NO,1223
chr5,139511311,139512730,NO,1419
chr14,60618049,60619582,NO,1533
chr16,12456445,12457728,NO,1283
chr1,215756452,215757485,NO,1033
chr5,146933705,146934491,NO,786
chr21,38849267,38850118,NO,851
chr3,12369437,12370789,NO,1352
chr2,64440790,64441642,NO,852
chr11,56839392,56840232,NO,840
chr8,23583803,23584949,NO,1146
chr7,73135439,73136625,NO,1186
chr11,129193804,129195119,NO,1315
chr1,202320475,202321879,NO,1404
chr11,45376535,45377573,NO,1038
chr6,116878627,116879611,NO,984
chr2,18807283,18808714,NO,1431
chr10,45359459,45361173,NO,1714
chr6,13217200,13217911,NO,711
chr8,25435173,25436372,NO,1199
chr3,172264056,172281619,NO,17563
chr3,188429660,188430553,NO,893
chr12,54656001,54656844,NO,843
chr3,29212372,29213602,NO,1230
chr9,123656196,123657540,NO,1344
chr2,64957433,64958290,NO,857
chr1,42313062,42313939,NO,877
chr11,83402035,83403215,NO,1180
chr13,80058830,80059775,NO,945
chr8,52952641,52953720,NO,1079
chr10,130725595,130726913,NO,1318
chr4,148896082,148897257,NO,1175
chr6,47209453,47210630,NO,1177
chr9,135644494,135645879,NO,1385
chr18,5155205,5156003,NO,798
chr8,61851974,61852643,NO,669
chr9,34273120,34274215,NO,1095
chr11,6607576,6609124,NO,1548
chr3,155087921,155088907,NO,986
chr1,230288888,230289961,NO,1073
chr19,39376440,39377340,NO,900
chr5,1066879,1068418,NO,1539
chrX,77361235,77362135,NO,900
chr12,95537478,95538315,NO,837
chr6,35630623,35631801,NO,1178
chr7,48124282,48125345,NO,1063
chr6,95009808,95011041,NO,1233
chr6,78165762,78166571,NO,809
chr4,152178706,152180252,NO,1546
chr2,217753701,217754899,NO,1198
chr18,3258152,3259749,NO,1597
chr20,58160567,58161547,NO,980
chr4,121658091,121658925,NO,834
chr18,60172926,60173635,NO,709
chr9,117353420,117354564,NO,1144
chr1,204094967,204096735,NO,1768
chr10,77351543,77352766,NO,1223
chrX,75249278,75249730,NO,452
chr2,173700718,173709386,NO,8668
chr8,96166541,96167306,NO,765
chr1,19448762,19449936,NO,1174
chr4,99087154,99088384,NO,1230
chr3,120317092,120318753,NO,1661
chr8,12829429,12830850,NO,1421
chr5,110252686,110253853,NO,1167
chr11,47025641,47026795,NO,1154
chr5,42858187,42859210,NO,1023
chr15,50086152,50086491,NO,339
chr5,143138027,143139249,NO,1222
chr1,78070512,78071419,NO,907
chr15,59968829,59969498,NO,669
chr11,62138419,62138947,NO,528
chr1,178003297,178004149,NO,852
chr1,94216936,94218073,NO,1137
chr13,114082389,114083594,NO,1205
chr5,167345079,167345927,NO,848
chr15,88152879,88154157,NO,1278
chrX,100669964,100671302,NO,1338
chr7,128955518,128956475,NO,957
chr15,43805952,43807018,NO,1066
chr3,135686200,135687213,NO,1013
chr1,15482233,15483620,NO,1387
chr3,177340508,177341464,NO,956
chr1,7530582,7538869,NO,8287
chr2,202747975,202749199,NO,1224
chr1,214078294,214079177,NO,883
chr20,44479212,44480272,NO,1060
chr2,71969523,71970875,NO,1352
chr10,4727292,4728539,NO,1247
chr4,146200026,146201220,NO,1194
chr11,16024029,16025249,NO,1220
chr13,19183036,19183901,NO,865
chr9,3863125,3864083,NO,958
chr20,47573433,47574381,NO,948
chr1,2182698,2184244,NO,1546
chr14,78147690,78148724,NO,1034
chr9,88353488,88354367,NO,879
chr6,93931719,93932372,NO,653
chr10,34061143,34062809,NO,1666
chr7,108163541,108164631,NO,1090
chrX,39195867,39197215,NO,1348
chr1,11340321,11341584,NO,1263
chr3,9195431,9196175,NO,744
chr14,102836623,102837516,NO,893
chr18,7921820,7922753,NO,933
chr12,102820718,102821770,NO,1052
chr3,46453828,46454771,NO,943
chr20,48621606,48622586,NO,980
chr8,97632419,97633672,NO,1253
chr1,229829237,229830530,NO,1293
chr3,72172674,72173898,NO,1224
chr10,75228682,75229641,NO,959
chr3,63329020,63330030,NO,1010
chr2,216696009,216696883,NO,874
chr13,49706490,49707066,NO,576
chr17,15869514,15870665,NO,1151
chr7,37324337,37326378,NO,2041
chr15,78463192,78464117,NO,925
chr1,16992567,16993354,NO,787
chr4,26754913,26755666,NO,753
chr16,27732315,27733546,NO,1231
chr13,98824040,98825145,NO,1105
chr16,67898330,67899313,NO,983
chr20,8001527,8002765,NO,1238
chr5,126147244,126148026,NO,782
chr15,99864001,99865343,NO,1342
chr17,4065947,4067029,NO,1082
chr14,61775277,61776386,NO,1109
chr12,71084810,71085763,NO,953
chr1,220426580,220427075,NO,495
chr6,132811105,132812320,NO,1215
chr6,140888008,140888567,NO,559
chr14,21553245,21554335,NO,1090
chrX,99671870,99673269,NO,1399
chr16,12183110,12184441,NO,1331
chr17,17638892,17640069,NO,1177
chr13,30155930,30157067,NO,1137
chr7,51143433,51144309,NO,876
chr6,21970645,21971551,NO,906
chr14,105914500,105915943,NO,1443
chr3,1289445,1290132,NO,687
chr1,43881187,43882479,NO,1292
chr10,134172791,134173521,NO,730
chr6,16440676,16441590,NO,914
chr19,36251534,36252235,NO,701
chr6,51275301,51275807,NO,506
chr11,76850651,76852066,NO,1415
chr16,26207525,26208821,NO,1296
chr13,26596638,26597670,NO,1032
chr1,26785754,26786848,NO,1094
chr18,56389023,56389845,NO,822
chr5,158374878,158386034,NO,11156
chrX,1502191,1503294,NO,1103
chr15,25813370,25814753,NO,1383
chr3,112530494,112531364,NO,870
chr5,141545661,141546660,NO,999
chr8,100872008,100872744,NO,736
chr19,5032017,5033458,NO,1441
chr3,196729151,196730545,NO,1394
chr6,118989501,118991127,NO,1626
chr11,9000998,9001509,NO,511
chr12,95811978,95812731,NO,753
chr4,141562791,141564214,NO,1423
chr1,193186102,193187067,NO,965
chr5,108441419,108442015,NO,596
chr2,161812506,161813408,NO,902
chr20,8647854,8648921,NO,1067
chr3,122612699,122613637,NO,938
chr16,14151237,14152445,NO,1208
chr1,183360504,183361228,NO,724
chr10,98035218,98036498,NO,1280
chr15,42098305,42099331,NO,1026
chr13,50782147,50783620,NO,1473
chr2,223263110,223264263,NO,1153
chr14,53208581,53209454,NO,873
chr12,69309008,69309646,NO,638
chr10,73372816,73373761,NO,945
chr5,78104242,78105637,NO,1395
chr6,125991460,125992482,NO,1022
chr7,132550638,132551416,NO,778
chr11,267463,268631,NO,1168
chr11,87079193,87080238,NO,1045
chr19,45879323,45880044,NO,721
chr6,76027229,76027960,NO,731
chr1,77165292,77166363,NO,1071
chr5,136617831,136618686,NO,855
chr9,132331572,132333786,NO,2214
chr11,47263617,47264463,NO,846
chr1,47762999,47763636,NO,637
chr5,52110625,52112888,NO,2263
chr18,7771392,7772212,NO,820
chr8,98446836,98447825,NO,989
chr12,9660628,9661413,NO,785
chr1,101728069,101728881,NO,812
chr4,42674749,42675819,NO,1070
chr9,116437418,116438408,NO,990
chr6,111585012,111585796,NO,784
chr3,188009956,188010770,NO,814
chr10,29842509,29843338,NO,829
chr18,22842502,22843260,NO,758
chr9,101782187,101783233,NO,1046
chr12,32764613,32765573,NO,960
chr3,69714110,69715279,NO,1169
chr5,115179824,115180757,NO,933
chr10,126658830,126659801,NO,971
chr10,33992453,33993443,NO,990
chr2,107177472,107178621,NO,1149
chr7,39872726,39873286,NO,560
chr17,37516693,37521304,NO,4611
chr1,228363394,228364828,NO,1434
chr1,167725745,167726697,NO,952
chr7,29344073,29345024,NO,951
chr3,74613297,74614337,NO,1040
chr3,166884151,166885685,NO,1534
chr10,103051777,103053009,NO,1232
chr3,57505283,57505986,NO,703
chr4,85858139,85859307,NO,1168
chr7,127525316,127526507,NO,1191
chr10,500728,501434,NO,706
chr18,32075984,32076955,NO,971
chr21,41160235,41161453,NO,1218
chr3,161133845,161134715,NO,870
chr8,98610148,98611092,NO,944
chr4,40917908,40919147,NO,1239
chr15,76619938,76620816,NO,878
chr16,8163009,8164203,NO,1194
chr14,71298929,71309864,NO,10935
chr11,66737860,66739171,NO,1311
chr1,100233638,100234336,NO,698
chr15,59516562,59525300,NO,8738
chr7,32800798,32801736,NO,938
chr11,64773987,64774672,NO,685
chr2,112289762,112290951,NO,1189
chr4,58136029,58137190,NO,1161
chr7,626673,628232,NO,1559
chr1,82385766,82386694,NO,928
chr18,12551673,12552585,NO,912
chr2,212272898,212273635,NO,737
chr13,110839763,110840709,NO,946
chr3,187815214,187830234,NO,15020
chr1,153625059,153626075,NO,1016
chr7,64496647,64497371,NO,724
chr3,172574377,172575592,NO,1215
chr15,96703722,96704502,NO,780
chr18,9876862,9877914,NO,1052
chr7,46803322,46813179,NO,9857
chr21,39612808,39613764,NO,956
chr19,39634817,39636665,NO,1848
chr2,106960865,106961532,NO,667
chr11,117814971,117815858,NO,887
chr2,206525249,206526034,NO,785
chr1,117635171,117636027,NO,856
chr5,95949693,95950449,NO,756
chr6,55533295,55534000,NO,705
chr3,88859780,88860667,NO,887
chr3,114593110,114594071,NO,961
chr3,46670497,46671836,NO,1339
chr17,1871348,1872382,NO,1034
chr12,68932353,68933188,NO,835
chr1,231913558,231914651,NO,1093
chr1,15946136,15947163,NO,1027
chr2,8706999,8708197,NO,1198
chr10,90301387,90302119,NO,732
chr20,60842003,60842981,NO,978
chr16,31181429,31182132,NO,703
chr15,93517667,93518325,NO,658
chrX,106897895,106899228,NO,1333
chrX,134515794,134516420,NO,626
chr13,81228588,81229612,NO,1024
chr4,141827724,141829171,NO,1447
chr9,98224233,98225807,NO,1574
chr3,40455317,40456149,NO,832
chr21,29655679,29656669,NO,990
chr1,60224630,60225457,NO,827
chr6,37336655,37337848,NO,1193
chr1,225814917,225815945,NO,1028
chr17,29596554,29597436,NO,882
chr3,129442278,129443249,NO,971
chr9,131221065,131222189,NO,1124
chr6,118718264,118719306,NO,1042
chr1,9746936,9747701,NO,765
chr17,29645254,29646137,NO,883
chr9,100503091,100504378,NO,1287
chr1,15609299,15610251,NO,952
chr12,98520284,98521569,NO,1285
chr4,80957428,80958486,NO,1058
chr11,86150897,86152406,NO,1509
chr3,125053374,125054240,NO,866
chr6,41395411,41396196,NO,785
chr9,93822791,93823758,NO,967
chr1,119529557,119530581,NO,1024
chr8,23284673,23285626,NO,953
chr7,100660243,100661159,NO,916
chr10,27069513,27070816,NO,1303
chr5,90457903,90458880,NO,977
chr1,94684351,94685254,NO,903
chr9,136074543,136075828,NO,1285
chr19,17096705,17097796,NO,1091
chr4,175138154,175140032,NO,1878
chr1,87744863,87745990,NO,1127
chr12,47010359,47011266,NO,907
chr10,29936878,29937817,NO,939
chr21,44359558,44360336,NO,778
chr5,71774228,71782484,NO,8256
chr4,177556318,177557144,NO,826
chr16,85942172,85943280,NO,1108
chr5,73460287,73461363,NO,1076
chr1,206732825,206734104,NO,1279
chr14,62106925,62107876,NO,951
chr9,17611391,17612535,NO,1144
chr12,22166557,22168089,NO,1532
chr18,8393940,8394956,NO,1016
chr1,11654545,11655682,NO,1137
chr1,93416533,93417235,NO,702
chr9,108472865,108474397,NO,1532
chr1,23711290,23712139,NO,849
chr8,19464863,19466112,NO,1249
chr11,6597851,6598812,NO,961
chr18,830053,830795,NO,742
chr3,196377550,196379001,NO,1451
chr2,43908378,43908989,NO,611
chr1,165998423,165999389,NO,966
chr2,86859902,86861067,NO,1165
chr20,31252361,31253599,NO,1238
chr13,45810251,45810905,NO,654
chr8,102550113,102551139,NO,1026
chr14,89709138,89723116,NO,13978
chr1,170323296,170324246,NO,950
chr7,31039605,31040601,NO,996
chr20,13252013,13252757,NO,744
chr14,92411540,92412894,NO,1354
chr2,43642355,43643086,NO,731
chr2,33929192,33930324,NO,1132
chr6,3489127,3490435,NO,1308
chr1,226986629,226987710,NO,1081
chr20,33494034,33494710,NO,676
chr8,37743570,37744831,NO,1261
chr6,157490788,157491583,NO,795
chr7,47823031,47823681,NO,650
chrX,17615807,17616519,NO,712
chr18,29628740,29629475,NO,735
chr10,29881914,29882682,NO,768
chr5,157888131,157889906,NO,1775
chr1,222799949,222801035,NO,1086
chr5,137704677,137705563,NO,886
chr11,17843905,17844447,NO,542
chr6,1797626,1798355,NO,729
chr2,85835839,85836828,NO,989
chr3,94644157,94647919,NO,3762
chr7,46495345,46496229,NO,884
chr1,28425440,28426244,NO,804
chr2,28789247,28790354,NO,1107
chr1,74731607,74734564,NO,2957
chr15,49267688,49268877,NO,1189
chr12,116561190,116562068,NO,878
chr2,218559322,218560626,NO,1304
chr5,112020065,112021112,NO,1047
chr13,81078002,81079210,NO,1208
chr2,39950552,39951517,NO,965
chr13,42137131,42138071,NO,940
chr3,69045398,69046569,NO,1171
chrX,46766639,46767601,NO,962
chr1,156775496,156777070,NO,1574
chrX,153401024,153402799,NO,1775
chr4,177195275,177196063,NO,788
chr7,63498174,63499208,NO,1034
chr3,125259194,125260008,NO,814
chr10,7676108,7676771,NO,663
chr6,164723962,164725337,NO,1375
chr1,113424569,113425801,NO,1232
chr3,58884692,58885580,NO,888
chr2,222308414,222309305,NO,891
chr12,115358439,115359637,NO,1198
chr12,42749851,42750488,NO,637
chr9,23621924,23622746,NO,822
chrX,71756546,71757175,NO,629
chr8,81720044,81722578,NO,2534
chr5,59815844,59817192,NO,1348
chr17,27567615,27568950,NO,1335
chrX,21990277,21991332,NO,1055
chr20,12364025,12365188,NO,1163
chr13,74513765,74514839,NO,1074
chr10,93441213,93442557,NO,1344
chr19,40511619,40512714,NO,1095
chr3,178172287,178173201,NO,914
chr22,22152031,22152731,NO,700
chr3,182643003,182644113,NO,1110
chr22,30267870,30269210,NO,1340
chr13,51374523,51375685,NO,1162
chrX,18984709,18985511,NO,802
chr3,69977738,69978770,NO,1032
chr2,62155808,62156935,NO,1127
chr7,90395734,90396633,NO,899
chr6,53146566,53147519,NO,953
chr17,43164755,43165985,NO,1230
chr5,34044637,34045584,NO,947
chr3,119115744,119116632,NO,888
chr6,139831282,139831996,NO,714
chr15,66764523,66765749,NO,1226
chr2,192331396,192332478,NO,1082
chr7,155677651,155679154,NO,1503
chr17,47845234,47845980,NO,746
chr14,82002171,82003387,NO,1216
chr4,124621079,124622209,NO,1130
chr12,53937318,53938225,NO,907
chr5,138396419,138397393,NO,974
chr20,39497150,39498696,NO,1546
chr2,101574347,101575299,NO,952
chr18,3182944,3184040,NO,1096
chr3,5178220,5179170,NO,950
chr2,122480149,122481040,NO,891
chrX,66938404,66939496,NO,1092
chr1,64279097,64280122,NO,1025
chr8,94442255,94443321,NO,1066
chrX,76998583,76999465,NO,882
chr17,26950507,26951733,NO,1226
chr4,147971093,147972004,NO,911
chr20,22979855,22981204,NO,1349
chr1,53237824,53238476,NO,652
chr9,138181361,138182662,NO,1301
chr2,160372684,160373291,NO,607
chr20,56594085,56596869,NO,2784
chr17,12487781,12488783,NO,1002
chr1,79116678,79117579,NO,901
chr10,29811002,29812083,NO,1081
chr1,218478232,218479635,NO,1403
chr19,20958864,20959721,NO,857
chr10,53654712,53655908,NO,1196
chr9,74622615,74623179,NO,564
chr19,47713654,47714663,NO,1009
chr5,173052307,173053355,NO,1048
chr7,80488630,80489238,NO,608
chr11,102183734,102184354,NO,620
chr5,154658056,154658948,NO,892
chr17,36514559,36515398,NO,839
chr2,97073864,97075515,NO,1651
chrX,17866581,17867633,NO,1052
chr3,188841413,188842348,NO,935
chr15,62975728,62977043,NO,1315
chr3,188208695,188209514,NO,819
chr6,170858658,170859576,NO,918
chr5,95416327,95417541,NO,1214
chr4,48750622,48751946,NO,1324
chr2,12805047,12806091,NO,1044
chr13,110699549,110700519,NO,970
chr11,64428858,64429572,NO,714
chr10,69335062,69335886,NO,824
chr1,210435052,210436791,NO,1739
chr6,2127483,2128328,NO,845
chr1,108592761,108593966,NO,1205
chr7,7801349,7802522,NO,1173
chr9,74277730,74279109,NO,1379
chr15,66662124,66662974,NO,850
chr14,77769458,77770214,NO,756
chr6,163601734,163602900,NO,1166
chr6,1575126,1576513,NO,1387
chr10,29830407,29831372,NO,965
chr12,54984348,54985339,NO,991
chr3,184086336,184087344,NO,1008
chr11,8935335,8936319,NO,984
chr17,64455987,64457165,NO,1178
chr8,121703812,121704715,NO,903
chr16,17318764,17319563,NO,799
chr5,54031556,54040311,NO,8755
chr14,104119717,104120669,NO,952
chr7,148334168,148334646,NO,478
chr1,145446623,145447376,NO,753
chr1,234978163,234979203,NO,1040
chr5,111481584,111482618,NO,1034
chr10,86661977,86662858,NO,881
chr4,148038318,148039185,NO,867
chr5,123032066,123033216,NO,1150
chr20,40137949,40138999,NO,1050
chr5,123940962,123941828,NO,866
chr15,71811864,71813026,NO,1162
chr10,7351234,7352752,NO,1518
chrX,108915792,108916589,NO,797
chr20,39099072,39100285,NO,1213
chr1,222059921,222061153,NO,1232
chr1,64651752,64652677,NO,925
chr3,124015825,124017316,NO,1491
chr10,17104720,17118560,NO,13840
chr8,37419121,37420067,NO,946
chr4,76252421,76253474,NO,1053
chr3,148991615,148992351,NO,736
chr22,29474621,29475781,NO,1160
chr6,32086293,32087438,NO,1145
chr18,66388933,66389917,NO,984
chr5,14366753,14367820,NO,1067
chr18,54110446,54111413,NO,967
chr3,105648458,105648996,NO,538
chr1,60062085,60067302,NO,5217
chr14,105721049,105722011,NO,962
chr1,162032156,162033046,NO,890
chr8,9374594,9375857,NO,1263
chr1,26448281,26449092,NO,811
chr16,15582885,15583638,NO,753
chr18,43608056,43608783,NO,727
chr1,214656543,214656922,NO,379
chr15,85429574,85430427,NO,853
chr2,217604664,217605974,NO,1310
chr4,55527084,55528060,NO,976
chr17,42063943,42065476,NO,1533
chr2,20578686,20579541,NO,855
chr10,6451806,6452839,NO,1033
chr4,85654403,85654978,NO,575
chr6,7189171,7190065,NO,894
chr19,36489758,36490554,NO,796
chr7,94518153,94518967,NO,814
chr8,55200256,55201456,NO,1200
chr9,135673275,135674748,NO,1473
chr9,111975306,111976392,NO,1086
chr17,62830405,62831173,NO,768
chr1,116724562,116725843,NO,1281
chr19,10836879,10837734,NO,855
chr18,34269517,34270156,NO,639
chr8,70686358,70687188,NO,830
chr9,115623431,115624843,NO,1412
chr1,162511097,162524842,NO,13745
chr4,148094604,148095451,NO,847
chr4,58029676,58030669,NO,993
chr4,76762735,76763741,NO,1006
chr3,65494301,65495113,NO,812
chr21,35027667,35028683,NO,1016
chr17,73904136,73904902,NO,766
chr1,3445075,3457631,NO,12556
chr11,9296022,9296700,NO,678
chr10,35413190,35414187,NO,997
chr5,145420163,145420985,NO,822
chr13,52635293,52636248,NO,955
chr2,17918579,17919704,NO,1125
chr19,2108429,2109856,NO,1427
chr17,437200,438559,NO,1359
chr3,72193547,72194740,NO,1193
chrX,63651925,63652847,NO,922
chr16,48352314,48352995,NO,681
chr1,95486930,95488267,NO,1337
chr14,21504625,21505840,NO,1215
chr8,66960461,66961726,NO,1265
chr13,81151434,81152785,NO,1351
chr2,72788638,72789585,NO,947
chr18,7459599,7460676,NO,1077
chr19,32554500,32555271,NO,771
chr1,24910215,24911283,NO,1068
chr14,91205368,91206274,NO,906
chr2,23648678,23650306,NO,1628
chr21,29711492,29712397,NO,905
chr1,223167457,223169116,NO,1659
chr8,117670095,117671279,NO,1184
chr3,71517275,71518394,NO,1119
chr6,20877297,20878357,NO,1060
chr9,33867541,33868464,NO,923
chr10,32339020,32343546,NO,4526
chr3,43251804,43259540,NO,7736
chr15,96201691,96203005,NO,1314
chr15,100622909,100624106,NO,1197
chr19,50507321,50508014,NO,693
chr12,76946201,76946958,NO,757
chr2,230256996,230257591,NO,595
chr11,35051979,35053081,NO,1102
chr19,4744414,4745307,NO,893
chr1,106598011,106598843,NO,832
chr2,65201992,65202853,NO,861
chr7,36285403,36286250,NO,847
chr10,81869716,81870554,NO,838
chr7,104851017,104851767,NO,750
chr21,18891115,18891936,NO,821
chr10,86697954,86698880,NO,926
chr5,71461879,71476253,NO,14374
chr17,19441861,19442859,NO,998
chr10,112691658,112705085,NO,13427
chr20,52390689,52391897,NO,1208
chr21,36936373,36937096,NO,723
chr1,9144270,9145263,NO,993
chr1,156742480,156743611,NO,1131
chr22,17992537,17993600,NO,1063
chr1,46998601,46999699,NO,1098
chr3,69355754,69356662,NO,908
chr7,72934545,72935314,NO,769
chr15,101207644,101208592,NO,948
chr10,52687435,52688531,NO,1096
chr4,102097175,102097959,NO,784
chr3,113502861,113503587,NO,726
chr17,45382152,45383208,NO,1056
chr19,10055821,10056601,NO,780
chr1,161178646,161179865,NO,1219
chr8,99738599,99739184,NO,585
chr7,14230925,14231639,NO,714
chr1,153612805,153613910,NO,1105
chr1,10010308,10011143,NO,835
chrX,149872527,149873311,NO,784
chr5,159573845,159574552,NO,707
chr4,40843869,40845496,NO,1627
chr5,45335443,45336466,NO,1023
chr3,49876523,49877913,NO,1390
chr5,124532040,124532920,NO,880
chr12,121678348,121679486,NO,1138
chr17,78623039,78624514,NO,1475
chr15,29526928,29527590,NO,662
chr3,153960385,153962497,NO,2112
chr2,228727358,228742790,NO,15432
chr3,49918816,49920369,NO,1553
chr10,37070428,37071118,NO,690
chr2,178499229,178499989,NO,760
chr2,229008224,229009015,NO,791
chr7,111617837,111628469,NO,10632
chr17,28590365,28591352,NO,987
chr11,48125249,48125997,NO,748
chr8,142014964,142015782,NO,818
chr11,65462785,65464139,NO,1354
chr18,43198960,43200249,NO,1289
chr10,29915982,29916827,NO,845
chr9,135794819,135795799,NO,980
chr9,46843579,46844229,NO,650
chr3,42492965,42493881,NO,916
chr12,12234744,12235621,NO,877
chr10,75475387,75476226,NO,839
chr1,205144363,205153520,NO,9157
chr7,65878591,65879120,NO,529
chr6,151929583,151930988,NO,1405
chr4,39043969,39044455,NO,486
chr2,190787810,190795867,NO,8057
chr5,101963994,101964823,NO,829
chr2,70362724,70363574,NO,850
chr13,38989397,38989989,NO,592
chr14,45534800,45535675,NO,875
chr6,114084553,114085417,NO,864
chr5,68338735,68339502,NO,767
chr10,64996220,64996971,NO,751
chr3,23653237,23654438,NO,1201
chr7,129699274,129700124,NO,850
chr22,25938587,25939373,NO,786
chr8,41342649,41343597,NO,948
chr2,173754448,173755209,NO,761
chr1,225712156,225715059,NO,2903
chr9,83987589,83988572,NO,983
chr22,41361621,41362731,NO,1110
chr8,30573444,30574175,NO,731
chr19,14653279,14654054,NO,775
chr6,17167513,17168182,NO,669
chr12,63133100,63134044,NO,944
chr12,5546043,5547196,NO,1153
chr6,44935166,44942545,NO,7379
chr3,187887127,187888167,NO,1040
chr2,70160426,70161749,NO,1323
chr16,83804481,83805309,NO,828
chr10,112115956,112117160,NO,1204
chr10,3762469,3763519,NO,1050
chr5,137946129,137947622,NO,1493
chr12,112012620,112013499,NO,879
chr5,38370243,38371820,NO,1577
chr5,70829194,70829725,NO,531
chr5,68386900,68387651,NO,751
chr15,91951801,91952468,NO,667
chr15,66696961,66698154,NO,1193
chr9,3336932,3337990,NO,1058
chr9,125627064,125627980,NO,916
chr3,74788029,74788798,NO,769
chr13,110132288,110133383,NO,1095
chr9,131545869,131546566,NO,697
chr16,87066281,87067726,NO,1445
chr13,36448472,36449339,NO,867
chr1,115951792,115952665,NO,873
chrX,153556834,153558082,NO,1248
chr2,175671688,175672544,NO,856
chr9,97869066,97869786,NO,720
chr5,54599116,54599784,NO,668
chr8,29172146,29173451,NO,1305
chr9,131987349,131988640,NO,1291
chr5,37209107,37209856,NO,749
chrX,71223620,71224454,NO,834
chr14,56471421,56472551,NO,1130
chr4,149194651,149195293,NO,642
chr8,141578229,141579421,NO,1192
chr15,101260647,101262146,NO,1499
chr11,65207002,65208196,NO,1194
chr9,44401680,44402330,NO,650
chr18,44670402,44671149,NO,747
chr1,15586859,15588530,NO,1671
chr6,4647376,4648360,NO,984
chr15,29077120,29077824,NO,704
chrX,50361560,50362861,NO,1301
chr4,77751601,77752996,NO,1395
chr6,47028873,47030158,NO,1285
chr17,38212360,38213304,NO,944
chr1,148604515,148605319,NO,804
chr3,63961238,63961971,NO,733
chr19,32397481,32398142,NO,661
chr12,57114747,57115734,NO,987
chr21,16493527,16494498,NO,971
chr12,95512308,95513064,NO,756
chr17,45012503,45013994,NO,1491
chr18,12838177,12839653,NO,1476
chr16,64509538,64510314,NO,776
chr13,40055498,40056441,NO,943
chr1,87691502,87692706,NO,1204
chr19,48625043,48626087,NO,1044
chr11,63440609,63441483,NO,874
chr19,47031241,47032107,NO,866
chr1,59387852,59388918,NO,1066
chr3,49435051,49435811,NO,760
chr1,10672258,10673332,NO,1074
chr14,92444436,92445109,NO,673
chr6,152084441,152085448,NO,1007
chr14,22838433,22839226,NO,793
chr1,28211623,28212267,NO,644
chr9,98406308,98407429,NO,1121
chr17,67577412,67578110,NO,698
chr9,93903778,93904509,NO,731
chr7,69941588,69942686,NO,1098
chr11,74616070,74620351,NO,4281
chr17,1750229,1750965,NO,736
chr4,140065651,140066437,NO,786
chr14,63740035,63741063,NO,1028
chr7,87102274,87103016,NO,742
chr1,95507716,95508515,NO,799
chr2,20018658,20019749,NO,1091
chr6,145468808,145469696,NO,888
chr11,30225414,30226275,NO,861
chr10,15387060,15387938,NO,878
chr6,71108431,71109560,NO,1129
chr2,238036310,238037122,NO,812
chr1,245934841,245935802,NO,961
chr4,152065297,152066342,NO,1045
chr6,130029008,130030063,NO,1055
chr5,169230268,169231243,NO,975
chr3,81603813,81604369,NO,556
chr14,104042541,104043351,NO,810
chr2,25479145,25480675,NO,1530
chr6,27720604,27721359,NO,755
chr3,52333401,52348793,NO,15392
chr1,237937389,237938328,NO,939
chr2,99374110,99374985,NO,875
chr1,168736795,168737653,NO,858
chr15,93794308,93795443,NO,1135
chr3,187993622,187994617,NO,995
chr10,74123964,74124832,NO,868
chr1,149044439,149045893,NO,1454
chr4,138450626,138451701,NO,1075
chr5,76013473,76014461,NO,988
chr3,112835874,112837104,NO,1230
chr7,14638642,14639484,NO,842
chr2,48742584,48753817,NO,11233
chr20,30109644,30110407,NO,763
chr1,209893492,209894782,NO,1290
chr5,137387337,137388114,NO,777
chr15,64799231,64800335,NO,1104
chr7,122488100,122488969,NO,869
chr9,130977033,130978116,NO,1083
chr1,240926986,240927417,NO,431
chr15,33165351,33166205,NO,854
chr1,198155934,198157215,NO,1281
chr15,94029646,94030534,NO,888
chr1,154151029,154152289,NO,1260
chr14,54830902,54832002,NO,1100
chr2,235587916,235588799,NO,883
chr1,3636698,3637872,NO,1174
chr11,4631136,4632104,NO,968
chr4,185697006,185698072,NO,1066
chr14,71708671,71709827,NO,1156
chr11,46823239,46824178,NO,939
chr1,56161863,56163004,NO,1141
chr13,37411190,37412095,NO,905
chr1,176463162,176464450,NO,1288
chr5,153421547,153422523,NO,976
chr4,160350072,160350899,NO,827
chr13,42401639,42402384,NO,745
chr18,12975782,12976713,NO,931
chr15,48829070,48830303,NO,1233
chr21,28942238,28943168,NO,930
chr22,32072623,32073382,NO,759
chr16,89489307,89490103,NO,796
chr12,51180015,51180909,NO,894
chr1,40343554,40344798,NO,1244
chr13,52761264,52762255,NO,991
chr12,106246293,106247461,NO,1168
chr2,239142815,239143556,NO,741
chr5,55808118,55808954,NO,836
chr2,183900333,183901496,NO,1163
chr17,19882844,19883906,NO,1062
chr20,23736029,23736571,NO,542
chr12,95037752,95038505,NO,753
chr7,157064195,157065623,NO,1428
chr11,120234247,120234949,NO,702
chr6,20333951,20334679,NO,728
chr19,42617606,42618728,NO,1122
chr6,141783370,141784845,NO,1475
chr19,37852930,37853797,NO,867
chr6,163663830,163664974,NO,1144
chr5,1568084,1569210,NO,1126
chr7,131013846,131014678,NO,832
chr6,136335632,136336513,NO,881
chr17,73966202,73970076,NO,3874
chr3,155109215,155110094,NO,879
chr8,131739215,131740217,NO,1002
chr22,17909144,17916024,NO,6880
chr3,32388566,32389687,NO,1121
chr17,4837193,4838248,NO,1055
chr7,3740317,3740780,NO,463
chr1,142890511,142891170,NO,659
chr21,10163699,10164358,NO,659
chr4,16545868,16547046,NO,1178
chr4,124180905,124182365,NO,1460
chr4,2572056,2573408,NO,1352
chr1,182931675,182932370,NO,695
chr17,1250790,1251764,NO,974
chr1,45799870,45800835,NO,965
chrX,149282339,149282852,NO,513
chr16,27297349,27298669,NO,1320
chr2,31491512,31492530,NO,1018
chr1,212643139,212643856,NO,717
chr3,49351529,49354967,NO,3438
chr11,126455301,126456524,NO,1223
chr3,36825814,36826657,NO,843
chr14,90258909,90260693,NO,1784
chr3,54925103,54926289,NO,1186
chr8,56885140,56886016,NO,876
chr11,94509496,94510278,NO,782
chr3,58202829,58203593,NO,764
chr6,17703326,17703930,NO,604
chr2,122589489,122590801,NO,1312
chr6,151694933,151696066,NO,1133
chr1,148766545,148767353,NO,808
chr16,79575742,79576907,NO,1165
chrX,102020310,102021263,NO,953
chr1,203417224,203418180,NO,956
chrX,135156092,135156930,NO,838
chr15,69046979,69047803,NO,824
chr5,9151769,9152618,NO,849
chr20,12146861,12147437,NO,576
chrX,44993431,44994491,NO,1060
chr7,116269017,116269804,NO,787
chr11,47302190,47303354,NO,1164
chr12,105142191,105143282,NO,1091
chr3,14081136,14081711,NO,575
chr4,25860751,25861604,NO,853
chr12,115664509,115665434,NO,925
chr2,65269955,65271032,NO,1077
chr2,202560492,202561696,NO,1204
chr2,218276844,218277926,NO,1082
chr4,53780275,53781042,NO,767
chr6,164836521,164837262,NO,741
chr13,114128199,114129362,NO,1163
chr16,15049487,15050317,NO,830
chr20,43951407,43952156,NO,749
chr1,153611504,153612537,NO,1033
chr5,836023,836787,NO,764
chr5,178336450,178337253,NO,803
chr2,14774573,14776043,NO,1470
chr15,84415676,84416665,NO,989
chr6,109786747,109787694,NO,947
chr3,71054842,71056903,NO,2061
chr16,79471565,79472841,NO,1276
chr17,65253600,65254580,NO,980
chrX,128910878,128911893,NO,1015
chr7,110633700,110634785,NO,1085
chr5,114660451,114661356,NO,905
chr16,72821002,72822097,NO,1095
chr2,33383308,33384533,NO,1225
chr2,27194952,27205598,NO,10646
chr2,27408093,27409035,NO,942
chr10,93140892,93141787,NO,895
chr8,124933969,124935091,NO,1122
chr15,90716170,90717031,NO,861
chr8,146029999,146030635,NO,636
chr16,67675565,67676762,NO,1197
chr12,112534487,112535286,NO,799
chr15,82502392,82503222,NO,830
chr13,36553079,36553902,NO,823
chr12,1885096,1886123,NO,1027
chr15,58000904,58001844,NO,940
chr2,192067390,192068439,NO,1049
chr2,161491691,161492524,NO,833
chr12,20193569,20194329,NO,760
chr3,113332805,113333740,NO,935
chr8,122557798,122558645,NO,847
chr5,55218861,55219766,NO,905
chr17,15607844,15608502,NO,658
chr13,99937683,99938512,NO,829
chr4,129375618,129376773,NO,1155
chr19,7134632,7135802,NO,1170
chr16,9472194,9473715,NO,1521
chr3,55519249,55519944,NO,695
chr3,123241433,123242375,NO,942
chr3,102418402,102419070,NO,668
chr5,15620775,15622011,NO,1236
chr6,130341334,130342504,NO,1170
chr6,20810910,20811651,NO,741
chr5,34585775,34587015,NO,1240
chr1,109151773,109153263,NO,1490
chr15,92958345,92959605,NO,1260
chrX,114264886,114265569,NO,683
chr9,130905697,130907433,NO,1736
chr20,1649325,1651009,NO,1684
chr19,48265635,48266836,NO,1201
chr7,35634975,35636381,NO,1406
chr4,188891308,188891806,NO,498
chr1,100909380,100910299,NO,919
chr12,116228575,116229486,NO,911
chr11,111953205,111954370,NO,1165
chr9,90363159,90364039,NO,880
chr5,79705337,79707810,NO,2473
chr2,171608036,171608458,NO,422
chr11,22453860,22454753,NO,893
chrX,54445698,54446471,NO,773
chr7,139889934,139890535,NO,601
chr6,21769472,21770244,NO,772
chrX,19790432,19791535,NO,1103
chr10,91348825,91349624,NO,799
chr10,25970945,25971972,NO,1027
chr12,46098853,46099789,NO,936
chr4,185204803,185205819,NO,1016
chr8,70845550,70846428,NO,878
chr1,176534771,176536071,NO,1300
chr2,226895463,226896570,NO,1107
chr9,92507195,92508612,NO,1417
chr22,29545621,29546637,NO,1016
chr1,36692011,36692989,NO,978
chr9,139544211,139544911,NO,700
chr12,31013068,31013777,NO,709
chr2,74097137,74097973,NO,836
chr9,72489224,72490137,NO,913
chr19,3939416,3940307,NO,891
chr22,40989523,40990205,NO,682
chr1,32866405,32867249,NO,844
chr3,187646907,187647843,NO,936
chr5,124033918,124034665,NO,747
chr3,169040834,169042271,NO,1437
chr7,158109945,158111216,NO,1271
chr4,25924834,25930693,NO,5859
chr14,92955953,92978243,NO,22290
chr18,3265873,3266703,NO,830
chr1,154702088,154715050,NO,12962
chr11,48085429,48086133,NO,704
chrX,13242409,13243031,NO,622
chr2,11397017,11397821,NO,804
chr17,35807535,35808568,NO,1033
chr5,71895339,71896098,NO,759
chr17,68472556,68473596,NO,1040
chr11,63790735,63791797,NO,1062
chr8,121666169,121667229,NO,1060
chr1,98088340,98089124,NO,784
chr16,69122944,69124494,NO,1550
chr8,104372065,104372784,NO,719
chr5,142466144,142467212,NO,1068
chr10,70630277,70631233,NO,956
chr14,93052980,93053874,NO,894
chr2,169934180,169934951,NO,771
chr6,168151295,168152585,NO,1290
chrX,154027547,154028397,NO,850
chr6,22928961,22929653,NO,692
chr3,64580756,64581589,NO,833
chr10,21581662,21582363,NO,701
chr2,32426415,32426842,NO,427
chr2,191281904,191282676,NO,772
chr12,15752107,15752955,NO,848
chr22,43013139,43014183,NO,1044
chr6,34430092,34430914,NO,822
chr20,46907896,46908679,NO,783
chr10,90030872,90031799,NO,927
chr9,89336078,89348408,NO,12330
chr16,66581820,66582860,NO,1040
chr3,14767252,14768173,NO,921
chr15,99926113,99926984,NO,871
chr17,55015083,55015791,NO,708
chr18,10353715,10354860,NO,1145
chr20,22775852,22776822,NO,970
chr11,9230105,9231228,NO,1123
chr19,11009466,11010611,NO,1145
chr21,35708897,35710250,NO,1353
chr9,113506832,113507389,NO,557
chrX,122898793,122899645,NO,852
chr3,97620495,97621189,NO,694
chr10,73963927,73965115,NO,1188
chr4,42031013,42031721,NO,708
chr7,80155349,80156153,NO,804
chr3,88080797,88081553,NO,756
chr15,48872273,48872950,NO,677
chr2,230131148,230132073,NO,925
chr10,3976939,3977864,NO,925
chr17,10195111,10196303,NO,1192
chr2,219109256,219110503,NO,1247
chr1,182758282,182759413,NO,1131
chr1,7020038,7021139,NO,1101
chr7,127221936,127222899,NO,963
chr10,118515426,118516332,NO,906
chr2,74481121,74481934,NO,813
chr7,117110658,117111293,NO,635
chr17,3640923,3642298,NO,1375
chr5,157254868,157255651,NO,783
chr6,170626457,170627350,NO,893
chr7,36215130,36231300,NO,16170
chr15,25982547,25983803,NO,1256
chr12,22685308,22686902,NO,1594
chr5,55288676,55289291,NO,615
chr7,2309045,2309948,NO,903
chr8,28742089,28743010,NO,921
chrX,21797030,21797820,NO,790
chr5,57315301,57316335,NO,1034
chr16,81807795,81808733,NO,938
chr7,55000753,55001517,NO,764
chr1,221016718,221017717,NO,999
chr2,202873681,202874252,NO,571
chr4,105673731,105674355,NO,624
chr1,226711037,226711800,NO,763
chr2,165910981,165912050,NO,1069
chrX,37230651,37231264,NO,613
chr1,169129967,169130837,NO,870
chr5,133485547,133486857,NO,1310
chr1,110158955,110160097,NO,1142
chr2,173042889,173043401,NO,512
chr3,148897801,148898687,NO,886
chr10,31815662,31817372,NO,1710
chr7,76959316,76960119,NO,803
chr5,15901986,15902781,NO,795
chr1,42192400,42193918,NO,1518
chr19,11454878,11455603,NO,725
chr18,13112301,13113175,NO,874
chrX,3366350,3367428,NO,1078
chr21,44285557,44286891,NO,1334
chr3,141678976,141679979,NO,1003
chr3,73047509,73048323,NO,814
chr5,32193372,32194325,NO,953
chr20,3132373,3133397,NO,1024
chr3,142858253,142870921,NO,12668
chr18,43657246,43658219,NO,973
chr7,107754217,107755046,NO,829
chr3,148673524,148674538,NO,1014
chr7,134354527,134355252,NO,725
chr10,82422486,82423103,NO,617
chr19,49981908,49982588,NO,680
chr14,31698818,31699663,NO,845
chr8,99309018,99310153,NO,1135
chr5,111702077,111703310,NO,1233
chr2,202223498,202224245,NO,747
chr2,36882777,36883573,NO,796
chr7,24818000,24819326,NO,1326
chr11,9841746,9842612,NO,866
chr2,114643838,114644890,NO,1052
chr7,93778908,93779601,NO,693
chr6,106550795,106551949,NO,1154
chr6,33853955,33855240,NO,1285
chr6,157313294,157314185,NO,891
chr18,3251807,3252472,NO,665
chr1,168659191,168659976,NO,785
chr11,111778325,111779271,NO,946
chr12,30354133,30354738,NO,605
chr1,46633870,46634669,NO,799
chr8,59472317,59473193,NO,876
chr3,127326538,127327722,NO,1184
chr14,89680323,89681319,NO,996
chr20,43952775,43953677,NO,902
chr3,141928773,141929460,NO,687
chr4,54542287,54543432,NO,1145
chr10,62113122,62114184,NO,1062
chr4,24780256,24781117,NO,861
chr5,97645479,97646416,NO,937
chr3,23753547,23754716,NO,1169
chr1,224432828,224440233,NO,7405
chr6,135061615,135062390,NO,775
chr5,78074813,78075591,NO,778
chr3,178540804,178542195,NO,1391
chr9,36074698,36075463,NO,765
chr7,74026458,74027337,NO,879
chr5,113785791,113786558,NO,767
chr15,60953337,60953822,NO,485
chr8,41121656,41122675,NO,1019
chr16,81684200,81685530,NO,1330
chr1,206603519,206604439,NO,920
chr3,197381531,197382015,NO,484
chr5,1597088,1597944,NO,856
chr14,25164188,25165460,NO,1272
chr3,185000165,185001308,NO,1143
chr13,41187320,41188683,NO,1363
chrX,15933798,15934897,NO,1099
chr1,84568586,84569411,NO,825
chr2,12332774,12333660,NO,886
chr2,171386472,171387526,NO,1054
chrX,18359144,18359669,NO,525
chr16,50299754,50301105,NO,1351
chr20,55129637,55130324,NO,687
chr5,16894496,16895165,NO,669
chr10,112962548,112963372,NO,824
chr3,156161530,156162605,NO,1075
chr1,183811051,183812081,NO,1030
chr10,67100750,67101670,NO,920
chr15,64690380,64691110,NO,730
chr20,37385553,37386787,NO,1234
chr17,80843717,80844605,NO,888
chr10,31322931,31323690,NO,759
chrX,63263792,63264452,NO,660
chr10,24457215,24458118,NO,903
chr20,25834186,25834939,NO,753
chr18,25624843,25625925,NO,1082
chr19,16796049,16796797,NO,748
chr2,204276396,204277422,NO,1026
chr12,65021039,65021863,NO,824
chr11,57671014,57671832,NO,818
chr18,7789989,7791813,NO,1824
chr10,76897541,76898327,NO,786
chr3,47756693,47757488,NO,795
chr1,19855868,19856893,NO,1025
chr1,192847695,192848734,NO,1039
chr1,236332297,236333063,NO,766
chr2,71370384,71371300,NO,916
chr17,40850373,40851724,NO,1351
chr11,4046187,4047207,NO,1020
chr2,221800578,221801322,NO,744
chr20,3341543,3342348,NO,805
chr7,90203282,90204508,NO,1226
chr15,66064021,66064770,NO,749
chr10,65373960,65374628,NO,668
chr15,42310493,42311689,NO,1196
chr12,91534740,91535768,NO,1028
chr12,107133340,107134331,NO,991
chr2,43210837,43211774,NO,937
chr3,98411766,98412492,NO,726
chr3,195361669,195362153,NO,484
chr7,129630070,129631068,NO,998
chr6,136008098,136008861,NO,763
chr20,33479388,33480431,NO,1043
chr3,138518333,138519089,NO,756
chr16,15656140,15657115,NO,975
chrX,13894541,13895655,NO,1114
chr10,112305725,112306771,NO,1046
chr17,40499304,40500057,NO,753
chr20,1102670,1103808,NO,1138
chr6,129240705,129241445,NO,740
chr9,139573316,139574665,NO,1349
chr7,101958809,101960095,NO,1286
chr11,86690385,86691349,NO,964
chr2,134598924,134599644,NO,720
chr9,137417364,137437825,NO,20461
chr15,63728558,63729782,NO,1224
chr2,69886558,69887745,NO,1187
chr20,52025019,52025787,NO,768
chr3,127832892,127833886,NO,994
chr3,111835464,111836324,NO,860
chr5,138922838,138923617,NO,779
chr3,120025337,120026033,NO,696
chr2,73957929,73958515,NO,586
chr12,46883249,46884362,NO,1113
chr5,113521086,113521739,NO,653
chr12,47771156,47772357,NO,1201
chr3,48934094,48934808,NO,714
chr2,237192778,237193374,NO,596
chr19,59092179,59093018,NO,839
chr13,26899504,26900781,NO,1277
chr2,212764623,212765220,NO,597
chr6,13268602,13269704,NO,1102
chr7,69528947,69537779,NO,8832
chr1,83600010,83600937,NO,927
chr20,1757380,1758324,NO,944
chr1,207519162,207520349,NO,1187
chr2,65225445,65226394,NO,949
chrX,19884849,19885998,NO,1149
chr8,74746675,74747295,NO,620
chr4,177304548,177305244,NO,696
chr10,95970020,95971223,NO,1203
chr1,246810400,246811333,NO,933
chr14,68352952,68353614,NO,662
chr12,60103853,60105085,NO,1232
chr4,48033941,48034407,NO,466
chr21,45441290,45442101,NO,811
chr1,162741586,162742275,NO,689
chr12,29542091,29542879,NO,788
chr1,171050610,171051301,NO,691
chr2,190202611,190211993,NO,9382
chr2,1136578,1137767,NO,1189
chr8,38205354,38206121,NO,767
chr16,16958348,16959485,NO,1137
chr3,46103721,46104574,NO,853
chrX,71209347,71209957,NO,610
chr18,5519050,5519976,NO,926
chr11,75794842,75795328,NO,486
chr17,71334016,71335345,NO,1329
chr5,179434452,179435615,NO,1163
chr4,75025539,75027962,NO,2423
chr15,77891457,77900716,NO,9259
chr4,30745983,30747354,NO,1371
chr20,56157740,56158789,NO,1049
chr9,127004658,127005746,NO,1088
chr6,41550931,41552923,NO,1992
chr20,45752999,45753498,NO,499
chr10,89283462,89284311,NO,849
chr6,140590829,140591702,NO,873
chr12,64962655,64963500,NO,845
chr10,34722642,34723502,NO,860
chr10,69366233,69367121,NO,888
chr8,64112463,64113111,NO,648
chr10,92647572,92648457,NO,885
chrX,123039984,123040864,NO,880
chr22,24906372,24907510,NO,1138
chr17,17772384,17773238,NO,854
chr4,130466587,130467599,NO,1012
chr12,60088820,60089572,NO,752
chrX,104724640,104725379,NO,739
chr4,143049460,143050257,NO,797
chr2,131577342,131578315,NO,973
chr13,114052056,114053043,NO,987
chr13,90015244,90015692,NO,448
chr3,177176800,177177652,NO,852
chr21,41446052,41447219,NO,1167
chr16,88545263,88546209,NO,946
chr3,127892509,127893433,NO,924
chr1,39394887,39395587,NO,700
chr5,80376381,80377643,NO,1262
chr18,60974625,60975469,NO,844
chr7,80128598,80129248,NO,650
chr11,106886732,106887761,NO,1029
chr1,20591433,20592521,NO,1088
chr12,113764363,113765311,NO,948
chr6,129604862,129605829,NO,967
chr2,169203273,169204028,NO,755
chr6,154935366,154936234,NO,868
chr12,15333176,15334194,NO,1018
chr8,103589028,103590648,NO,1620
chr1,210678800,210679824,NO,1024
chr8,49594998,49596077,NO,1079
chr10,90103306,90103873,NO,567
chr17,33541408,33545967,NO,4559
chr10,60336522,60337348,NO,826
chr12,117156694,117157632,NO,938
chr5,35789106,35790006,NO,900
chr1,172795376,172796212,NO,836
chr20,57753876,57755118,NO,1242
chr11,78271903,78272675,NO,772
chr2,233532617,233533393,NO,776
chr18,43029036,43029901,NO,865
chr11,30475035,30475791,NO,756
chrX,13070535,13071224,NO,689
chr10,95751348,95752102,NO,754
chrX,129905672,129906591,NO,919
chr2,169832468,169833340,NO,872
chr4,31024385,31025105,NO,720
chr5,155796866,155797655,NO,789
chr19,50175122,50175978,NO,856
chr13,36044770,36045692,NO,922
chrX,67938747,67940179,NO,1432
chr4,111401647,111402347,NO,700
chr1,23246779,23248547,NO,1768
chr14,89947449,89948333,NO,884
chr8,129527025,129527759,NO,734
chr4,184256647,184257256,NO,609
chr1,64563752,64564519,NO,767
chr21,37222523,37223480,NO,957
chr5,138723558,138724678,NO,1120
chr1,39174307,39175140,NO,833
chr11,100655559,100656730,NO,1171
chr5,10503394,10504608,NO,1214
chr1,24562638,24563933,NO,1295
chr9,115926392,115927883,NO,1491
chr5,90485633,90486507,NO,874
chr18,7414070,7415442,NO,1372
chr2,229948381,229949230,NO,849
chr4,54187436,54188457,NO,1021
chr7,75534938,75536092,NO,1154
chr4,63901809,63902626,NO,817
chr3,150477265,150478375,NO,1110
chr8,102843760,102844875,NO,1115
chr4,129230028,129230896,NO,868
chr17,60896642,60897474,NO,832
chr7,102080347,102081439,NO,1092
chr4,141631937,141632743,NO,806
chr6,129327580,129328452,NO,872
chr1,86094371,86095313,NO,942
chr11,68332931,68333951,NO,1020
chr2,27349077,27349825,NO,748
chr8,71127199,71127971,NO,772
chr3,188341436,188342664,NO,1228
chr15,63270180,63271209,NO,1029
chr22,43000040,43000931,NO,891
chr14,54938360,54939205,NO,845
chr11,11967808,11968762,NO,954
chr9,119233302,119233960,NO,658
chr1,39468435,39469368,NO,933
chr18,72722033,72722845,NO,812
chr13,43701342,43702550,NO,1208
chr19,49597874,49599021,NO,1147
chr11,35213630,35214381,NO,751
chr16,69051025,69051981,NO,956
chr18,60742116,60742715,NO,599
chr1,117362758,117363507,NO,749
chr1,236506285,236507339,NO,1054
chr5,177711827,177712461,NO,634
chr13,20239383,20240573,NO,1190
chr1,87617066,87618276,NO,1210
chr11,116801981,116803128,NO,1147
chr7,105127883,105128675,NO,792
chr7,80529578,80530198,NO,620
chr9,6995976,6996848,NO,872
chr4,65399013,65399798,NO,785
chr15,46381523,46382329,NO,806
chr12,12491293,12492238,NO,945
chr17,4952690,4953466,NO,776
chr10,107502444,107503278,NO,834
chr3,156350888,156351903,NO,1015
chr2,87064136,87065137,NO,1001
chr7,45961699,45963109,NO,1410
chr3,28819086,28820006,NO,920
chr5,167550753,167551887,NO,1134
chr2,201768598,201769405,NO,807
chr12,83044169,83045113,NO,944
chrX,71840388,71841375,NO,987
chr2,1392511,1393301,NO,790
chr1,154679946,154680857,NO,911
chr15,41455167,41455748,NO,581
chr1,101301234,101302009,NO,775
chr19,2893663,2894324,NO,661
chr6,37409895,37410743,NO,848
chr19,36242774,36244423,NO,1649
chr3,173631081,173632351,NO,1270
chr13,21723307,21724116,NO,809
chr17,53529447,53530692,NO,1245
chr15,42623091,42623939,NO,848
chr17,59018105,59018780,NO,675
chr15,76193692,76194860,NO,1168
chr8,130564344,130565226,NO,882
chr12,9144355,9145213,NO,858
chr16,22057528,22058275,NO,747
chr1,180823325,180824241,NO,916
chr2,36198439,36199088,NO,649
chr1,32689039,32690186,NO,1147
chr10,76123930,76124851,NO,921
chrX,40385381,40386273,NO,892
chr8,107798768,107799515,NO,747
chr5,82699798,82700586,NO,788
chr10,6059892,6060977,NO,1085
chr7,65366114,65367207,NO,1093
chr1,208649945,208650900,NO,955
chr5,151667742,151668999,NO,1257
chr7,80309366,80310349,NO,983
chr18,57273557,57274452,NO,895
chr14,68089230,68089786,NO,556
chr2,64368674,64369255,NO,581
chr8,97803607,97804237,NO,630
chr1,146373514,146374075,NO,561
chr3,23608987,23609913,NO,926
chr6,162959431,162960185,NO,754
chr17,62354634,62355629,NO,995
chr6,47618838,47619713,NO,875
chr7,33814861,33816199,NO,1338
chr2,226983036,226996720,NO,13684
chr3,30441767,30442962,NO,1195
chr18,72548118,72549034,NO,916
chr3,167839002,167839599,NO,597
chr14,92942109,92942827,NO,718
chr5,142481436,142482325,NO,889
chr12,122222393,122223230,NO,837
chr3,183024317,183027740,NO,3423
chr22,26365816,26367136,NO,1320
chr15,87167969,87168709,NO,740
chr4,109480865,109481824,NO,959
chr3,153002868,153003386,NO,518
chr10,17241148,17241889,NO,741
chr2,191542974,191543988,NO,1014
chr5,114830263,114837648,NO,7385
chr2,107127691,107128692,NO,1001
chr5,17069929,17070816,NO,887
chr10,120766041,120767182,NO,1141
chr4,139607260,139608183,NO,923
chr10,44475646,44476570,NO,924
chr2,176755126,176755956,NO,830
chr6,90807976,90808897,NO,921
chr8,110274612,110275156,NO,544
chr1,26377316,26378088,NO,772
chr11,114210821,114211926,NO,1105
chr10,61567458,61568317,NO,859
chr1,212375719,212376547,NO,828
chr12,12185736,12186568,NO,832
chr8,7774780,7775587,NO,807
chr8,7251361,7252168,NO,807
chr1,207970907,207971912,NO,1005
chr16,68212938,68213619,NO,681
chr14,94174583,94175458,NO,875
chr6,2202640,2203497,NO,857
chr7,66585850,66594955,NO,9105
chr4,11545353,11546070,NO,717
chr18,475111,476095,NO,984
chr7,138956390,138957453,NO,1063
chr6,35063767,35064716,NO,949
chr8,19246147,19247657,NO,1510
chr4,177702631,177703494,NO,863
chr8,70535823,70536889,NO,1066
chr7,115778802,115779607,NO,805
chr4,103552709,103553414,NO,705
chr6,44383727,44384592,NO,865
chr6,155571651,155572568,NO,917
chr17,76202477,76203384,NO,907
chr3,147398574,147399273,NO,699
chr9,128582411,128583088,NO,677
chrX,57421678,57422008,NO,330
chr7,138248711,138249835,NO,1124
chr18,56709219,56709894,NO,675
chr6,116395774,116396438,NO,664
chr11,16378429,16379216,NO,787
chr3,16706372,16707286,NO,914
chr11,34348832,34349897,NO,1065
chr1,171403903,171404699,NO,796
chr20,33637512,33638303,NO,791
chr12,88923312,88924102,NO,790
chr14,54640556,54641446,NO,890
chr3,29426468,29427172,NO,704
chr7,134154381,134155260,NO,879
chr5,42620918,42621662,NO,744
chr11,109816952,109817695,NO,743
chr17,40352343,40353635,NO,1292
chr2,207480040,207481169,NO,1129
chr3,152074747,152075962,NO,1215
chr11,121287666,121288364,NO,698
chr6,133872644,133873756,NO,1112
chr12,68845002,68846001,NO,999
chr20,51693857,51694791,NO,934
chrX,24817143,24817958,NO,815
chr8,57593874,57594679,NO,805
chr10,129325441,129326454,NO,1013
chr6,125616051,125616851,NO,800
chr2,39479875,39480979,NO,1104
chr18,47252112,47253249,NO,1137
chr18,47217544,47218396,NO,852
chr17,36388879,36389701,NO,822
chr8,80963243,80964400,NO,1157
chr1,204232174,204233194,NO,1020
chr11,122678533,122679608,NO,1075
chr7,37123144,37123869,NO,725
chr2,69765907,69766940,NO,1033
chr1,32608189,32609120,NO,931
chr6,36547377,36548201,NO,824
chr8,61916644,61917737,NO,1093
chr4,78141922,78142647,NO,725
chr4,12173384,12174304,NO,920
chr18,54612270,54613144,NO,874
chr8,74877982,74879013,NO,1031
chr22,29759621,29760452,NO,831
chr13,78433953,78435421,NO,1468
chr8,42286764,42287694,NO,930
chr2,145364601,145365421,NO,820
chr1,160966823,160968052,NO,1229
chr1,57596950,57598335,NO,1385
chr16,22082101,22083067,NO,966
chr1,6606172,6607564,NO,1392
chr19,14250392,14251287,NO,895
chr19,34966002,34966867,NO,865
chr7,72147296,72156433,NO,9137
chr2,237981726,237982857,NO,1131
chr1,61742622,61743544,NO,922
chr12,54671557,54672345,NO,788
chr5,71687780,71699293,NO,11513
chr5,179161274,179162059,NO,785
chr8,58824277,58825132,NO,855
chr5,31987910,31989321,NO,1411
chrX,31289858,31290530,NO,672
chr5,77672768,77684161,NO,11393
chr16,67522940,67523971,NO,1031
chr1,9918910,9920128,NO,1218
chr18,71230562,71231167,NO,605
chr3,99928596,99929812,NO,1216
chr2,237425908,237426606,NO,698
chr4,141612103,141612951,NO,848
chr12,88704242,88704918,NO,676
chr2,207396061,207396919,NO,858
chr2,166430271,166431020,NO,749
chr1,229099988,229100792,NO,804
chr7,46017335,46018726,NO,1391
chr1,110529741,110530490,NO,749
chr16,63564474,63565294,NO,820
chr2,42225184,42226207,NO,1023
chr4,11507195,11508031,NO,836
chr11,57796302,57797065,NO,763
chr2,24491745,24492754,NO,1009
chr2,8619093,8620240,NO,1147
chr9,8366096,8367153,NO,1057
chr6,140029693,140030455,NO,762
chr9,136815358,136816930,NO,1572
chr20,4306257,4307105,NO,848
chr17,43173555,43174530,NO,975
chr11,122644574,122645453,NO,879
chr16,11677645,11678734,NO,1089
chr15,44394699,44395503,NO,804
chrX,43672518,43673363,NO,845
chr10,75492696,75493466,NO,770
chr4,88598911,88600070,NO,1159
chr10,12749422,12750479,NO,1057
chr13,114122767,114123994,NO,1227
chr3,65671353,65672043,NO,690
chr3,179570757,179571525,NO,768
chr6,148649950,148650952,NO,1002
chr10,130819735,130820727,NO,992
chr14,72943099,72943996,NO,897
chr3,133863457,133864386,NO,929
chr4,88235512,88236042,NO,530
chr16,78351214,78352204,NO,990
chr17,47467507,47468665,NO,1158
chr2,184355368,184356376,NO,1008
chr2,208752382,208753067,NO,685
chr20,4101448,4102396,NO,948
chr16,55328313,55329452,NO,1139
chr5,42691453,42692291,NO,838
chr4,149276271,149277264,NO,993
chr2,25351830,25352484,NO,654
chr5,168296498,168297254,NO,756
chr1,70906968,70908280,NO,1312
chr3,25828737,25829738,NO,1001
chr22,21056891,21057494,NO,603
chrX,133406185,133406762,NO,577
chr13,76589050,76589582,NO,532
chr1,56542441,56543137,NO,696
chr9,6833381,6834036,NO,655
chr10,101888631,101889606,NO,975
chr4,170020849,170021615,NO,766
chrX,154948543,154949458,NO,915
chr17,41508515,41509678,NO,1163
chr12,77718237,77719208,NO,971
chr4,38491664,38492486,NO,822
chr11,104281054,104281610,NO,556
chr11,86525509,86526580,NO,1071
chr1,117076553,117077318,NO,765
chr11,123008254,123009180,NO,926
chr13,29132624,29133237,NO,613
chr9,7172891,7173760,NO,869
chrX,47722219,47722801,NO,582
chr7,78347393,78349174,NO,1781
chr7,45604107,45604887,NO,780
chr6,169589717,169590726,NO,1009
chr1,60322271,60323291,NO,1020
chr6,34527988,34529217,NO,1229
chr6,168178039,168178870,NO,831
chr4,63797082,63806651,NO,9569
chr1,236246627,236247642,NO,1015
chr1,200153188,200153982,NO,794
chr11,115138374,115139204,NO,830
chr8,129984996,129985715,NO,719
chr12,106414726,106415708,NO,982
chr5,159736870,159738482,NO,1612
chr19,58297620,58298657,NO,1037
chr15,58920467,58921120,NO,653
chr1,24372787,24373635,NO,848
chr22,27816137,27817597,NO,1460
chr3,96495568,96496198,NO,630
chr3,186884936,186885866,NO,930
chr7,148419384,148420660,NO,1276
chr7,24860824,24861536,NO,712
chr5,52898940,52899485,NO,545
chr10,74011168,74012198,NO,1030
chr15,92833476,92834559,NO,1083
chr10,14778679,14779480,NO,801
chr10,48411768,48413046,NO,1278
chr11,115645234,115646226,NO,992
chr12,92792491,92793531,NO,1040
chr18,59303133,59304301,NO,1168
chr11,65125418,65126145,NO,727
chr8,98388123,98388754,NO,631
chr15,96100093,96100971,NO,878
chr13,80881403,80882112,NO,709
chr5,105752963,105753458,NO,495
chr5,145396665,145397488,NO,823
chr11,34049729,34050608,NO,879
chr4,41507121,41508060,NO,939
chr6,133240311,133241112,NO,801
chr12,98989062,98989747,NO,685
chr1,64358238,64359209,NO,971
chr19,16935881,16936711,NO,830
chr7,152358346,152359086,NO,740
chr7,21730692,21731266,NO,574
chr3,119176843,119177416,NO,573
chr19,54468237,54469055,NO,818
chr8,118888932,118889789,NO,857
chr18,57572031,57572719,NO,688
chr21,33871150,33871853,NO,703
chr6,144021529,144022378,NO,849
chrX,139173659,139174226,NO,567
chr5,166731701,166732524,NO,823
chr5,90507831,90508717,NO,886
chr17,74310444,74311120,NO,676
chr1,66868045,66868804,NO,759
chr2,69350086,69350853,NO,767
chr1,153824333,153825076,NO,743
chr4,12447487,12448688,NO,1201
chr5,55471452,55472917,NO,1465
chr8,94972165,94973375,NO,1210
chr7,120434297,120434970,NO,673
chr3,131263172,131263840,NO,668
chr17,26134576,26135648,NO,1072
chr8,30599578,30600460,NO,882
chr2,42345047,42345748,NO,701
chr15,49658580,49659091,NO,511
chr20,40153555,40154387,NO,832
chr1,146518377,146519054,NO,677
chr9,121723992,121725195,NO,1203
chr12,133050656,133051223,NO,567
chr15,58500842,58501983,NO,1141
chr6,163091124,163091794,NO,670
chr8,126998720,126999461,NO,741
chr1,51730019,51730689,NO,670
chr18,42901240,42902261,NO,1021
chrX,72442754,72443122,NO,368
chr1,33329583,33330723,NO,1140
chr11,69813819,69815353,NO,1534
chr4,100536113,100536982,NO,869
chr11,102138755,102139707,NO,952
chr9,114928266,114929387,NO,1121
chr4,16198058,16198889,NO,831
chr4,8452628,8453384,NO,756
chr17,72272145,72272927,NO,782
chr5,133312945,133314005,NO,1060
chr8,94577628,94578310,NO,682
chr8,25356017,25356629,NO,612
chr14,52351119,52351929,NO,810
chr16,75604033,75604778,NO,745
chr2,37116884,37117633,NO,749
chr19,8258495,8259137,NO,642
chr10,88625410,88628498,NO,3088
chr8,128138113,128139309,NO,1196
chr12,57463205,57463965,NO,760
chr22,40503742,40504625,NO,883
chr4,157889722,157890647,NO,925
chr6,107832405,107833314,NO,909
chr2,188859152,188859935,NO,783
chr17,62195687,62196479,NO,792
chr8,123770285,123771064,NO,779
chrX,62519462,62519866,NO,404
chr11,100700950,100701880,NO,930
chr9,128907139,128907910,NO,771
chr4,26909175,26909773,NO,598
chr13,23775881,23776759,NO,878
chr12,65728679,65729626,NO,947
chr17,74141275,74142837,NO,1562
chr10,3665207,3666411,NO,1204
chr1,237723072,237724013,NO,941
chr11,131942281,131943079,NO,798
chr8,120967867,120969063,NO,1196
chr19,39295942,39296636,NO,694
chr2,69294608,69295298,NO,690
chr11,127986258,127987495,NO,1237
chr4,15692165,15692866,NO,701
chr3,48752640,48753307,NO,667
chr11,18622223,18622886,NO,663
chr10,25190440,25191447,NO,1007
chrX,65041670,65042311,NO,641
chr8,110026410,110026925,NO,515
chrX,63406923,63407744,NO,821
chr12,70120453,70120993,NO,540
chr2,48533639,48534386,NO,747
chr5,32168585,32169276,NO,691
chr5,240759,241541,NO,782
chr5,34944140,34945102,NO,962
chr3,69963426,69964144,NO,718
chr3,107849869,107850413,NO,544
chr15,96147079,96147665,NO,586
chr3,33763384,33764039,NO,655
chr1,28320680,28321313,NO,633
chrX,108952268,108953177,NO,909
chr16,82925262,82926242,NO,980
chr7,88893,90084,NO,1191
chr8,55466754,55467567,NO,813
chr9,133852721,133853677,NO,956
chr1,84106806,84107981,NO,1175
chr18,42828052,42828916,NO,864
chr1,209996991,209997628,NO,637
chr12,16554912,16555561,NO,649
chr1,174134477,174135248,NO,771
chr9,101889661,101890736,NO,1075
chr1,65580012,65580537,NO,525
chr6,14770387,14771540,NO,1153
chr18,7896688,7897616,NO,928
chr11,31005470,31006700,NO,1230
chr16,55364045,55365663,NO,1618
chr2,225028315,225029590,NO,1275
chr11,126350344,126351005,NO,661
chr5,41264093,41264860,NO,767
chr3,49443696,49444591,NO,895
chr1,78004752,78005777,NO,1025
chr12,20230406,20231198,NO,792
chr11,62461846,62462873,NO,1027
chr5,53345568,53346511,NO,943
chr12,1415186,1428347,NO,13161
chr12,129429475,129429948,NO,473
chr3,101809105,101809862,NO,757
chr7,91628791,91629566,NO,775
chr14,21191156,21192103,NO,947
chr2,39906850,39907544,NO,694
chr6,23180364,23181521,NO,1157
chr7,75401036,75401829,NO,793
chr5,121066808,121067777,NO,969
chr12,117590673,117591596,NO,923
chr11,34638305,34639230,NO,925
chr15,41533342,41542530,NO,9188
chr12,14437145,14437791,NO,646
chr1,58934054,58935012,NO,958
chr15,84798925,84799390,NO,465
chr6,160166136,160167023,NO,887
chr6,144729095,144738103,NO,9008
chr8,127836826,127846481,NO,9655
chr16,67379256,67380252,NO,996
chr5,153600366,153601477,NO,1111
chr3,187910361,187911032,NO,671
chr20,48322943,48323767,NO,824
chr3,40309331,40310220,NO,889
chr17,10059555,10060805,NO,1250
chrX,122615818,122616515,NO,697
chr17,78763083,78764390,NO,1307
chr5,167319361,167320299,NO,938
chr5,136589983,136591116,NO,1133
chr2,89008603,89009370,NO,767
chr5,115425527,115426438,NO,911
chr11,122060190,122060809,NO,619
chr14,34386049,34387375,NO,1326
chr11,124545764,124546834,NO,1070
chr15,57813906,57815070,NO,1164
chr3,169016714,169017541,NO,827
chr18,60989594,60990584,NO,990
chr3,178429972,178437397,NO,7425
chr11,34089251,34090081,NO,830
chr2,177065691,177066170,NO,479
chr5,9653397,9654275,NO,878
chr10,108432238,108433031,NO,793
chr4,139975316,139976122,NO,806
chr6,12602319,12603016,NO,697
chr9,125015404,125016155,NO,751
chr3,114958422,114959046,NO,624
chr10,114760015,114761331,NO,1316
chr2,29174185,29175445,NO,1260
chrX,20223912,20225061,NO,1149
chr6,154754552,154755345,NO,793
chr18,24040133,24040946,NO,813
chr1,23703331,23704121,NO,790
chr10,15296271,15297571,NO,1300
chr12,1459211,1460421,NO,1210
chr20,58346171,58347528,NO,1357
chr5,136984849,136985663,NO,814
chr19,45548870,45550133,NO,1263
chr8,37573449,37574586,NO,1137
chr16,54935268,54935916,NO,648
chr2,200852785,200853393,NO,608
chr5,58405481,58406240,NO,759
chr6,105940346,105941300,NO,954
chr5,11609698,11610612,NO,914
chr10,114938541,114939308,NO,767
chr12,97949346,97950512,NO,1166
chr5,43572427,43572998,NO,571
chr2,192859340,192859966,NO,626
chr20,21163459,21163963,NO,504
chr1,214612654,214613461,NO,807
chr18,21108219,21109330,NO,1111
chr3,9935227,9935923,NO,696
chr8,108508148,108508958,NO,810
chr20,4071904,4072762,NO,858
chr15,90885697,90886325,NO,628
chr12,5565791,5566928,NO,1137
chr1,153619312,153620338,NO,1026
chr12,47670541,47671577,NO,1036
chr8,86897027,86897627,NO,600
chr15,31296119,31297169,NO,1050
chr5,87194772,87195707,NO,935
chr8,96493318,96494249,NO,931
chr6,80873389,80874316,NO,927
chr9,12695355,12696098,NO,743
chr3,43496105,43496780,NO,675
chr20,33493351,33493989,NO,638
chr10,23750429,23751147,NO,718
chr13,74557089,74558023,NO,934
chr1,48302353,48303411,NO,1058
chr6,53114951,53115716,NO,765
chr5,31231312,31231965,NO,653
chr17,72673566,72674671,NO,1105
chr1,44299956,44301116,NO,1160
chr6,90831415,90832361,NO,946
chr9,80559151,80560216,NO,1065
chr6,154107396,154107961,NO,565
chr12,8786818,8787428,NO,610
chr18,32743597,32744494,NO,897
chr5,111564257,111564793,NO,536
chr3,192271232,192272291,NO,1059
chr9,113657346,113658129,NO,783
chr1,217361633,217362400,NO,767
chr2,181738017,181738315,NO,298
chr1,174805655,174806135,NO,480
chr4,71644479,71645122,NO,643
chr13,42151004,42152085,NO,1081
chr8,66945075,66946262,NO,1187
chr3,130624509,130634736,NO,10227
chr18,22343876,22344669,NO,793
chr20,40711531,40712371,NO,840
chr14,44589782,44590168,NO,386
chr13,107790798,107791459,NO,661
chr7,10975003,10975937,NO,934
chr4,86683428,86684067,NO,639
chr5,148381339,148382319,NO,980
chr7,151263941,151264647,NO,706
chr6,37012511,37028125,NO,15614
chr10,955859,956740,NO,881
chr7,33593850,33594928,NO,1078
chr1,8298292,8299069,NO,777
chr20,21303394,21304211,NO,817
chr2,10058191,10059026,NO,835
chr20,47961239,47962320,NO,1081
chr2,165528206,165529051,NO,845
chr10,31492767,31493703,NO,936
chr14,51387310,51388107,NO,797
chr12,30590100,30590949,NO,849
chr15,42342695,42343629,NO,934
chr8,17355871,17357013,NO,1142
chr4,18735968,18736690,NO,722
chr4,53969057,53969702,NO,645
chr12,8833857,8834853,NO,996
chr14,54458268,54458741,NO,473
chr22,34079624,34080773,NO,1149
chr3,68194008,68194883,NO,875
chr15,38523371,38524162,NO,791
chr2,21932911,21933645,NO,734
chr10,29545950,29546882,NO,932
chr8,102087103,102087983,NO,880
chr6,152637243,152637963,NO,720
chr15,35192641,35193447,NO,806
chr5,106440008,106440819,NO,811
chr12,29862651,29863457,NO,806
chr1,64979788,64980562,NO,774
chr1,99999851,100000560,NO,709
chr2,152680043,152680674,NO,631
chr6,13811628,13812722,NO,1094
chr6,123891793,123892610,NO,817
chr9,84703245,84703925,NO,680
chr22,28695725,28696546,NO,821
chr6,140459354,140460214,NO,860
chr6,139040287,139041089,NO,802
chr6,45086117,45086932,NO,815
chr3,37288628,37289650,NO,1022
chr21,45425384,45426419,NO,1035
chr2,87283253,87284451,NO,1198
chrX,10522574,10523245,NO,671
chr2,69480725,69481761,NO,1036
chr11,27255064,27255972,NO,908
chr1,243040058,243040658,NO,600
chr21,30047591,30048541,NO,950
chr9,98569925,98570705,NO,780
chr3,190054038,190055278,NO,1240
chr17,56635534,56636082,NO,548
chr13,29079660,29080355,NO,695
chr6,143223700,143224276,NO,576
chr4,102200345,102201010,NO,665
chrX,149577106,149578152,NO,1046
chr7,25829300,25830024,NO,724
chr17,42705303,42706792,NO,1489
chr21,35133351,35134211,NO,860
chr6,146105798,146106707,NO,909
chr2,3285636,3286847,NO,1211
chr1,219754716,219755598,NO,882
chr6,132340647,132341965,NO,1318
chr5,34762065,34762788,NO,723
chr22,37407856,37408926,NO,1070
chr4,148912592,148913576,NO,984
chr6,195496,196362,NO,866
chr1,115794402,115795134,NO,732
chr1,64941549,64942733,NO,1184
chr22,29190952,29191958,NO,1006
chr22,19247067,19247779,NO,712
chr18,8816784,8817513,NO,729
chr12,20698797,20699639,NO,842
chr1,173839197,173840304,NO,1107
chr9,95095264,95095866,NO,602
chr6,148932511,148933464,NO,953
chr9,19456846,19458008,NO,1162
chr3,28180759,28181720,NO,961
chr4,126660627,126661379,NO,752
chr12,89556148,89556787,NO,639
chr20,23674092,23674599,NO,507
chr18,54567628,54568404,NO,776
chr9,113418094,113418734,NO,640
chr5,71336213,71337125,NO,912
chr1,164440323,164443301,NO,2978
chr10,98265035,98265960,NO,925
chr12,99540155,99540922,NO,767
chr19,52954345,52954838,NO,493
chr12,75944071,75944893,NO,822
chr8,90740950,90741786,NO,836
chr1,56045948,56046808,NO,860
chr6,16205083,16216203,NO,11120
chr2,183092551,183093233,NO,682
chrX,134002483,134003257,NO,774
chr5,73833435,73834236,NO,801
chr14,51205878,51206312,NO,434
chr4,113778573,113779253,NO,680
chr20,34681350,34682765,NO,1415
chr5,88733647,88734529,NO,882
chr4,190732034,190733146,NO,1112
chr8,3961275,3962370,NO,1095
chr5,50119420,50120047,NO,627
chr2,12694869,12696161,NO,1292
chrX,19631813,19632673,NO,860
chr8,95071279,95071932,NO,653
chr11,121699641,121700539,NO,898
chr10,29852768,29853850,NO,1082
chr6,116588798,116589370,NO,572
chr15,90919670,90920534,NO,864
chr19,50057825,50058507,NO,682
chr5,60954332,60955453,NO,1121
chr19,23299669,23300378,NO,709
chr3,193611754,193612862,NO,1108
chr13,98038004,98038921,NO,917
chr11,100747912,100749340,NO,1428
chr2,220233361,220234344,NO,983
chr17,31223808,31225125,NO,1317
chr6,44457406,44458088,NO,682
chr7,96265866,96266829,NO,963
chr20,10945653,10946551,NO,898
chr6,139210060,139210597,NO,537
chr2,177256910,177257853,NO,943
chr8,144272780,144273522,NO,742
chr2,172560240,172560912,NO,672
chr1,172291198,172292354,NO,1156
chr8,17238651,17239601,NO,950
chr2,122261981,122262972,NO,991
chr1,36706381,36706938,NO,557
chr11,34181131,34182256,NO,1125
chr22,36162667,36163432,NO,765
chr2,23859571,23860821,NO,1250
chr6,14075134,14075828,NO,694
chr13,48564802,48565826,NO,1024
chr5,147755140,147756012,NO,872
chr3,96068072,96068464,NO,392
chr2,80469388,80470263,NO,875
chr2,105669098,105669560,NO,462
chr15,88020790,88021786,NO,996
chr13,37117697,37118561,NO,864
chr4,110105547,110106287,NO,740
chr12,70382074,70382713,NO,639
chr1,89666517,89667508,NO,991
chr7,106371365,106372332,NO,967
chr6,24743645,24744181,NO,536
chr9,87472387,87473236,NO,849
chrX,40967383,40968142,NO,759
chr6,29603819,29604393,NO,574
chr13,31816020,31816819,NO,799
chr2,216163958,216164603,NO,645
chr2,19233049,19233573,NO,524
chr20,33541498,33542211,NO,713
chr2,5619088,5620157,NO,1069
chr6,3876190,3889027,NO,12837
chr1,112806284,112807391,NO,1107
chr15,25714483,25715107,NO,624
chr6,81317700,81318393,NO,693
chr5,5767005,5768171,NO,1166
chr11,62448180,62449014,NO,834
chr11,41302683,41303436,NO,753
chr6,1724283,1725288,NO,1005
chr12,115163401,115164205,NO,804
chr8,110088404,110089161,NO,757
chr9,84489255,84489898,NO,643
chr12,44278404,44279243,NO,839
chr8,130079188,130079733,NO,545
chr1,245986089,245987104,NO,1015
chr18,54456613,54457340,NO,727
chr4,139875170,139875905,NO,735
chr20,55936603,55937320,NO,717
chr21,37574354,37575353,NO,999
chr1,117532768,117533851,NO,1083
chr11,57825810,57826716,NO,906
chr6,109711331,109712036,NO,705
chr10,77209261,77210183,NO,922
chr5,154534553,154535454,NO,901
chr7,132030290,132031226,NO,936
chr7,86846012,86846976,NO,964
chr15,78748100,78749050,NO,950
chr12,69181102,69181734,NO,632
chr12,110462181,110463084,NO,903
chr22,17544627,17545331,NO,704
chr10,21915033,21915996,NO,963
chr13,107213911,107214588,NO,677
chr9,71527311,71528058,NO,747
chr3,124682455,124683312,NO,857
chr4,48596722,48597347,NO,625
chr3,134009778,134010733,NO,955
chr2,9282628,9283871,NO,1243
chr3,47403856,47404989,NO,1133
chr19,57124256,57125230,NO,974
chr15,77639061,77639990,NO,929
chr20,33929424,33930296,NO,872
chr8,134630559,134631327,NO,768
chr10,99599531,99600743,NO,1212
chr20,36277683,36278484,NO,801
chr15,72968295,72968822,NO,527
chr12,121287313,121288143,NO,830
chr15,95706203,95706882,NO,679
chr5,53877203,53878100,NO,897
chr11,6615306,6616276,NO,970
chr1,173821787,173822948,NO,1161
chr17,19320774,19321863,NO,1089
chr3,185647500,185648223,NO,723
chr17,40051203,40052076,NO,873
chr8,19148875,19149800,NO,925
chr6,11968878,11969688,NO,810
chr7,43714227,43714903,NO,676
chr4,47012968,47013745,NO,777
chr12,9057038,9057670,NO,632
chr12,93649858,93650588,NO,730
chr2,149266562,149267729,NO,1167
chr5,5637759,5658732,NO,20973
chr5,932274,933198,NO,924
chr15,41846545,41847398,NO,853
chr22,36616357,36617072,NO,715
chr3,158430502,158444005,NO,13503
chr9,85969959,85970928,NO,969
chr2,161826338,161827033,NO,695
chr14,35061453,35062145,NO,692
chrX,16900694,16901428,NO,734
chr17,27235380,27236188,NO,808
chr14,27394704,27395615,NO,911
chr11,35985651,35986475,NO,824
chr9,97437380,97438111,NO,731
chr3,65264657,65265264,NO,607
chr15,85661109,85662222,NO,1113
chr11,13052710,13053329,NO,619
chr20,33533470,33534167,NO,697
chr10,17569646,17570308,NO,662
chr15,58796846,58797669,NO,823
chr2,219172191,219172771,NO,580
chr11,14357312,14358040,NO,728
chr6,158704537,158705300,NO,763
chr3,64049505,64050202,NO,697
chr2,197895988,197897244,NO,1256
chr4,74738349,74739093,NO,744
chr8,121347184,121348342,NO,1158
chr19,8204207,8205153,NO,946
chrX,28775328,28776004,NO,676
chr1,165421494,165422250,NO,756
chr18,61069609,61070345,NO,736
chr7,157698318,157699315,NO,997
chr14,95700200,95701323,NO,1123
chr2,71451562,71452478,NO,916
chr15,35029359,35030387,NO,1028
chr18,3196477,3197341,NO,864
chr6,116673373,116674364,NO,991
chr3,135737451,135738315,NO,864
chrX,17598909,17599795,NO,886
chr3,101570475,101571373,NO,898
chr9,109878958,109879304,NO,346
chrX,74372022,74372635,NO,613
chr6,138628619,138629612,NO,993
chrX,30901455,30902093,NO,638
chr6,151462346,151463185,NO,839
chr5,136408337,136409097,NO,760
chr15,49188816,49190095,NO,1279
chr3,61602191,61603164,NO,973
chr3,59803655,59804852,NO,1197
chr10,78071307,78072325,NO,1018
chr10,91150064,91150884,NO,820
chrX,13031581,13032184,NO,603
chr6,102224640,102225389,NO,749
chr16,70365504,70376543,NO,11039
chr5,162961524,162962303,NO,779
chr16,83475201,83476051,NO,850
chr6,37275690,37276575,NO,885
chr2,12108018,12108721,NO,703
chr7,33764441,33765204,NO,763
chrX,55513387,55514176,NO,789
chr7,116033560,116034637,NO,1077
chr8,90771160,90772222,NO,1062
chr9,13862459,13863074,NO,615
chr4,149708889,149709438,NO,549
chr8,102733569,102734269,NO,700
chr8,75647405,75648008,NO,603
chr6,136316062,136316535,NO,473
chr4,140340355,140341233,NO,878
chr18,9184863,9186015,NO,1152
chr9,82238854,82239772,NO,918
chr6,110957851,110958596,NO,745
chr7,36984942,36985992,NO,1050
chr12,62650287,62651106,NO,819
chr4,37838484,37839339,NO,855
chr8,65668882,65669930,NO,1048
chr10,120097940,120098896,NO,956
chr10,32175797,32176520,NO,723
chr18,77694152,77695086,NO,934
chr20,57721357,57722421,NO,1064
chr10,99115436,99116191,NO,755
chr14,62164695,62165471,NO,776
chr2,127291506,127292464,NO,958
chr7,95345623,95346385,NO,762
chr15,62917313,62918174,NO,861
chr22,27907839,27909123,NO,1284
chr1,64596643,64597322,NO,679
chr12,25193779,25194486,NO,707
chr3,31621244,31621772,NO,528
chr1,172110284,172111039,NO,755
chr7,511824,512477,NO,653
chr1,173300833,173301590,NO,757
chr11,15872316,15873554,NO,1238
chr2,12679382,12680601,NO,1219
chr6,82827368,82828265,NO,897
chr1,244485917,244486505,NO,588
chr6,64373040,64373829,NO,789
chr1,196084535,196085288,NO,753
chr4,121751160,121751756,NO,596
chr16,22705972,22706829,NO,857
chr1,183334052,183334785,NO,733
chr20,17569282,17570321,NO,1039
chr6,56156021,56156819,NO,798
chr2,101944318,101945158,NO,840
chrX,107348470,107349042,NO,572
chr10,24969389,24969938,NO,549
chr12,65589625,65590228,NO,603
chr5,63440177,63440978,NO,801
chr9,96285792,96286551,NO,759
chr1,176486685,176487268,NO,583
chr16,29835432,29836097,NO,665
chr2,33030034,33030612,NO,578
chr18,3029172,3029812,NO,640
chr2,236485787,236486912,NO,1125
chr8,28874000,28875013,NO,1013
chr1,33347371,33348183,NO,812
chr16,57200633,57201468,NO,835
chr3,136732674,136733559,NO,885
chr22,18639535,18640723,NO,1188
chr6,53044602,53045126,NO,524
chr5,139536216,139537481,NO,1265
chr9,130594512,130595179,NO,667
chr11,75657478,75658383,NO,905
chrX,109083287,109083914,NO,627
chr14,52120413,52121218,NO,805
chr8,128843463,128844081,NO,618
chr11,30581840,30582399,NO,559
chr11,111444512,111445136,NO,624
chr1,83386453,83387072,NO,619
chr4,24417744,24418493,NO,749
chr1,168928274,168929013,NO,739
chr12,126356044,126356750,NO,706
chr9,111815636,111816476,NO,840
chr1,90739469,90740720,NO,1251
chr6,125541732,125542591,NO,859
chr11,107434271,107435113,NO,842
chr12,128800590,128801207,NO,617
chr1,88149763,88150833,NO,1070
chr2,74433224,74433978,NO,754
chr8,15430735,15431533,NO,798
chr21,37632325,37633007,NO,682
chr12,116871973,116872962,NO,989
chr14,105490984,105491781,NO,797
chr7,130645203,130646317,NO,1114
chr5,173265946,173266726,NO,780
chr19,3828439,3829065,NO,626
chr8,126537228,126538334,NO,1106
chr6,113993645,113994441,NO,796
chr15,34589518,34590201,NO,683
chr7,64918240,64919057,NO,817
chr20,197439,198195,NO,756
chr5,52172104,52172687,NO,583
chr12,116505528,116506179,NO,651
chr2,16397285,16398047,NO,762
chr17,71745758,71746818,NO,1060
chr15,28430422,28431123,NO,701
chr11,66659373,66660033,NO,660
chr4,77380306,77381101,NO,795
chr12,27820148,27821327,NO,1179
chr15,62149348,62150417,NO,1069
chr15,64382535,64383224,NO,689
chr15,68264683,68265427,NO,744
chr20,9052460,9052990,NO,530
chr1,223326843,223327739,NO,896
chr7,39970647,39971215,NO,568
chr9,6566797,6567671,NO,874
chr12,93717564,93718252,NO,688
chr16,83722950,83723666,NO,716
chr9,21095873,21097084,NO,1211
chr16,21657028,21657739,NO,711
chr1,55828170,55828912,NO,742
chr1,119678605,119679278,NO,673
chr17,41629410,41630197,NO,787
chr10,90656659,90657268,NO,609
chr10,95706397,95707475,NO,1078
chr1,85163941,85164697,NO,756
chr8,1904616,1905765,NO,1149
chr7,106125042,106125633,NO,591
chr4,164479120,164480075,NO,955
chr2,37815507,37816145,NO,638
chr8,36049223,36050058,NO,835
chr8,108237777,108238413,NO,636
chr7,93524273,93524678,NO,405
chr17,19092429,19092802,NO,373
chr2,207347002,207347680,NO,678
chr19,8016273,8017063,NO,790
chr3,55194414,55195499,NO,1085
chr3,112373253,112374087,NO,834
chr12,29118968,29119551,NO,583
chr20,52294090,52294871,NO,781
chr21,26998954,26999848,NO,894
chr6,2579060,2579929,NO,869
chr4,152683939,152684845,NO,906
chr12,92879219,92879799,NO,580
chr1,36679636,36680341,NO,705
chr12,116491387,116492162,NO,775
chr2,59821880,59822569,NO,689
chr18,72062998,72063472,NO,474
chr12,99846937,99847578,NO,641
chr3,187892070,187892848,NO,778
chrX,13268867,13269487,NO,620
chrX,129154687,129155497,NO,810
chr7,80780114,80780782,NO,668
chr5,14777527,14779195,NO,1668
chr15,25017784,25018591,NO,807
chr4,122476712,122477490,NO,778
chr9,21836550,21837139,NO,589
chr9,71867518,71868420,NO,902
chr18,75260215,75261092,NO,877
chr3,47164398,47165241,NO,843
chr4,95349834,95350504,NO,670
chr2,25840930,25841516,NO,586
chr2,174274935,174275988,NO,1053
chrX,22394094,22394520,NO,426
chr18,3184056,3185120,NO,1064
chr2,37995506,37996131,NO,625
chr9,126331624,126332208,NO,584
chr1,39783494,39784304,NO,810
chr17,6839664,6840415,NO,751
chr1,56106568,56107599,NO,1031
chr4,47802377,47803129,NO,752
chr10,60234957,60235720,NO,763
chr1,28269326,28270257,NO,931
chr11,90289549,90290201,NO,652
chr16,15863941,15864877,NO,936
chr5,169714534,169715360,NO,826
chr8,141930824,141931520,NO,696
chr18,26374710,26375487,NO,777
chr6,111351056,111352206,NO,1150
chrX,11488669,11489176,NO,507
chr10,30185025,30185839,NO,814
chrX,15534074,15534589,NO,515
chr16,15498772,15499355,NO,583
chr5,79141240,79142126,NO,886
chr12,30844040,30844856,NO,816
chr12,14595076,14595514,NO,438
chr11,30901206,30901972,NO,766
chr2,13242223,13243248,NO,1025
chr5,9363205,9364059,NO,854
chr4,159138794,159139612,NO,818
chr3,127818987,127819929,NO,942
chr10,99223817,99224562,NO,745
chr6,79694115,79694726,NO,611
chr12,19459284,19459923,NO,639
chr16,10608051,10608775,NO,724
chr21,38526012,38527032,NO,1020
chr5,52005258,52006072,NO,814
chr16,68313584,68314547,NO,963
chr2,177320079,177320948,NO,869
chr17,1453730,1454576,NO,846
chr12,56548552,56549335,NO,783
chr18,56692348,56692996,NO,648
chr3,21880729,21881382,NO,653
chr15,41555733,41556800,NO,1067
chr8,27405030,27405973,NO,943
chr14,50485153,50486034,NO,881
chr10,21798783,21799953,NO,1170
chrX,76307678,76308465,NO,787
chr6,52136782,52137459,NO,677
chr1,219605834,219606680,NO,846
chr5,136821627,136822408,NO,781
chr13,47994585,47995299,NO,714
chr17,1764215,1764970,NO,755
chr12,104193871,104194817,NO,946
chr6,39721022,39721822,NO,800
chr4,140187542,140188399,NO,857
chr14,34825416,34825998,NO,582
chr18,60544667,60545389,NO,722
chr4,40318765,40319686,NO,921
chr6,55675608,55676294,NO,686
chr6,94488833,94489491,NO,658
chr14,45457851,45458336,NO,485
chr10,131425063,131425707,NO,644
chr1,165665789,165666514,NO,725
chr12,54623295,54624233,NO,938
chr2,8389068,8389834,NO,766
chr3,65738160,65738826,NO,666
chr6,116709120,116709593,NO,473
chr10,29813283,29813984,NO,701
chr12,65906797,65907804,NO,1007
chr6,111784005,111784508,NO,503
chr17,72517121,72518117,NO,996
chr2,80389999,80390457,NO,458
chr1,52619791,52620382,NO,591
chr4,141648167,141648876,NO,709
chr11,918958,919644,NO,686
chr15,52086081,52086738,NO,657
chr7,74114954,74115648,NO,694
chr4,106112677,106113273,NO,596
chr9,118435048,118435851,NO,803
chr8,97532549,97533450,NO,901
chr1,237505617,237506467,NO,850
chr9,43684901,43685461,NO,560
chr18,55512863,55513624,NO,761
chr11,13229101,13230026,NO,925
chr7,32655993,32656758,NO,765
chr10,35504852,35505933,NO,1081
chr20,9339927,9341056,NO,1129
chr10,90882408,90883076,NO,668
chr1,166921071,166921895,NO,824
chr12,14392019,14392851,NO,832
chr20,10118629,10119425,NO,796
chr12,49855841,49856501,NO,660
chr4,169256604,169257277,NO,673
chr14,76733738,76734538,NO,800
chr11,3915433,3916131,NO,698
chrX,68457873,68458705,NO,832
chr6,162624076,162624787,NO,711
chr10,67330041,67331013,NO,972
chr10,71994925,71995475,NO,550
chr3,123850070,123850952,NO,882
chr13,44238533,44239459,NO,926
chr7,54879242,54879934,NO,692
chr1,234767459,234768096,NO,637
chr1,170242939,170243805,NO,866
chr15,35842843,35843547,NO,704
chr2,167489223,167489755,NO,532
chr12,20068169,20068754,NO,585
chr1,203738454,203739438,NO,984
chr8,64132888,64133607,NO,719
chr4,149014062,149014889,NO,827
chr1,219800018,219800757,NO,739
chr18,56635239,56636079,NO,840
chr2,8552044,8553232,NO,1188
chr8,28893774,28894695,NO,921
chr10,65024879,65025419,NO,540
chrX,133300632,133301076,NO,444
chr15,100756596,100757006,NO,410
chr8,52999479,53000516,NO,1037
chr8,117647421,117648160,NO,739
chr6,114053535,114054283,NO,748
chr5,149251914,149252774,NO,860
chr14,60431802,60432465,NO,663
chr4,143437526,143438257,NO,731
chr22,46426151,46426966,NO,815
chr1,237952762,237953561,NO,799
chr10,35097842,35098713,NO,871
chr4,109751411,109752131,NO,720
chr1,111009136,111009850,NO,714
chr20,10890953,10891635,NO,682
chr2,167466605,167467542,NO,937
chr9,130169037,130170188,NO,1151
chr8,102798151,102798807,NO,656
chr2,182675571,182676340,NO,769
chr1,1921071,1921730,NO,659
chr8,10009043,10009789,NO,746
chr8,24062041,24062813,NO,772
chr7,123220850,123221585,NO,735
chr1,169162399,169163053,NO,654
chr9,132757968,132758976,NO,1008
chr11,27361451,27361973,NO,522
chr9,110815708,110816501,NO,793
chr6,37790784,37791476,NO,692
chr7,33127126,33139427,NO,12301
chr4,99853739,99854453,NO,714
chr2,86737472,86738174,NO,702
chr9,12972530,12973406,NO,876
chr14,76249462,76250186,NO,724
chr4,94731595,94732225,NO,630
chr6,82660240,82661041,NO,801
chr6,160852797,160853450,NO,653
chr6,53599331,53600144,NO,813
chrX,67660344,67661188,NO,844
chr3,173335868,173336961,NO,1093
chr7,38865210,38866086,NO,876
chr11,77382844,77383395,NO,551
chr14,22025439,22025974,NO,535
chr2,144857270,144857990,NO,720
chr2,206761256,206762046,NO,790
chr3,136468974,136469572,NO,598
chr10,64751907,64752631,NO,724
chr7,18395955,18396488,NO,533
chr15,62266947,62267490,NO,543
chr4,74599818,74600820,NO,1002
chr13,33104809,33105502,NO,693
chr9,135965573,135966398,NO,825
chr7,99499134,99499839,NO,705
chr15,66870683,66871509,NO,826
chr16,81256755,81257618,NO,863
chr14,75363429,75364544,NO,1115
chrX,76819993,76820676,NO,683
chr15,30096814,30097522,NO,708
chr7,33854055,33854949,NO,894
chr12,70310394,70311183,NO,789
chr21,39109833,39110604,NO,771
chr11,15849862,15850721,NO,859
chr3,184344812,184345383,NO,571
chr4,46988536,46989206,NO,670
chr8,80978032,80978702,NO,670
chr3,170360466,170361211,NO,745
chr19,53560970,53561853,NO,883
chr12,44311458,44312119,NO,661
chr10,76928002,76928727,NO,725
chr4,24583997,24584577,NO,580
chr10,12783022,12784228,NO,1206
chr5,159214711,159215568,NO,857
chr2,171626618,171627392,NO,774
chr6,135229708,135230731,NO,1023
chr20,3889294,3890036,NO,742
chr7,140048638,140049588,NO,950
chr2,16936333,16937075,NO,742
chr14,104489695,104490294,NO,599
chr4,40578842,40579783,NO,941
chr13,75768823,75769611,NO,788
chr3,47207311,47208151,NO,840
chr6,163906222,163906885,NO,663
chr4,170054821,170055603,NO,782
chr4,156694721,156695669,NO,948
chr11,59668931,59669641,NO,710
chr5,43648962,43649679,NO,717
chr1,36682415,36683217,NO,802
chr16,65344614,65345203,NO,589
chr16,5256985,5257421,NO,436
chr7,134380101,134380897,NO,796
chr3,24262539,24263291,NO,752
chr3,187891182,187891949,NO,767
chr7,151494342,151494992,NO,650
chr5,127276600,127277237,NO,637
chr8,130897533,130898684,NO,1151
chr6,52254380,52255128,NO,748
chr14,73390863,73391742,NO,879
chr3,140674406,140675076,NO,670
chr1,46676438,46677126,NO,688
chr4,13986918,13987662,NO,744
chr8,40207751,40208339,NO,588
chr2,27509155,27509933,NO,778
chr2,19738187,19738862,NO,675
chr10,61791197,61791964,NO,767
chr2,6832859,6833537,NO,678
chr6,55621095,55621629,NO,534
chr6,47601157,47601943,NO,786
chr2,88414085,88414943,NO,858
chr16,70672948,70673687,NO,739
chr3,169309913,169310673,NO,760
chr20,35830373,35830929,NO,556
chr1,36674841,36675624,NO,783
chr4,38115577,38116444,NO,867
chr4,77558582,77559399,NO,817
chr11,104523772,104524330,NO,558
chr5,102268971,102269646,NO,675
chr1,245297644,245298281,NO,637
chr11,47464104,47464875,NO,771
chr7,29074746,29075673,NO,927
chr8,131336024,131336882,NO,858
chr6,167891700,167892793,NO,1093
chr19,9810538,9811165,NO,627
chr18,67713246,67714397,NO,1151
chr3,81534660,81535287,NO,627
chr18,3060551,3061271,NO,720
chr5,51989815,51990610,NO,795
chr16,84335994,84336741,NO,747
chr21,32359493,32360045,NO,552
chr21,39452685,39453765,NO,1080
chr6,11021924,11022930,NO,1006
chr2,54562680,54563405,NO,725
chr7,5436153,5437391,NO,1238
chr3,124880803,124881631,NO,828
chr5,17020643,17021248,NO,605
chr1,59153093,59153752,NO,659
chr4,25704986,25705812,NO,826
chr12,53691353,53692259,NO,906
chr22,41290551,41299500,NO,8949
chr20,53235654,53236217,NO,563
chr1,7786575,7787224,NO,649
chr3,105743724,105744559,NO,835
chr13,80211091,80211840,NO,749
chr6,117717094,117717749,NO,655
chr18,21154011,21154650,NO,639
chr17,42515928,42516835,NO,907
chr5,64317061,64317843,NO,782
chr8,23749577,23750517,NO,940
chr6,161371377,161371855,NO,478
chr3,41083026,41083726,NO,700
chr1,163182109,163182825,NO,716
chr5,123677532,123678210,NO,678
chr19,23694913,23695530,NO,617
chr2,52010134,52010828,NO,694
chr4,79019963,79020853,NO,890
chrX,153553373,153553895,NO,522
chr17,1520901,1521694,NO,793
chr2,204773306,204774222,NO,916
chr9,97777828,97778347,NO,519
chr10,88534751,88535407,NO,656
chr3,160668163,160668596,NO,433
chr11,57139931,57140692,NO,761
chr13,33311234,33311861,NO,627
chr4,76012990,76013840,NO,850
chr2,177418526,177419401,NO,875
chr7,101360690,101361363,NO,673
chr6,25105154,25105833,NO,679
chr15,93535865,93536644,NO,779
chr3,119895934,119896554,NO,620
chr3,191094247,191095019,NO,772
chr10,34038843,34039591,NO,748
chr12,19836403,19836921,NO,518
chr22,33301281,33302017,NO,736
chr7,101875608,101876570,NO,962
chr3,61141294,61142095,NO,801
chr12,47617075,47617958,NO,883
chr20,20435508,20436353,NO,845
chr6,33324024,33324671,NO,647
chr6,132406153,132406904,NO,751
chr6,110732864,110734152,NO,1288
chr15,34901612,34902337,NO,725
chr17,20839119,20839642,NO,523
chr10,16834304,16835082,NO,778
chr6,57178089,57178828,NO,739
chr8,126193587,126194267,NO,680
chr1,236823017,236823915,NO,898
chr4,129254600,129255408,NO,808
chr8,22508567,22509278,NO,711
chr12,49763265,49764016,NO,751
chr8,61656579,61657270,NO,691
chr4,31238375,31238966,NO,591
chr2,85534313,85535317,NO,1004
chr6,129169097,129169799,NO,702
chr21,30674445,30675400,NO,955
chr1,184430773,184431595,NO,822
chr9,4237732,4238558,NO,826
chr3,30228644,30229403,NO,759
chr3,193699880,193700568,NO,688
chr21,34616376,34617297,NO,921
chr3,46342751,46343362,NO,611
chr14,59921732,59922589,NO,857
chr13,96273046,96273964,NO,918
chr16,10940750,10941432,NO,682
chr6,140247064,140248052,NO,988
chr19,19078088,19078854,NO,766
chr17,49779878,49780671,NO,793
chr3,190234990,190235821,NO,831
chr2,136771366,136772118,NO,752
chr6,46104340,46105257,NO,917
chr2,239078291,239078734,NO,443
chr17,7944001,7944880,NO,879
chr1,95637268,95645276,NO,8008
chr17,40152509,40153445,NO,936
chr1,186865691,186866467,NO,776
chr6,45563188,45563995,NO,807
chr8,82425882,82426675,NO,793
chr1,59832844,59833589,NO,745
chr6,110937094,110937636,NO,542
chr1,209118862,209119326,NO,464
chr10,16819372,16820157,NO,785
chr9,113925943,113926802,NO,859
chr18,43084962,43085639,NO,677
chr3,46584128,46584844,NO,716
chr10,18447829,18448628,NO,799
chr4,159968985,159970041,NO,1056
chr14,21686031,21686580,NO,549
chr11,124706207,124707218,NO,1011
chr1,36710472,36710888,NO,416
chr7,126038212,126039460,NO,1248
chr10,78942335,78943293,NO,958
chr5,16994557,16995321,NO,764
chr19,6199707,6200352,NO,645
chr6,38258017,38258689,NO,672
chr19,41952946,41963167,NO,10221
chr17,70973061,70974080,NO,1019
chr1,108393449,108393988,NO,539
chr17,74783612,74784113,NO,501
chr8,74395826,74396506,NO,680
chr12,92246836,92247328,NO,492
chr21,33393481,33394359,NO,878
chr6,17381428,17382120,NO,692
chr5,57408821,57409407,NO,586
chr18,43776503,43777131,NO,628
chrX,18595294,18595938,NO,644
chr12,45852550,45853049,NO,499
chr13,78560355,78561144,NO,789
chr2,222419592,222420305,NO,713
chr11,29559355,29559859,NO,504
chr4,127820155,127820989,NO,834
chr3,43144141,43145246,NO,1105
chr1,190443408,190444208,NO,800
chr5,84180571,84181312,NO,741
chr21,19273108,19273779,NO,671
chr3,112000039,112000519,NO,480
chr10,86055685,86069354,NO,13669
chr9,14056353,14056918,NO,565
chr14,25131825,25132559,NO,734
chr4,160402026,160402689,NO,663
chr8,79674448,79674934,NO,486
chr9,82357429,82358011,NO,582
chr5,57662368,57663118,NO,750
chr6,4942007,4943369,NO,1362
chr5,53974080,53974640,NO,560
chr5,143524103,143524762,NO,659
chr12,106199551,106200322,NO,771
chr4,177648005,177648498,NO,493
chr3,40980378,40981216,NO,838
chr10,72148996,72149592,NO,596
chr14,60681849,60682412,NO,563
chr10,92766165,92766916,NO,751
chr18,62639638,62640227,NO,589
chr6,7292611,7293366,NO,755
chr20,8912776,8913511,NO,735
chr1,108047669,108048199,NO,530
chr6,134757400,134758097,NO,697
chr7,44906664,44907402,NO,738
chr1,31455152,31455621,NO,469
chr18,55859436,55860226,NO,790
chr7,10161874,10162685,NO,811
chr4,89627761,89628387,NO,626
chr22,40793210,40794012,NO,802
chr3,47803426,47804103,NO,677
chr4,40994379,40995221,NO,842
chr1,16112833,16113523,NO,690
chr19,13509582,13510301,NO,719
chr6,110080707,110081343,NO,636
chr4,24666374,24667352,NO,978
chr1,167517888,167518622,NO,734
chr11,20111120,20112005,NO,885
chr1,90101190,90102010,NO,820
chr19,20368359,20368689,NO,330
chrX,40792782,40793481,NO,699
chr5,73044342,73045080,NO,738
chr5,171314942,171315797,NO,855
chr12,48782581,48783406,NO,825
chr1,100283435,100284215,NO,780
chr9,2260334,2267965,NO,7631
chr11,88136037,88136948,NO,911
chr10,29848852,29849396,NO,544
chr4,168021340,168021861,NO,521
chr8,141965671,141966403,NO,732
chr2,28137675,28138503,NO,828
chr4,142349242,142349780,NO,538
chr2,28453851,28454652,NO,801
chrX,118717544,118718184,NO,640
chr4,86853610,86854444,NO,834
chr1,36714970,36715718,NO,748
chr15,102250516,102251278,NO,762
chr4,120671540,120672277,NO,737
chr16,24555882,24556547,NO,665
chr1,247079333,247079742,NO,409
chr2,56475560,56476863,NO,1303
chr4,12415762,12416405,NO,643
chr19,21504605,21505231,NO,626
chr10,36187617,36188425,NO,808
chr7,72431231,72431959,NO,728
chr19,54048424,54049429,NO,1005
chr10,120921213,120922330,NO,1117
chr7,66691349,66691998,NO,649
chr11,63573292,63573943,NO,651
chr5,148876999,148877548,NO,549
chr1,180847891,180848510,NO,619
chr14,35151903,35152675,NO,772
chr6,51543646,51544353,NO,707
chr5,6540882,6541396,NO,514
chr4,139102243,139102817,NO,574
chr3,167445985,167446538,NO,553
chr8,25375504,25376598,NO,1094
chr17,54928406,54929215,NO,809
chr8,28534819,28535892,NO,1073
chr4,124220059,124220677,NO,618
chr7,104992393,104993207,NO,814
chr22,23389322,23390147,NO,825
chr19,3947083,3947676,NO,593
chr1,212769840,212770438,NO,598
chr12,94602203,94602899,NO,696
chr1,211482899,211483603,NO,704
chr14,55799460,55799962,NO,502
chr15,95630014,95630806,NO,792
chr2,70144923,70145628,NO,705
chr9,2688375,2689136,NO,761
chr2,224990686,224991673,NO,987
chr6,37958448,37959035,NO,587
chr6,16302890,16303775,NO,885
chr9,97050077,97050845,NO,768
chr12,52366542,52367348,NO,806
chr17,67501607,67502549,NO,942
chr18,56354980,56355761,NO,781
chr21,18668680,18669338,NO,658
chr4,5220852,5221971,NO,1119
chr12,65146590,65147412,NO,822
chr5,36552716,36553485,NO,769
chr10,59605892,59606621,NO,729
chr14,102616836,102617797,NO,961
chr2,196478812,196479543,NO,731
chr8,22319012,22319675,NO,663
chr4,129389666,129390424,NO,758
chr7,137584725,137585308,NO,583
chr19,28972110,28972912,NO,802
chr5,179128887,179129395,NO,508
chr4,139903061,139903873,NO,812
chr5,82746353,82747098,NO,745
chr8,2590961,2591738,NO,777
chr12,67747969,67748667,NO,698
chr5,67483055,67483901,NO,846
chrX,126191818,126192424,NO,606
chr5,17056005,17056877,NO,872
chr2,18526821,18527547,NO,726
chr4,127190199,127190788,NO,589
chr1,246945500,246946345,NO,845
chr2,134391447,134392049,NO,602
chr9,97815958,97816554,NO,596
chr4,75233361,75233877,NO,516
chr20,9180769,9181569,NO,800
chr8,70785839,70786633,NO,794
chr11,103944552,103945172,NO,620
chr8,18891883,18892541,NO,658
chr12,66043086,66043747,NO,661
chr10,74646668,74647382,NO,714
chr2,112833019,112833581,NO,562
chr9,6449419,6450202,NO,783
chr2,237836993,237837730,NO,737
chr8,39797245,39821721,NO,24476
chr5,145235439,145236473,NO,1034
chr2,70470919,70471418,NO,499
chr8,59249045,59249689,NO,644
chr1,33272569,33273108,NO,539
chrX,16535044,16535720,NO,676
chr2,144282980,144283672,NO,692
chr2,153100517,153101007,NO,490
chr3,48110650,48111302,NO,652
chr20,52259204,52260144,NO,940
chr3,186414710,186415633,NO,923
chr14,71246231,71247176,NO,945
chr9,129700238,129701346,NO,1108
chr1,146676031,146676644,NO,613
chr8,25223593,25224110,NO,517
chr10,123513238,123513845,NO,607
chr9,76112410,76113167,NO,757
chr22,40363840,40365363,NO,1523
chr18,44275815,44276925,NO,1110
chr1,117689097,117689987,NO,890
chr2,24735333,24736059,NO,726
chr4,15199505,15200054,NO,549
chr6,162477425,162478269,NO,844
chr1,68345592,68346167,NO,575
chr12,50961785,50962514,NO,729
chr6,19032849,19033698,NO,849
chr1,203768970,203769574,NO,604
chr2,43603526,43604166,NO,640
chr5,90326747,90327451,NO,704
chr15,90730192,90730933,NO,741
chr9,86821896,86822815,NO,919
chr12,69928073,69928752,NO,679
chr6,138786225,138786864,NO,639
chrX,67791241,67791888,NO,647
chr16,53860361,53861287,NO,926
chr18,52954583,52955162,NO,579
chr9,123497146,123497997,NO,851
chr9,78989271,78990013,NO,742
chr12,102073931,102074658,NO,727
chr1,237923827,237924417,NO,590
chrX,45575169,45575790,NO,621
chr9,12813913,12814633,NO,720
chr1,184715430,184716041,NO,611
chrX,150395973,150396386,NO,413
chr3,188086508,188087592,NO,1084
chr6,137141152,137141726,NO,574
chr9,100799626,100800345,NO,719
chr22,42934947,42935680,NO,733
chr8,118949662,118950400,NO,738
chr12,10248719,10249645,NO,926
chr18,3886527,3887267,NO,740
chr5,135145835,135147086,NO,1251
chr4,86775658,86776242,NO,584
chr13,81357804,81358533,NO,729
chr5,73496611,73497638,NO,1027
chr18,9926080,9926954,NO,874
chr15,89595688,89596333,NO,645
chr9,40633115,40633508,NO,393
chr14,80776888,80777496,NO,608
chr7,66487259,66488062,NO,803
chr12,69400764,69401461,NO,697
chr8,26262642,26263191,NO,549
chr3,37666384,37667004,NO,620
chr12,64852742,64853674,NO,932
chr20,56687314,56688029,NO,715
chr4,41309264,41309940,NO,676
chr3,89468727,89469266,NO,539
chr7,16397410,16398079,NO,669
chr1,150065409,150066331,NO,922
chr1,179678530,179679327,NO,797
chr12,46272877,46273465,NO,588
chr6,162765766,162766483,NO,717
chr8,129070865,129071821,NO,956
chr13,39775378,39775992,NO,614
chr12,53806105,53806844,NO,739
chr6,75978006,75978947,NO,941
chr2,179933641,179934725,NO,1084
chr10,94026979,94039519,NO,12540
chr14,74547325,74547938,NO,613
chr1,29254163,29254891,NO,728
chr3,188513954,188514535,NO,581
chr20,58662340,58663317,NO,977
chr1,158522264,158522815,NO,551
chr15,51520206,51520866,NO,660
chr2,204443596,204444289,NO,693
chr5,126995433,126996428,NO,995
chr7,16594039,16594654,NO,615
chr18,2087325,2088171,NO,846
chr1,222168432,222169137,NO,705
chr20,12291389,12292024,NO,635
chr3,134235707,134236208,NO,501
chr8,59146850,59147531,NO,681
chr1,151690544,151691308,NO,764
chr7,71159517,71160489,NO,972
chr15,60419618,60420441,NO,823
chr7,80351501,80352256,NO,755
chr12,8298291,8299631,NO,1340
chr9,86761654,86762463,NO,809
chr1,150543415,150543968,NO,553
chr1,46306267,46306955,NO,688
chr4,114303167,114303920,NO,753
chr13,36432257,36433084,NO,827
chr1,50646737,50647399,NO,662
chr4,103359894,103360417,NO,523
chr13,81474722,81475637,NO,915
chr2,122143761,122144490,NO,729
chr1,154594188,154594932,NO,744
chr20,56069934,56070663,NO,729
chr5,112679019,112679706,NO,687
chr21,17926777,17927467,NO,690
chr16,86449030,86449720,NO,690
chr4,157926115,157926795,NO,680
chr19,42984585,42985253,NO,668
chr6,21885576,21886752,NO,1176
chr17,56105762,56106264,NO,502
chr4,152086915,152087407,NO,492
chr20,10982162,10995182,NO,13020
chr8,48603898,48604852,NO,954
chr6,5590293,5591057,NO,764
chr12,91982641,91983116,NO,475
chr3,112462749,112463389,NO,640
chr14,52821675,52827991,NO,6316
chrX,38421879,38422751,NO,872
chr2,55360515,55361239,NO,724
chrX,70535622,70536079,NO,457
chr20,439245,439982,NO,737
chr3,57791025,57791768,NO,743
chr11,96687912,96688557,NO,645
chr8,93957267,93964349,NO,7082
chr8,110589003,110589766,NO,763
chr2,70016719,70026291,NO,9572
chr2,201165231,201165942,NO,711
chr1,29369742,29370482,NO,740
chr17,58682290,58683104,NO,814
chr2,216331315,216331921,NO,606
chr4,159816869,159817826,NO,957
chr3,19930179,19930993,NO,814
chr14,32619414,32620115,NO,701
chr15,94405094,94405631,NO,537
chr10,52024529,52025128,NO,599
chr1,151933612,151934344,NO,732
chr12,1565802,1566594,NO,792
chr1,205712757,205713499,NO,742
chr10,70391982,70392294,NO,312
chr3,131507767,131508593,NO,826
chr12,92863271,92863997,NO,726
chr7,120838337,120838995,NO,658
chr14,30693485,30694227,NO,742
chr8,80997332,80998146,NO,814
chr5,155380030,155380809,NO,779
chr12,4251749,4252539,NO,790
chr9,115241445,115242162,NO,717
chr14,102143846,102144397,NO,551
chr17,16380605,16390781,NO,10176
chr10,21252735,21253433,NO,698
chr13,40449255,40450005,NO,750
chr10,107517740,107518291,NO,551
chr9,97804744,97805312,NO,568
chr2,27015383,27016349,NO,966
chr2,18229084,18229760,NO,676
chr8,102942705,102943609,NO,904
chr22,19272920,19273621,NO,701
chr5,57522235,57522852,NO,617
chr2,160570834,160571525,NO,691
chr17,47875542,47876250,NO,708
chr17,76677027,76677927,NO,900
chr16,78160849,78161433,NO,584
chr2,135906374,135906974,NO,600
chr7,46616850,46617828,NO,978
chr3,192852295,192853025,NO,730
chr2,139465207,139465999,NO,792
chr22,25124906,25125610,NO,704
chr16,57891850,57892559,NO,709
chr6,18477996,18478598,NO,602
chr16,30376174,30377254,NO,1080
chr8,13176623,13177268,NO,645
chr4,45665592,45666327,NO,735
chr15,67772216,67772954,NO,738
chr1,33150590,33151493,NO,903
chr11,34153580,34154746,NO,1166
chr7,65746713,65747706,NO,993
chr2,99299889,99300603,NO,714
chr3,187960925,187961625,NO,700
chr7,95978931,95979743,NO,812
chr2,229184496,229193838,NO,9342
chr1,246931953,246932898,NO,945
chr10,131056924,131057712,NO,788
chr2,54227649,54228361,NO,712
chr3,183482767,183483603,NO,836
chr2,21980424,21981166,NO,742
chr8,72266929,72267447,NO,518
chr6,38207567,38208261,NO,694
chrX,115239492,115239855,NO,363
chr4,60825898,60826561,NO,663
chr11,46093678,46094549,NO,871
chrX,49954011,49954586,NO,575
chr17,61817105,61817415,NO,310
chr2,206948241,206948878,NO,637
chr11,116860677,116861250,NO,573
chr18,72160789,72161565,NO,776
chr2,227342916,227343526,NO,610
chr9,18490513,18491329,NO,816
chr4,13672133,13672665,NO,532
chrX,76923648,76924316,NO,668
chr4,80435777,80436253,NO,476
chr6,90085097,90085871,NO,774
chrX,70322711,70323306,NO,595
chr5,81187971,81188627,NO,656
chr18,33071151,33071911,NO,760
chr3,42856019,42856766,NO,747
chrX,13737382,13737967,NO,585
chr4,144208544,144209150,NO,606
chrX,80376434,80377258,NO,824
chr7,2733583,2734137,NO,554
chr12,107159859,107160649,NO,790
chr1,10398482,10399198,NO,716
chr4,76671130,76671733,NO,603
chr4,142228454,142228924,NO,470
chr5,148869965,148870543,NO,578
chr18,53988359,53989230,NO,871
chr15,62207986,62208589,NO,603
chr3,132386343,132386855,NO,512
chr7,7296485,7297453,NO,968
chr6,139106991,139107536,NO,545
chr22,40436953,40437807,NO,854
chr21,47118678,47119421,NO,743
chr5,155698185,155698599,NO,414
chr7,17736616,17737237,NO,621
chr2,215329928,215330839,NO,911
chr15,49347417,49348206,NO,789
chr7,150601124,150601754,NO,630
chr6,144881202,144881841,NO,639
chr2,118737507,118738237,NO,730
chr5,179453697,179454395,NO,698
chr6,141179250,141179897,NO,647
chr20,33276708,33277912,NO,1204
chr12,71388175,71388968,NO,793
chr4,154036906,154037477,NO,571
chr13,52502453,52503157,NO,704
chr10,103206618,103207236,NO,618
chr2,44358037,44358589,NO,552
chr3,33848542,33849359,NO,817
chr18,49095339,49096000,NO,661
chr1,155505921,155506585,NO,664
chr6,116290380,116291026,NO,646
chr6,129395095,129395669,NO,574
chr18,12879954,12880695,NO,741
chr10,17467807,17468705,NO,898
chr4,63025139,63025837,NO,698
chr8,40057855,40058390,NO,535
chr6,2222038,2222807,NO,769
chr14,56666312,56666999,NO,687
chr1,40653553,40654045,NO,492
chr5,90204863,90205622,NO,759
chr10,114046988,114047826,NO,838
chr8,42696461,42697129,NO,668
chr12,92396167,92396851,NO,684
chr2,39327501,39328160,NO,659
chr2,209121309,209121882,NO,573
chr6,12103275,12103810,NO,535
chr2,169613581,169614181,NO,600
chr6,143607234,143608169,NO,935
chr8,134142246,134143029,NO,783
chr1,79658644,79659388,NO,744
chr1,85049227,85050025,NO,798
chr1,172615849,172616823,NO,974
chr7,132204160,132205387,NO,1227
chr10,86108859,86109535,NO,676
chr2,197065532,197066237,NO,705
chr17,66905162,66905886,NO,724
chr5,57158216,57158888,NO,672
chr12,43183704,43184467,NO,763
chr6,41783049,41784059,NO,1010
chr8,48295310,48295857,NO,547
chr1,61211743,61212547,NO,804
chr8,125366615,125367293,NO,678
chr18,61999936,62000736,NO,800
chr12,15154944,15155541,NO,597
chr13,37702397,37702950,NO,553
chr5,119388679,119389339,NO,660
chrX,19701019,19701502,NO,483
chr16,56585578,56586274,NO,696
chr8,126283643,126284323,NO,680
chr13,90853422,90854014,NO,592
chr1,222000194,222000920,NO,726
chr4,143673267,143673853,NO,586
chr7,17029320,17030053,NO,733
chr6,47382154,47382706,NO,552
chr7,126076343,126076928,NO,585
chr3,122201566,122202067,NO,501
chrX,39277853,39278611,NO,758
chr9,75768614,75769352,NO,738
chr20,51109517,51110287,NO,770
chr1,165529735,165530524,NO,789
chr5,126283632,126284530,NO,898
chr12,89032946,89033659,NO,713
chr6,18503552,18504447,NO,895
chrX,41418699,41419402,NO,703
chr3,197036665,197037312,NO,647
chr14,66949736,66950411,NO,675
chr12,120794426,120795204,NO,778
chr1,184025787,184026505,NO,718
chr2,197852642,197853349,NO,707
chr17,38324028,38324762,NO,734
chr4,79509551,79510271,NO,720
chr20,12717892,12718573,NO,681
chr10,24919606,24920206,NO,600
chr1,171176271,171176849,NO,578
chr7,46093948,46094663,NO,715
chr3,10365558,10366726,NO,1168
chr13,50433401,50433997,NO,596
chr2,16052095,16052809,NO,714
chr6,88401000,88401694,NO,694
chr10,36778515,36779241,NO,726
chr2,118694059,118695081,NO,1022
chrX,43601449,43601988,NO,539
chr9,97798747,97799484,NO,737
chr6,128388380,128389008,NO,628
chr14,67117817,67118531,NO,714
chrX,77320629,77321346,NO,717
chr8,97864109,97865051,NO,942
chr10,85834794,85848844,NO,14050
chr4,83819518,83820042,NO,524
chr21,28762224,28762723,NO,499
chr5,100182153,100182871,NO,718
chr8,117774562,117775126,NO,564
chr9,109592275,109593095,NO,820
chr8,60964267,60964869,NO,602
chr7,76898733,76911686,NO,12953
chr8,117456319,117457336,NO,1017
chr11,103962011,103962454,NO,443
chr17,16419659,16420697,NO,1038
chr4,89741829,89742585,NO,756
chr1,178237524,178238073,NO,549
chr9,117000464,117013682,NO,13218
chr4,19695603,19696260,NO,657
chr3,193534329,193534995,NO,666
chr16,71851623,71852300,NO,677
chr5,151639317,151640063,NO,746
chr7,22213821,22214519,NO,698
chr6,34606755,34607566,NO,811
chr2,183113693,183114469,NO,776
chr1,16675447,16676198,NO,751
chr22,17819854,17820736,NO,882
chr5,95460972,95461478,NO,506
chr20,42915600,42916541,NO,941
chr4,185536326,185536628,NO,302
chr4,124596263,124597156,NO,893
chr2,215672400,215672991,NO,591
chr10,45123885,45124546,NO,661
chr15,94525611,94526321,NO,710
chr13,51050242,51050866,NO,624
chr3,47784260,47784908,NO,648
chr4,129658154,129658898,NO,744
chr15,71303106,71303766,NO,660
chr19,18395375,18396026,NO,651
chr2,151364901,151365451,NO,550
chr6,138352124,138353097,NO,973
chr14,88943886,88944354,NO,468
chr7,81305831,81306522,NO,691
chr2,220457239,220458002,NO,763
chr3,105716922,105717412,NO,490
chr18,845329,845868,NO,539
chr12,3994363,3994843,NO,480
chr2,224333359,224334033,NO,674
chr2,110362140,110362794,NO,654
chr6,137163278,137163935,NO,657
chrX,71282371,71283026,NO,655
chr6,121843383,121844301,NO,918
chr7,80459881,80460376,NO,495
chrX,133132656,133133416,NO,760
chr2,102882568,102883386,NO,818
chr11,78551418,78552141,NO,723
chr6,157298893,157299578,NO,685
chr12,14571227,14571745,NO,518
chr12,26998859,27032228,NO,33369
chr5,138781240,138781760,NO,520
chr3,173873842,173874347,NO,505
chr12,95618047,95618706,NO,659
chr17,73291232,73292016,NO,784
chr1,26378446,26379185,NO,739
chr21,20629347,20630056,NO,709
chr9,79450783,79451368,NO,585
chr11,121005296,121006138,NO,842
chr5,52132899,52133543,NO,644
chr5,45624069,45624665,NO,596
chr9,80409073,80409644,NO,571
chr13,40526818,40527499,NO,681
chr15,72754344,72754874,NO,530
chr6,11732294,11733083,NO,789
chr4,4385106,4385743,NO,637
chr17,38380639,38381394,NO,755
chr12,89938283,89939192,NO,909
chr2,201342136,201342886,NO,750
chr10,81227242,81228188,NO,946
chrX,147279932,147280582,NO,650
chrX,45648179,45648750,NO,571
chr8,41889973,41890509,NO,536
chr13,78407371,78407801,NO,430
chr13,44111128,44111841,NO,713
chr15,96042718,96043420,NO,702
chr11,46494273,46495022,NO,749
chr11,67866925,67867540,NO,615
chr3,71438957,71439726,NO,769
chr18,49006929,49007653,NO,724
chr4,76621246,76622036,NO,790
chr18,62724708,62725314,NO,606
chr12,80511726,80512468,NO,742
chr10,123469648,123470367,NO,719
chr8,121166454,121166922,NO,468
chr1,36103727,36104186,NO,459
chr13,52736144,52736825,NO,681
chr12,22568077,22568664,NO,587
chr11,680385,681350,NO,965
chr2,209185319,209185971,NO,652
chrX,109349946,109350568,NO,622
chr3,146026108,146026677,NO,569
chr1,36701807,36702490,NO,683
chr16,21084164,21085219,NO,1055
chr22,49412237,49413289,NO,1052
chr21,27380320,27380998,NO,678
chr14,45758872,45759364,NO,492
chr5,67383835,67384371,NO,536
chr6,155509962,155510483,NO,521
chr4,148058158,148058777,NO,619
chr7,29481805,29482516,NO,711
chr11,108052485,108053195,NO,710
chr12,3813666,3814469,NO,803
chr10,131936219,131937040,NO,821
chr8,18631920,18632683,NO,763
chr9,4144849,4145423,NO,574
chr14,88983086,88983793,NO,707
chr13,24247414,24247972,NO,558
chr18,57217349,57218062,NO,713
chr1,195862994,195863747,NO,753
chr18,19692936,19693724,NO,788
chr12,65010071,65010595,NO,524
chr15,50346993,50347769,NO,776
chr6,27094751,27095474,NO,723
chr8,48485654,48486466,NO,812
chr4,48779726,48780374,NO,648
chr2,223437057,223438052,NO,995
chr8,87332075,87332733,NO,658
chr17,61026997,61027667,NO,670
chr14,63715288,63716044,NO,756
chr5,111347568,111348064,NO,496
chr9,70645813,70646236,NO,423
chr3,73815976,73816636,NO,660
chr3,153271190,153271857,NO,667
chr11,47520743,47521499,NO,756
chr10,15355579,15368110,NO,12531
chr19,48903152,48904008,NO,856
chr8,99252367,99252942,NO,575
chr7,79964685,79965315,NO,630
chr7,103254632,103255204,NO,572
chr5,77973201,77973806,NO,605
chr5,102833667,102834316,NO,649
chr1,147048935,147049451,NO,516
chr18,9642926,9643566,NO,640
chr16,3740313,3741298,NO,985
chr10,29010797,29011626,NO,829
chr5,106953893,106954634,NO,741
chr3,171091175,171091907,NO,732
chrX,9834257,9835056,NO,799
chr18,19978226,19978730,NO,504
chr1,3652725,3653669,NO,944
chr10,98019497,98020187,NO,690
chr14,23260507,23261010,NO,503
chr3,187911253,187911981,NO,728
chr2,107196064,107196769,NO,705
chr22,25530252,25530974,NO,722
chr15,97299820,97300321,NO,501
chr3,7486082,7486788,NO,706
chr20,53886649,53887287,NO,638
chrX,14261893,14262498,NO,605
chr3,153992240,153992940,NO,700
chr3,21095756,21096208,NO,452
chr2,28232390,28233080,NO,690
chr12,43153270,43154026,NO,756
chr22,34699381,34700098,NO,717
chr11,121170878,121171663,NO,785
chr2,11379727,11380401,NO,674
chr1,87212910,87213433,NO,523
chr5,45577910,45578723,NO,813
chr13,44485467,44485838,NO,371
chr15,73575547,73576190,NO,643
chr14,69328333,69328909,NO,576
chr7,133050699,133051168,NO,469
chr14,34472339,34473199,NO,860
chr5,71847905,71856571,NO,8666
chrX,43699376,43699902,NO,526
chrX,153387642,153388412,NO,770
chr13,110809760,110810573,NO,813
chr4,174336873,174337612,NO,739
chr1,42691653,42692176,NO,523
chr4,143608660,143609338,NO,678
chr18,3912334,3912982,NO,648
chr2,80590714,80591397,NO,683
chr2,187751628,187752366,NO,738
chr5,129337738,129338374,NO,636
chr10,5062280,5063055,NO,775
chr12,12353973,12354823,NO,850
chr6,138070882,138071663,NO,781
chr6,159270982,159271565,NO,583
chr2,60127746,60128443,NO,697
chr8,18744131,18744818,NO,687
chr8,96032559,96033551,NO,992
chr1,42725112,42725748,NO,636
chrX,20533841,20534430,NO,589
chr3,61961382,61962063,NO,681
chr7,46331229,46331822,NO,593
chr7,106717636,106718501,NO,865
chr22,37269771,37270688,NO,917
chr13,46407380,46408065,NO,685
chr2,220529546,220530362,NO,816
chr15,36998872,36999380,NO,508
chr11,97125781,97126441,NO,660
chr12,116581554,116582162,NO,608
chrX,109589942,109590326,NO,384
chr19,43001997,43002892,NO,895
chr2,145915755,145916269,NO,514
chr11,13945123,13945748,NO,625
chr13,40825245,40826038,NO,793
chr1,65493053,65493972,NO,919
chr10,79647335,79648247,NO,912
chr1,172313075,172313624,NO,549
chr6,150076833,150077419,NO,586
chr12,106818882,106819581,NO,699
chr1,119589234,119589902,NO,668
chr3,24300525,24301143,NO,618
chr16,70587034,70587663,NO,629
chr7,63370566,63371026,NO,460
chr12,91667391,91668049,NO,658
chr17,28246156,28246679,NO,523
chr14,63589625,63590135,NO,510
chr4,63061873,63062376,NO,503
chr14,33143230,33143803,NO,573
chr1,170384237,170384886,NO,649
chr9,18393340,18394162,NO,822
chr9,77698047,77698759,NO,712
chr10,68639824,68640406,NO,582
chr18,13712395,13713144,NO,749
chr7,115854358,115854920,NO,562
chr3,159695783,159696568,NO,785
chr2,222287571,222288139,NO,568
chr8,102171242,102172108,NO,866
chr8,25712467,25713297,NO,830
chr16,66281413,66282074,NO,661
chr6,13678608,13679158,NO,550
chr8,66734394,66734944,NO,550
chr12,89340079,89340768,NO,689
chr3,133254772,133266793,NO,12021
chr2,178179322,178179829,NO,507
chr2,191653993,191654622,NO,629
chrX,70597983,70598698,NO,715
chrX,74351700,74352405,NO,705
chr3,191433081,191433683,NO,602
chr15,41580406,41581294,NO,888
chrX,41271593,41272132,NO,539
chr4,138466273,138466946,NO,673
chr19,52733636,52734414,NO,778
chr14,53167954,53168400,NO,446
chr9,118453615,118454091,NO,476
chr3,21759285,21759894,NO,609
chr8,9342399,9343210,NO,811
chr3,156202128,156202767,NO,639
chrX,50542511,50543169,NO,658
chr5,138363370,138363988,NO,618
chr3,178301432,178302211,NO,779
chr9,97867815,97868541,NO,726
chr15,95673185,95674060,NO,875
chr19,47833450,47834117,NO,667
chr6,125932680,125933620,NO,940
chr9,3936570,3937352,NO,782
chr9,3949932,3950769,NO,837
chr10,99015622,99016265,NO,643
chr9,84173349,84174160,NO,811
chr3,173919811,173920295,NO,484
chr6,144222598,144223283,NO,685
chr3,196396956,196397740,NO,784
chr4,184659173,184659774,NO,601
chr6,153243731,153244214,NO,483
chr3,33638673,33639310,NO,637
chr6,76329871,76330567,NO,696
chr22,33410634,33411040,NO,406
chr4,99442294,99442953,NO,659
chr3,15794481,15795110,NO,629
chr2,24550798,24551323,NO,525
chr3,99396330,99397065,NO,735
chr5,86687880,86688628,NO,748
chr1,207378479,207379193,NO,714
chr2,198793806,198794316,NO,510
chr10,49455546,49456483,NO,937
chr7,30446647,30447189,NO,542
chr4,151153019,151153768,NO,749
chr2,210390064,210390393,NO,329
chr20,13720414,13720901,NO,487
chr13,77599277,77599791,NO,514
chr11,93434150,93434675,NO,525
chr8,103380487,103381152,NO,665
chr12,96278155,96278644,NO,489
chr3,23782236,23783122,NO,886
chr20,38327028,38328060,NO,1032
chr3,73713413,73713992,NO,579
chr22,27104494,27105042,NO,548
chr4,142023506,142024158,NO,652
chr13,57697029,57697533,NO,504
chr12,42950870,42951549,NO,679
chr10,27486967,27487699,NO,732
chr12,105503365,105503956,NO,591
chr10,32153731,32154309,NO,578
chr2,151647127,151647673,NO,546
chr4,41999911,42000575,NO,664
chr7,137139278,137139873,NO,595
chr5,119724244,119724977,NO,733
chr10,95937585,95938402,NO,817
chr9,22828865,22829477,NO,612
chr3,185347907,185348546,NO,639
chr11,26969907,26970374,NO,467
chr5,115961508,115962280,NO,772
chr3,129574764,129575334,NO,570
chr2,75283243,75283869,NO,626
chr9,80576039,80576590,NO,551
chr6,100624066,100624812,NO,746
chrX,121555338,121555950,NO,612
chrX,149621785,149622571,NO,786
chr14,54181862,54182502,NO,640
chr3,99619436,99619969,NO,533
chr3,17002827,17003697,NO,870
chr21,15309382,15309857,NO,475
chr1,115130649,115131369,NO,720
chr4,13400587,13401135,NO,548
chr2,159396115,159396650,NO,535
chr7,67083902,67084746,NO,844
chr3,15419434,15419876,NO,442
chr1,27800254,27800834,NO,580
chr13,52480747,52481434,NO,687
chr4,57886350,57886857,NO,507
chr8,101679693,101680298,NO,605
chr15,89744626,89745374,NO,748
chr3,44368272,44368781,NO,509
chr14,71455108,71455695,NO,587
chr11,65670454,65671043,NO,589
chr1,227503706,227504110,NO,404
chr2,176899656,176900173,NO,517
chr6,109059182,109059998,NO,816
chr7,47676002,47688177,NO,12175
chr12,63696116,63696875,NO,759
chr3,126530353,126530975,NO,622
chr18,51759040,51759653,NO,613
chr20,33379020,33379643,NO,623
chr1,93400157,93400844,NO,687
chr6,164817176,164817878,NO,702
chr10,98289474,98290108,NO,634
chr9,114189056,114189665,NO,609
chr5,95235497,95236017,NO,520
chr6,144080798,144081558,NO,760
chr10,124161878,124162579,NO,701
chr2,150715658,150716215,NO,557
chr18,43762592,43763139,NO,547
chr5,34717405,34718262,NO,857
chr7,90355782,90356403,NO,621
chr2,188286062,188286771,NO,709
chr15,44847039,44847566,NO,527
chr5,127102551,127103163,NO,612
chr1,236786438,236787007,NO,569
chr17,25782690,25794496,NO,11806
chr8,67959874,67960540,NO,666
chr2,236523450,236524202,NO,752
chr7,86686102,86686797,NO,695
chr18,9673146,9685837,NO,12691
chrX,56839465,56840215,NO,750
chr6,117914558,117915167,NO,609
chr1,168706551,168707235,NO,684
chr7,144539367,144540050,NO,683
chr6,163740956,163741517,NO,561
chr6,89681955,89682514,NO,559
chr7,15841135,15841598,NO,463
chr6,161897531,161898232,NO,701
chr16,30561077,30561538,NO,461
chr2,66528110,66528930,NO,820
chr10,27147141,27147666,NO,525
chr5,57590753,57591434,NO,681
chr7,33082973,33083557,NO,584
chr19,31899009,31899673,NO,664
chrX,94186846,94187564,NO,718
chr10,51815519,51816067,NO,548
chr12,46246108,46246796,NO,688
chr10,20389252,20389925,NO,673
chr2,98460743,98461407,NO,664
chr1,6919291,6919921,NO,630
chr3,187908887,187909782,NO,895
chr4,108662159,108662564,NO,405
chr8,89013088,89013723,NO,635
chr17,43980153,43980948,NO,795
chr20,8053882,8054401,NO,519
chr8,121757333,121758515,NO,1182
chr14,23918334,23919041,NO,707
chr4,41180362,41180894,NO,532
chr12,58276252,58277002,NO,750
chr8,130284866,130285455,NO,589
chr4,40167440,40167916,NO,476
chr11,96493255,96493782,NO,527
chr12,77027763,77028310,NO,547
chr4,169305435,169306140,NO,705
chr1,221437773,221438421,NO,648
chr12,111192001,111192566,NO,565
chr18,3236485,3237143,NO,658
chr8,94396226,94396798,NO,572
chr8,25280500,25281185,NO,685
chr12,93831784,93832639,NO,855
chr5,55128163,55128667,NO,504
chr11,1610130,1610882,NO,752
chr7,111873205,111873645,NO,440
chr1,201959233,201960099,NO,866
chr10,29850272,29851029,NO,757
chr1,57580483,57580997,NO,514
chr11,113030653,113031481,NO,828
chr1,184780792,184781498,NO,706
chr22,19072678,19073533,NO,855
chr1,62487954,62488405,NO,451
chr9,111287144,111287694,NO,550
chr1,78150762,78151402,NO,640
chr14,75515929,75516697,NO,768
chr11,96611980,96612451,NO,471
chr7,22287915,22288577,NO,662
chr20,11876041,11876828,NO,787
chr5,145155033,145155614,NO,581
chr1,100865857,100866553,NO,696
chr1,108495955,108496494,NO,539
chr16,64943562,64944393,NO,831
chr6,97387156,97387881,NO,725
chr3,156398776,156399293,NO,517
chr11,130819074,130819785,NO,711
chr2,191813323,191813954,NO,631
chr8,59508547,59521773,NO,13226
chr8,161919,162518,NO,599
chr1,171457508,171457957,NO,449
chr5,142754158,142754746,NO,588
chr12,94302768,94303539,NO,771
chr8,16908978,16909635,NO,657
chrX,118190034,118190599,NO,565
chr6,134125903,134126599,NO,696
chr3,99699466,99700439,NO,973
chr1,78090007,78090767,NO,760
chr18,60606880,60607541,NO,661
chr2,18885499,18886078,NO,579
chr1,36716660,36717466,NO,806
chr14,90939059,90950476,NO,11417
chr3,65856886,65857796,NO,910
chr6,145090256,145090943,NO,687
chr20,46238896,46239337,NO,441
chr8,127447195,127447783,NO,588
chr11,30347816,30348479,NO,663
chr4,144376162,144376671,NO,509
chr2,235732059,235732822,NO,763
chr2,11432786,11433337,NO,551
chr4,110135750,110136281,NO,531
chr10,123589417,123590060,NO,643
chr10,68297823,68298468,NO,645
chr10,94141678,94142184,NO,506
chr10,53004500,53004978,NO,478
chr5,58302418,58302932,NO,514
chr4,90333152,90333673,NO,521
chr1,210519853,210520386,NO,533
chr6,98116609,98117671,NO,1062
chr17,26438818,26439582,NO,764
chr12,65012771,65013311,NO,540
chr17,40215490,40216383,NO,893
chr1,237780522,237780914,NO,392
chr7,11498132,11498686,NO,554
chr2,228044713,228045524,NO,811
chr2,203902201,203902744,NO,543
chr6,88326885,88327474,NO,589
chr2,111828922,111829813,NO,891
chr17,38966174,38966829,NO,655
chr12,86650868,86651458,NO,590
chr3,47656107,47656599,NO,492
chr2,192223152,192223851,NO,699
chr10,23057189,23057704,NO,515
chr13,49254378,49254927,NO,549
chr11,95384857,95385413,NO,556
chr21,28742594,28743207,NO,613
chr4,38891209,38891878,NO,669
chr3,168761602,168762273,NO,671
chr9,80111083,80111758,NO,675
chr12,22464644,22465265,NO,621
chr19,19245600,19246335,NO,735
chr8,54926543,54927197,NO,654
chr1,174959490,174960129,NO,639
chr8,59392855,59393421,NO,566
chr10,74397103,74397817,NO,714
chr3,61438094,61438880,NO,786
chr7,86561428,86562084,NO,656
chr5,56133372,56133968,NO,596
chr4,129689558,129690130,NO,572
chr15,92767943,92768537,NO,594
chr8,107095140,107095833,NO,693
chr5,52038919,52039530,NO,611
chr20,2270052,2270832,NO,780
chr16,47003979,47004514,NO,535
chr12,91230156,91230803,NO,647
chr4,17190554,17191062,NO,508
chr2,206454997,206455706,NO,709
chr18,14430941,14431462,NO,521
chr15,64134306,64134984,NO,678
chr1,41683210,41683786,NO,576
chr11,36002263,36002808,NO,545
chr18,12460758,12461433,NO,675
chr4,45352271,45352763,NO,492
chr7,114870790,114871439,NO,649
chr5,127228585,127229182,NO,597
chr15,52138922,52139439,NO,517
chr1,82342477,82343024,NO,547
chr1,97480043,97480503,NO,460
chr6,39108827,39109728,NO,901
chr4,10531066,10531519,NO,453
chr6,28237083,28237719,NO,636
chr6,133680831,133681281,NO,450
chr5,58560413,58561137,NO,724
chr11,28388166,28388677,NO,511
chr2,6327041,6327660,NO,619
chr2,33008394,33009078,NO,684
chr8,100885421,100886213,NO,792
chr8,82261740,82262306,NO,566
chr10,11019609,11020104,NO,495
chr14,49241414,49242014,NO,600
chr4,188653975,188654632,NO,657
chr4,163626329,163626959,NO,630
chr14,88295526,88296275,NO,749
chr3,141994372,141994875,NO,503
chr17,63921984,63922694,NO,710
chr14,59000030,59000803,NO,773
chr11,68273011,68273493,NO,482
chr20,19614617,19615155,NO,538
chr2,84662496,84663148,NO,652
chr10,18916501,18916821,NO,320
chr3,52640641,52641247,NO,606
chr8,121557509,121558045,NO,536
chr1,56662744,56663263,NO,519
chr20,10545663,10546426,NO,763
chr9,108834782,108835409,NO,627
chr14,59232499,59233273,NO,774
chr6,144706992,144707550,NO,558
chr8,55092212,55092951,NO,739
chr10,81247333,81248311,NO,978
chr19,13818640,13819136,NO,496
chr17,61433199,61433788,NO,589
chr7,29254554,29255264,NO,710
chr13,43360786,43361349,NO,563
chr21,45065298,45066026,NO,728
chr17,13695728,13696267,NO,539
chr20,8223383,8224245,NO,862
chr11,104295617,104296180,NO,563
chr18,29896662,29897367,NO,705
chr6,24584028,24584486,NO,458
chr2,145843412,145843925,NO,513
chr22,21822336,21822856,NO,520
chr18,3268800,3269717,NO,917
chr13,50681287,50681810,NO,523
chr2,9025751,9026455,NO,704
chr4,148115215,148115624,NO,409
chr2,98808021,98808676,NO,655
chr1,144519955,144520285,NO,330
chr16,73127681,73128293,NO,612
chr6,14407113,14407862,NO,749
chr3,131522856,131523401,NO,545
chr7,156943383,156944009,NO,626
chr2,240966761,240967070,NO,309
chr4,140036245,140036711,NO,466
chr10,59723812,59724594,NO,782
chrX,135342081,135342562,NO,481
chr14,27311326,27312006,NO,680
chr6,141681137,141681630,NO,493
chr10,64923748,64924234,NO,486
chr1,120217880,120218451,NO,571
chr20,4954024,4954770,NO,746
chr1,223065054,223065674,NO,620
chr4,141877193,141877764,NO,571
chr7,81917898,81918370,NO,472
chr3,122109128,122109821,NO,693
chr1,179159489,179160251,NO,762
chr2,27510553,27511360,NO,807
chr15,39172575,39172921,NO,346
chr21,28801699,28802411,NO,712
chr4,19731548,19732167,NO,619
chr5,15718878,15719384,NO,506
chr4,69241885,69242492,NO,607
chr5,111195105,111195690,NO,585
chr18,29259376,29260035,NO,659
chr5,165309637,165310232,NO,595
chr9,129575344,129575987,NO,643
chr10,73988075,73988650,NO,575
chr15,49388320,49388875,NO,555
chr5,118608982,118609684,NO,702
chr2,232298913,232299268,NO,355
chr10,76399831,76400316,NO,485
chr3,176868072,176868680,NO,608
chr2,141773115,141773687,NO,572
chr7,93473968,93474484,NO,516
chr9,32876530,32877522,NO,992
chr2,178260895,178261448,NO,553
chr4,153635048,153635682,NO,634
chr14,74285210,74285967,NO,757
chr20,43681685,43682196,NO,511
chr8,92331713,92332318,NO,605
chr1,12361237,12361935,NO,698
chr18,33189969,33190552,NO,583
chr12,6844825,6845424,NO,599
chrX,11398534,11399011,NO,477
chr3,133950238,133950731,NO,493
chr8,81415832,81416396,NO,564
chr5,138944829,138945474,NO,645
chr20,8522401,8523160,NO,759
chr2,70348824,70349468,NO,644
chr13,48478092,48478610,NO,518
chr10,91175832,91176567,NO,735
chr3,191999195,191999828,NO,633
chr16,53180980,53181661,NO,681
chr8,56831946,56832566,NO,620
chr17,35597116,35597583,NO,467
chr3,179132485,179132921,NO,436
chr5,54805489,54806020,NO,531
chr8,137584995,137585584,NO,589
chr8,18213778,18214423,NO,645
chr12,20713483,20714127,NO,644
chr10,29909087,29909710,NO,623
chr12,27587680,27588195,NO,515
chr6,134022629,134023267,NO,638
chr5,123871748,123873370,NO,1622
chr3,131177494,131178227,NO,733
chr13,19879407,19879915,NO,508
chr4,16685332,16685852,NO,520
chr6,33569566,33570139,NO,573
chr1,100744685,100745218,NO,533
chr10,34569852,34570642,NO,790
chr4,30947245,30947761,NO,516
chr10,4149993,4164205,NO,14212
chr18,66900678,66901230,NO,552
chr17,54900241,54900842,NO,601
chr9,89734337,89735018,NO,681
chr4,77625348,77631051,NO,5703
chrX,119499554,119500146,NO,592
chr10,25263905,25264525,NO,620
chr1,145445868,145446504,NO,636
chr5,119741270,119741792,NO,522
chr13,31379567,31393736,NO,14169
chr6,122786374,122786935,NO,561
chr11,95778982,95779634,NO,652
chr7,17595550,17596196,NO,646
chr12,49065202,49065797,NO,595
chr7,95099871,95100246,NO,375
chr8,140405828,140406638,NO,810
chr6,22913646,22914195,NO,549
chr13,41082512,41083038,NO,526
chr11,75346004,75346574,NO,570
chr4,26153086,26153648,NO,562
chr15,84841132,84841447,NO,315
chr1,93436474,93437165,NO,691
chr4,10748539,10749106,NO,567
chr1,59758191,59758847,NO,656
chr5,117224459,117224924,NO,465
chr14,96869480,96870043,NO,563
chr3,53376374,53377019,NO,645
chr5,107896512,107897017,NO,505
chr1,52605622,52606188,NO,566
chr1,90430784,90431500,NO,716
chr5,56594406,56594859,NO,453
chr7,45779037,45779790,NO,753
chr11,111919787,111920199,NO,412
chr11,82702975,82703719,NO,744
chr3,161913065,161913723,NO,658
chrX,67304245,67304766,NO,521
chr13,41521487,41521972,NO,485
chr4,142564472,142565056,NO,584
chr22,22558151,22558471,NO,320
chr9,4743335,4744038,NO,703
chr2,40323165,40323871,NO,706
chr20,43619087,43619745,NO,658
chr1,202512423,202512902,NO,479
chr2,169554107,169554740,NO,633
chr6,116568293,116568882,NO,589
chr10,61096865,61097460,NO,595
chr20,7238485,7239013,NO,528
chr9,80433977,80434658,NO,681
chr3,194379448,194379948,NO,500
chr15,38703784,38704416,NO,632
chr4,114705488,114706113,NO,625
chr15,44948408,44949023,NO,615
chr4,48725094,48725616,NO,522
chr9,79432942,79433415,NO,473
chr3,184934049,184934571,NO,522
chr5,83844554,83845098,NO,544
chr12,43370281,43370782,NO,501
chr11,129094379,129094811,NO,432
chr2,61812864,61813346,NO,482
chr4,79550947,79551728,NO,781
chr3,37180883,37181480,NO,597
chr12,89052195,89052675,NO,480
chr11,35600984,35601351,NO,367
chr15,48088128,48088870,NO,742
chr13,97729195,97729702,NO,507
chr1,221738792,221739514,NO,722
chr5,142984947,142985415,NO,468
chr10,21870321,21871037,NO,716
chr6,116569535,116570111,NO,576
chr12,27379094,27379902,NO,808
chr10,7248080,7248668,NO,588
chr8,104090703,104091605,NO,902
chr3,78929915,78930597,NO,682
chr2,68821908,68822437,NO,529
chr6,54103725,54104179,NO,454
chr15,34531024,34531652,NO,628
chr3,185034761,185035224,NO,463
chr1,65213677,65214268,NO,591
chr16,49131611,49132124,NO,513
chr4,149637182,149637858,NO,676
chr5,56784215,56784984,NO,769
chr2,68452274,68452898,NO,624
chr11,95831645,95832310,NO,665
chr10,92983046,92983475,NO,429
chr2,203243894,203244556,NO,662
chr5,111319661,111320401,NO,740
chr14,64418661,64419353,NO,692
chrX,24846294,24847010,NO,716
chrX,100235491,100236124,NO,633
chr4,47649011,47649550,NO,539
chr17,64168144,64168717,NO,573
chr2,72594592,72595243,NO,651
chr4,44771073,44771770,NO,697
chr2,183631380,183632000,NO,620
chr8,93660243,93660825,NO,582
chr2,219670103,219670833,NO,730
chr15,70861546,70862214,NO,668
chr8,103429067,103429764,NO,697
chr11,43926389,43926958,NO,569
chr2,25815544,25816234,NO,690
chr4,146264304,146264834,NO,530
chr8,67318350,67318899,NO,549
chr10,112942787,112943252,NO,465
chr3,188359243,188359965,NO,722
chr5,82670778,82671307,NO,529
chr1,26218898,26219496,NO,598
chr11,105115594,105115992,NO,398
chr11,14562710,14574076,NO,11366
chr3,69458569,69470786,NO,12217
chr3,124619207,124619708,NO,501
chr10,22086987,22087806,NO,819
chr9,94277235,94277843,NO,608
chr3,43203866,43204625,NO,759
chr14,81393198,81393864,NO,666
chr1,179001337,179001828,NO,491
chr6,21634828,21635316,NO,488
chr10,17715436,17716208,NO,772
chr15,50281459,50282182,NO,723
chr7,18598200,18598954,NO,754
chr13,90167189,90167627,NO,438
chr12,65926169,65926819,NO,650
chr7,41874564,41875085,NO,521
chr11,115056430,115056895,NO,465
chr10,52987300,52988031,NO,731
chr11,84596927,84597508,NO,581
chr11,111814767,111815310,NO,543
chr3,188009319,188009791,NO,472
chr12,19604006,19604577,NO,571
chrX,31441771,31442240,NO,469
chr17,20858920,20859646,NO,726
chr11,71524476,71524945,NO,469
chr17,48966727,48967573,NO,846
chr18,22207392,22207998,NO,606
chr3,180589521,180590423,NO,902
chr13,42164650,42165089,NO,439
chr2,176314107,176314577,NO,470
chr15,59570121,59570605,NO,484
chr16,19041407,19041946,NO,539
chr3,124259319,124259998,NO,679
chr6,29704010,29704619,NO,609
chr6,154618843,154619315,NO,472
chr12,107233796,107234540,NO,744
chr13,29229823,29230347,NO,524
chr5,20972518,20972999,NO,481
chr12,96200015,96200515,NO,500
chr3,100599214,100599783,NO,569
chr9,89593790,89594369,NO,579
chr7,114584521,114585332,NO,811
chr1,176686347,176686884,NO,537
chr9,115593570,115594352,NO,782
chr7,77463667,77464103,NO,436
chr20,13832078,13832601,NO,523
chr2,153468637,153469174,NO,537
chr17,63058515,63059064,NO,549
chr6,118919611,118920151,NO,540
chr6,76001037,76001459,NO,422
chr11,122080353,122080894,NO,541
chr6,105021073,105021651,NO,578
chr3,21788776,21789407,NO,631
chr13,41962976,41963713,NO,737
chr6,87909598,87910121,NO,523
chr2,70344070,70344736,NO,666
chr7,14417118,14417704,NO,586
chr6,22699362,22699873,NO,511
chr10,97591660,97602445,NO,10785
chr6,71874575,71874959,NO,384
chr1,184377876,184378411,NO,535
chr10,15780472,15781029,NO,557
chr22,41566314,41566765,NO,451
chr11,22137319,22137943,NO,624
chr1,243399735,243400338,NO,603
chr8,80604872,80605641,NO,769
chr18,13028794,13029346,NO,552
chr21,15077086,15077782,NO,696
chr16,16143574,16144139,NO,565
chr16,14622716,14623221,NO,505
chr8,141907529,141908064,NO,535
chr9,2838875,2839387,NO,512
chr3,39290978,39297874,NO,6896
chr20,17643085,17643640,NO,555
chr3,64637371,64637930,NO,559
chr4,166424681,166425233,NO,552
chr2,229518537,229519029,NO,492
chr3,73104727,73105232,NO,505
chr12,8816850,8817553,NO,703
chr1,1185410,1185859,NO,449
chr18,65192459,65193009,NO,550
chr2,159341630,159342181,NO,551
chr2,43619526,43620136,NO,610
chr5,54686074,54686667,NO,593
chrX,71002967,71003504,NO,537
chr6,116567737,116568273,NO,536
chr3,160935129,160935708,NO,579
chr2,236790767,236791251,NO,484
chr2,197278463,197278988,NO,525
chr18,21828061,21828756,NO,695
chr2,26345426,26346112,NO,686
chr4,186158382,186158949,NO,567
chr6,70470416,70471161,NO,745
chr10,21357972,21358580,NO,608
chr10,113936989,113937358,NO,369
chr10,7691998,7692703,NO,705
chr20,10829320,10830090,NO,770
chr10,75158528,75159066,NO,538
chr5,148870581,148871015,NO,434
chr3,40002647,40003260,NO,613
chr6,41813875,41814704,NO,829
chr7,111752807,111753280,NO,473
chr11,74667078,74667701,NO,623
chr6,141095128,141095654,NO,526
chr4,184556468,184556987,NO,519
chr16,4069208,4069875,NO,667
chr7,116809603,116810265,NO,662
chr4,88831827,88832536,NO,709
chr18,75581802,75582475,NO,673
chr5,79266330,79266910,NO,580
chr7,56670762,56671243,NO,481
chr17,55071877,55072558,NO,681
chr3,178280249,178280728,NO,479
chr13,79966977,79967550,NO,573
chr8,68251448,68252027,NO,579
chr9,86316286,86316758,NO,472
chr2,210306295,210306790,NO,495
chr12,69868999,69869660,NO,661
chr2,160298324,160299004,NO,680
chr18,71515092,71515682,NO,590
chr3,172762780,172763310,NO,530
chr14,65646515,65647169,NO,654
chr12,80321880,80322345,NO,465
chr12,22002926,22003534,NO,608
chr4,15377713,15378280,NO,567
chr4,45326512,45327141,NO,629
chr5,35853856,35854555,NO,699
chr2,39866966,39867651,NO,685
chr4,154515628,154516109,NO,481
chr11,74494406,74494973,NO,567
chr2,168083187,168083768,NO,581
chr7,27940868,27941432,NO,564
chr15,64735865,64736309,NO,444
chr1,185978824,185979469,NO,645
chr3,9642291,9642938,NO,647
chr15,58961278,58961737,NO,459
chr3,145849683,145850234,NO,551
chr8,19340777,19341401,NO,624
chr9,105167966,105168471,NO,505
chr11,77024458,77024773,NO,315
chr3,125362922,125363332,NO,410
chr7,69336734,69337308,NO,574
chr16,64285520,64286039,NO,519
chr3,114464649,114465302,NO,653
chr3,36235175,36235561,NO,386
chr11,100933082,100933586,NO,504
chr4,177459423,177460131,NO,708
chr10,99387041,99387772,NO,731
chr1,46056371,46056789,NO,418
chr3,184166870,184167235,NO,365
chr12,63719350,63719844,NO,494
chr13,97794602,97795160,NO,558
chr5,73729093,73743613,NO,14520
chr14,27518567,27519201,NO,634
chr12,57765807,57766399,NO,592
chr12,76653869,76654422,NO,553
chr6,114126517,114127089,NO,572
chr5,137827813,137841554,NO,13741
chr10,101952748,101953222,NO,474
chr5,126406065,126406697,NO,632
chr8,86971443,86971998,NO,555
chrX,135792501,135792976,NO,475
chr6,119617248,119617852,NO,604
chr7,46779121,46779679,NO,558
chr1,101972881,101973436,NO,555
chr3,160415392,160415901,NO,509
chr3,69292266,69292908,NO,642
chr18,74920512,74920904,NO,392
chr3,123875907,123876429,NO,522
chr1,52889413,52890011,NO,598
chr11,2997471,2998259,NO,788
chr4,125359039,125359645,NO,606
chr4,170629117,170629645,NO,528
chr11,68289855,68290195,NO,340
chr3,167557459,167557984,NO,525
chr5,52939213,52939841,NO,628
chr8,61137992,61138515,NO,523
chr1,114199683,114200200,NO,517
chr4,189081337,189081939,NO,602
chr4,159546837,159547282,NO,445
chrX,74327701,74328256,NO,555
chr12,915350,915877,NO,527
chr2,131843237,131843765,NO,528
chr5,67363456,67363977,NO,521
chr10,104339834,104340628,NO,794
chr6,160431076,160431697,NO,621
chr1,90126891,90127425,NO,534
chr15,74945589,74946172,NO,583
chr8,122418612,122419160,NO,548
chr8,109457431,109458040,NO,609
chr9,80385210,80385698,NO,488
chr10,21093230,21094012,NO,782
chr4,12119924,12120557,NO,633
chrX,33156740,33157268,NO,528
chr11,122027530,122028173,NO,643
chr14,56129387,56129915,NO,528
chr3,130301507,130301999,NO,492
chr11,112944355,112944794,NO,439
chr18,19252762,19253279,NO,517
chr16,64898865,64899372,NO,507
chr2,24334250,24334812,NO,562
chr6,158862397,158863233,NO,836
chr3,191891723,191892211,NO,488
chr15,35898636,35899012,NO,376
chr16,73923241,73923825,NO,584
chr1,143467220,143467745,NO,525
chr6,2161596,2162251,NO,655
chr10,28876860,28877414,NO,554
chr2,228374847,228375363,NO,516
chr4,157695369,157696039,NO,670
chr2,219093383,219093769,NO,386
chr4,120100097,120100639,NO,542
chr3,112870352,112871124,NO,772
chr3,174493211,174493844,NO,633
chr7,121086468,121086961,NO,493
chr14,51283379,51284025,NO,646
chr11,96215282,96215891,NO,609
chr7,25064880,25065645,NO,765
chr8,68827560,68828164,NO,604
chr11,127636529,127637009,NO,480
chr12,110936963,110937542,NO,579
chr4,124542283,124542829,NO,546
chr10,36430831,36431401,NO,570
chr11,105012607,105013123,NO,516
chr8,129873503,129874113,NO,610
chr1,36723538,36724037,NO,499
chr13,27742082,27742689,NO,607
chr13,51305101,51305634,NO,533
chr9,78115086,78115632,NO,546
chr1,100352705,100353116,NO,411
chrX,4970052,4970599,NO,547
chr15,60897985,60898534,NO,549
chr7,143688954,143689542,NO,588
chr20,43096447,43096989,NO,542
chr2,225774682,225775150,NO,468
chr2,30718906,30719495,NO,589
chr1,144840950,144841445,NO,495
chr7,91700310,91700781,NO,471
chr11,73239591,73240161,NO,570
chr12,30610008,30610642,NO,634
chr10,115941712,115942341,NO,629
chr15,39941756,39942277,NO,521
chr11,125893633,125894398,NO,765
chr13,50095250,50095708,NO,458
chr2,154064474,154064805,NO,331
chr21,31850386,31850858,NO,472
chr7,17691726,17692354,NO,628
chr2,37716429,37717013,NO,584
chr9,72157834,72158643,NO,809
chr16,56423584,56424092,NO,508
chr7,89896448,89896870,NO,422
chr5,71623902,71624279,NO,377
chr13,92876962,92877477,NO,515
chr14,65035689,65036262,NO,573
chr1,94659955,94660444,NO,489
chr1,169481360,169481826,NO,466
chr2,69260143,69260886,NO,743
chr1,26449726,26450285,NO,559
chr6,109355634,109356134,NO,500
chr7,99835195,99835586,NO,391
chr2,102214440,102214965,NO,525
chr9,94065162,94065696,NO,534
chr18,61912332,61912893,NO,561
chr7,107200018,107200469,NO,451
chr7,23520220,23520480,NO,260
chr7,105920202,105920715,NO,513
chr1,243451186,243451861,NO,675
chr9,110055199,110055781,NO,582
chr1,174231905,174232529,NO,624
chr5,148468446,148469000,NO,554
chr9,34025625,34026233,NO,608
chr15,29269267,29269832,NO,565
chr2,145077747,145078428,NO,681
chr8,52323643,52324157,NO,514
chr10,65314348,65314742,NO,394
chr3,178565653,178566153,NO,500
chr4,14224676,14225182,NO,506
chr5,45533639,45534160,NO,521
chr7,143009768,143021025,NO,11257
chr6,80920302,80920792,NO,490
chr1,57181081,57181695,NO,614
chr5,93696190,93696598,NO,408
chr6,12472768,12473321,NO,553
chr3,145249631,145250147,NO,516
chr21,33625698,33626282,NO,584
chr12,105250226,105250691,NO,465
chr4,100743142,100743745,NO,603
chr5,9175107,9175694,NO,587
chr11,100793686,100794212,NO,526
chr16,83847737,83848517,NO,780
chr1,175218476,175219074,NO,598
chr11,111629577,111630009,NO,432
chr4,27041699,27042334,NO,635
chr6,121974685,121988116,NO,13431
chr1,174213229,174213885,NO,656
chr4,86047156,86047612,NO,456
chr3,177196372,177196862,NO,490
chr7,37571021,37571588,NO,567
chr6,47002178,47015475,NO,13297
chr10,106467237,106467731,NO,494
chr1,237899778,237900393,NO,615
chr19,57727292,57727786,NO,494
chr12,124140924,124141442,NO,518
chr8,39939015,39939711,NO,696
chr3,80023428,80024014,NO,586
chr11,111777425,111777769,NO,344
chr8,108532051,108532532,NO,481
chr8,71081333,71081847,NO,514
chr1,184299296,184299913,NO,617
chr16,79732304,79732856,NO,552
chr6,163061657,163062149,NO,492
chr10,97573855,97574492,NO,637
chr9,18363062,18363578,NO,516
chr10,46209615,46210113,NO,498
chr1,25155221,25155718,NO,497
chr7,11670391,11670822,NO,431
chr7,14112951,14113469,NO,518
chr1,225783769,225784193,NO,424
chr8,4644557,4644990,NO,433
chr15,93996018,93996482,NO,464
chr3,49442901,49443279,NO,378
chr2,149630266,149630559,NO,293
chr17,1268807,1269356,NO,549
chr12,883227,883760,NO,533
chr17,11828639,11829193,NO,554
chr3,176820365,176820815,NO,450
chr6,162651247,162651652,NO,405
chr6,116511581,116512082,NO,501
chr8,74897089,74897587,NO,498
chr8,81446470,81446998,NO,528
chr2,41942365,41942738,NO,373
chr13,72073085,72073615,NO,530
chr9,120441186,120441768,NO,582
chr11,10293613,10294006,NO,393
chr20,33488156,33488607,NO,451
chr2,61269843,61270391,NO,548
chr7,95289217,95289706,NO,489
chr10,115619410,115619990,NO,580
chr8,103299473,103300005,NO,532
chr3,48288747,48289249,NO,502
chr12,29841731,29842163,NO,432
chr14,56844811,56845404,NO,593
chr3,15259394,15259876,NO,482
chr16,27378774,27386608,NO,7834
chr14,21471920,21472550,NO,630
chr2,44552112,44552677,NO,565
chr21,27366746,27367396,NO,650
chr1,98262131,98262642,NO,511
chr5,123087997,123088573,NO,576
chr2,180542830,180543353,NO,523
chr1,82301070,82301526,NO,456
chr3,28958279,28958871,NO,592
chr11,9252684,9253142,NO,458
chr8,98630105,98630768,NO,663
chr8,68176631,68177131,NO,500
chr17,28422099,28432365,NO,10266
chr3,15049258,15049716,NO,458
chr8,38175202,38175749,NO,547
chr9,14883511,14884129,NO,618
chr15,69486310,69486775,NO,465
chr12,40620578,40621009,NO,431
chr16,53778970,53779560,NO,590
chr3,114449074,114449521,NO,447
chr2,207233444,207234088,NO,644
chr1,235654720,235655322,NO,602
chr6,112438375,112439078,NO,703
chr12,105384510,105385051,NO,541
chr3,24580308,24580860,NO,552
chr3,2396241,2396716,NO,475
chr9,13210383,13210900,NO,517
chr11,33379964,33380437,NO,473
chr3,26110362,26110968,NO,606
chr6,129755251,129755678,NO,427
chr7,69203361,69203887,NO,526
chr2,222092726,222093129,NO,403
chr6,140160791,140161344,NO,553
chr8,118990173,118990641,NO,468
chr17,36008874,36009463,NO,589
chrX,78402462,78402904,NO,442
chr4,156363731,156364266,NO,535
chr6,155492433,155492784,NO,351
chr9,42251004,42251352,NO,348
chr3,85834605,85834966,NO,361
chr1,237741862,237742331,NO,469
chr12,94729969,94730449,NO,480
chr15,60818244,60818737,NO,493
chr2,227304273,227311633,NO,7360
chr2,157619792,157620182,NO,390
chr2,213839853,213840351,NO,498
chr3,137778021,137778515,NO,494
chr4,89236675,89237137,NO,462
chr1,111391411,111391769,NO,358
chr9,16213531,16214001,NO,470
chr3,23804415,23804915,NO,500
chr2,120577377,120577855,NO,478
chr1,94620820,94621438,NO,618
chr1,156220705,156233560,NO,12855
chr4,177601481,177601988,NO,507
chr9,127139882,127140360,NO,478
chr4,56196588,56197064,NO,476
chr10,96202670,96203257,NO,587
chrX,31204820,31205343,NO,523
chr12,31645784,31646202,NO,418
chr17,16649931,16650220,NO,289
chr6,119026947,119027567,NO,620
chr6,109076396,109086139,NO,9743
chr9,27151548,27151883,NO,335
chr8,19394647,19395159,NO,512
chr7,80101996,80102510,NO,514
chr15,84558754,84559244,NO,490
chr2,32995370,32995851,NO,481
chr1,150082511,150082888,NO,377
chr10,53976696,53977020,NO,324
chr10,4944824,4945329,NO,505
chr12,32292582,32293255,NO,673
chr9,36296314,36296818,NO,504
chr2,210872446,210872973,NO,527
chr7,114722912,114723453,NO,541
chr13,49011537,49021383,NO,9846
chrX,38496619,38497122,NO,503
chr6,152002692,152003228,NO,536
chr4,178949609,178949975,NO,366
chr2,75263109,75263486,NO,377
chr6,5623824,5635529,NO,11705
chrX,153780422,153791437,NO,11015
chr22,31822023,31822475,NO,452
chr1,231718951,231719416,NO,465
chr4,83639171,83653024,NO,13853
chr1,203840760,203841226,NO,466
chr10,7652673,7653199,NO,526
chr1,185758818,185759267,NO,449
chr1,237578100,237578607,NO,507
chr14,78347994,78359436,NO,11442
chr21,27885651,27886100,NO,449
chr6,97343734,97344090,NO,356
chr2,124938282,124938645,NO,363
chr7,15554374,15554819,NO,445
chr19,52332842,52333229,NO,387
chr11,86724518,86731248,NO,6730
chr12,58664552,58677796,NO,13244
chr20,48573862,48586303,NO,12441
chr5,138980876,138992136,NO,11260
chr11,36442405,36453574,NO,11169
chr12,93139522,93148406,NO,8884
chr1,15333781,15348592,NO,14811
chr2,206622466,206633283,NO,10817
chr6,6317541,6332841,NO,15300
chr1,232505032,232513458,NO,8426
chr5,38563644,38576931,NO,13287
chr11,103496213,103504811,NO,8598
chr16,68365852,68380085,NO,14233
chr17,75538264,75551731,NO,13467
chr2,9931851,9942406,NO,10555
chr4,120281543,120292885,NO,11342
chr1,68055949,68065196,NO,9247
chr13,109783564,109793920,NO,10356
chr14,65112266,65122215,NO,9949
chr5,156890949,156901597,NO,10648
chr4,57653401,57666549,NO,13148
chr5,125776926,125786246,NO,9320
chr20,2457461,2466983,NO,9522
chr1,168793084,168804075,NO,10991
chr19,40737319,40748835,NO,11516
chr6,158136779,158148320,NO,11541
chr21,44742643,44754347,NO,11704
chr6,1613902,1625892,NO,11990
chr17,29740810,29753022,NO,12212
chr1,113074815,113087307,NO,12492
chr9,137680740,137693527,NO,12787
chr10,30503909,30516837,NO,12928
chr2,101219856,101232851,NO,12995
chr1,161931377,161944577,NO,13200
chr5,15837922,15851424,NO,13502
chr16,27108519,27122193,NO,13674
chr7,47649539,47663293,NO,13754
chr14,69809290,69823060,NO,13770
chr3,9795904,9809732,NO,13828
chr11,64109362,64123556,NO,14194
chr18,77335665,77350085,NO,14420
chr20,47337908,47352563,NO,14655
chr2,91936468,91951326,NO,14858
chr20,32657059,32671921,NO,14862
chr7,30733352,30748359,NO,15007
chr14,100594956,100609969,NO,15013
chr12,120524297,120539668,NO,15371
chr17,80612576,80628436,NO,15860
chr1,109782058,109798123,NO,16065
chr1,31258952,31283242,NO,24290
chr17,48737324,48764968,NO,27644
