chrom,start,end,label,length
chr1,564424,570340,YES,5916
chr10,42383221,42408491,YES,25270
chr19,3335220,3435694,YES,100474
chr16,46386122,46435632,YES,49510
chr9,37944859,38070405,YES,125546
chr5,139014931,139089034,YES,74103
chr19,39138209,39227436,YES,89227
chr10,80817765,80920515,YES,102750
chr22,36719593,36784141,YES,64548
chr15,90541209,90648622,YES,107413
chr22,43264591,43336922,YES,72331
chr17,55928639,56033446,YES,104807
chr10,134202361,134236211,YES,33850
chr17,48961222,49034141,YES,72919
chr22,37937583,37998650,YES,61067
chr16,85632955,85687468,YES,54513
chr22,50324650,50362146,YES,37496
chr12,124843409,124913860,YES,70451
chr10,42596669,42600229,YES,3560
chr9,130283151,130338372,YES,55221
chr14,77470019,77512103,YES,42084
chr1,22282432,22342083,YES,59651
chr19,54929167,54983116,YES,53949
chr3,46971661,47023868,YES,52207
chr15,31618841,31660188,YES,41347
chr9,132243664,132264662,YES,20998
chr2,218761878,218831134,YES,69256
chr14,69247125,69283871,YES,36746
chr20,17590772,17665877,YES,75105
chr10,126792523,126860641,YES,68118
chr2,235861833,235919493,YES,57660
chr1,10724234,10798853,YES,74619
chr7,1570011,1596310,YES,26299
chr11,118778086,118801447,YES,23361
chr9,140187407,140209780,YES,22373
chr17,17584647,17628117,YES,43470
chr17,16912295,17008666,YES,96371
chr17,25846751,25907835,YES,61084
chr11,65183945,65222715,YES,38770
chr19,2031847,2062521,YES,30674
chr19,13250701,13283347,YES,32646
chr12,124964679,125005536,YES,40857
chr20,24980162,25042934,YES,62772
chr17,71260184,71309281,YES,49097
chr16,88519690,88576861,YES,57171
chr9,73025322,73036879,YES,11557
chr7,47486901,47538635,YES,51734
chr9,95949201,96007955,YES,58754
chr8,145010086,145045727,YES,35641
chr4,1748386,1799730,YES,51344
chr17,7737430,7755143,YES,17713
chr9,97758110,97839793,YES,81683
chr21,46712869,46769645,YES,56776
chr14,100017945,100047929,YES,29984
chr2,242822926,242851518,YES,28592
chr10,104401575,104430088,YES,28513
chr19,18570846,18633007,YES,62161
chr14,74206350,74256808,YES,50458
chr9,130716400,130753595,YES,37195
chr5,1103424,1162193,YES,58769
chr1,3229360,3283107,YES,53747
chr7,30925630,30976895,YES,51265
chr19,56616528,56665154,YES,48626
chr10,73983571,74037749,YES,54178
chr7,5457094,5470362,YES,13268
chr19,12888303,12905229,YES,16926
chr17,79798957,79830349,YES,31392
chr1,17066786,17108592,YES,41806
chr1,21564396,21624001,YES,59605
chr17,79307665,79340673,YES,33008
chr12,122459729,122525902,YES,66173
chr2,219137661,219160647,YES,22986
chr14,104321147,104376774,YES,55627
chr18,11983867,12039110,YES,55243
chr17,2295449,2322339,YES,26890
chr1,33202622,33233639,YES,31017
chr19,45221530,45262229,YES,40699
chr3,5017659,5031408,YES,13749
chr16,57807519,57861689,YES,54170
chr17,72413564,72451320,YES,37756
chr1,234735294,234760652,YES,25358
chr20,43965219,43989012,YES,23793
chr12,53432826,53456145,YES,23319
chr11,65238691,65275309,YES,36618
chr1,16469712,16509159,YES,39447
chr17,38247973,38271499,YES,23526
chr17,8042100,8062329,YES,20229
chr17,80224398,80256844,YES,32446
chr19,46268891,46285907,YES,17016
chr10,45458178,45493148,YES,34970
chr9,130855533,130883698,YES,28165
chr21,46825115,46859502,YES,34387
chr9,124481996,124528314,YES,46318
chr1,156073453,156100195,YES,26742
chr11,65134015,65159000,YES,24985
chr10,77154737,77169907,YES,15170
chr3,50238556,50280758,YES,42202
chr19,42748163,42786772,YES,38609
chr7,75920340,75956165,YES,35825
chr5,172191499,172217196,YES,25697
chr12,122233159,122251232,YES,18073
chr17,180792,204004,YES,23212
chr9,127019819,127060282,YES,40463
chr19,5090946,5132399,YES,41453
chr15,78282322,78311560,YES,29238
chr3,193810820,193860761,YES,49941
chr2,219252286,219272220,YES,19934
chr1,17877745,17915409,YES,37664
chr12,53267361,53321687,YES,54326
chr1,19233692,19292343,YES,58651
chr20,31035878,31069764,YES,33886
chr15,67373153,67443080,YES,69927
chr9,135921907,135946672,YES,24765
chr11,114025529,114051695,YES,26166
chr1,16949793,16993667,YES,43874
chr9,135988433,136019939,YES,31506
chr17,38467246,38502436,YES,35190
chr16,629808,647291,YES,17483
chr13,52338124,52376302,YES,38178
chr5,149864820,149902774,YES,37954
chr14,75718982,75763057,YES,44075
chr1,234935793,234956376,YES,20583
chr19,18389478,18416480,YES,27002
chr13,111158616,111212666,YES,54050
chr17,36058524,36106462,YES,47938
chr17,72740879,72767003,YES,26124
chr9,136820829,136858717,YES,37888
chr22,50719664,50746196,YES,26532
chr5,149990906,150024649,YES,33743
chr16,2527556,2566084,YES,38528
chr12,123344891,123388419,YES,43528
chr18,19744422,19774342,YES,29920
chr21,42838219,42881349,YES,43130
chr10,99521825,99552760,YES,30935
chr10,112593247,112621248,YES,28001
chr17,75359721,75391375,YES,31654
chr20,45968454,45990446,YES,21992
chr1,21639448,21670086,YES,30638
chr11,68079981,68122853,YES,42872
chr1,226062174,226086979,YES,24805
chr11,1568781,1596185,YES,27404
chr9,139569922,139593186,YES,23264
chr12,113669662,113710797,YES,41135
chr5,10701691,10758922,YES,57231
chr1,235090912,235133781,YES,42869
chr8,142276139,142319373,YES,43234
chr16,31138345,31154462,YES,16117
chr9,139420405,139453240,YES,32835
chr1,21942145,21969463,YES,27318
chr2,239192420,239209662,YES,17242
chr16,4343917,4379558,YES,35641
chr3,134069158,134101409,YES,32251
chr19,39618123,39658912,YES,40789
chr9,92269543,92302481,YES,32938
chr7,1064481,1093037,YES,28556
chr1,41939336,41967803,YES,28467
chr11,1847591,1867642,YES,20051
chr19,39887706,39902244,YES,14538
chr10,74074795,74097101,YES,22306
chr1,16160817,16176863,YES,16046
chr5,172313609,172333559,YES,19950
chr6,30709369,30750240,YES,40871
chr9,137246859,137280321,YES,33462
chr17,42275491,42301378,YES,25887
chr11,310046,327604,YES,17558
chr1,37931027,37951789,YES,20762
chr10,81950927,81967557,YES,16630
chr1,2120663,2145632,YES,24969
chr1,15498267,15534926,YES,36659
chr2,26910998,26948879,YES,37881
chr5,133838963,133866754,YES,27791
chr14,92336012,92372953,YES,36941
chr20,22548323,22565313,YES,16990
chr19,1154599,1184230,YES,29631
chr2,157176143,157199779,YES,23636
chr17,21178994,21200173,YES,21179
chr14,61983645,62035965,YES,52320
chr14,65173298,65204366,YES,31068
chr14,35014913,35026601,YES,11688
chr19,13132765,13172452,YES,39687
chr8,103800412,103823129,YES,22717
chr7,130009745,130027598,YES,17853
chr19,4042113,4065806,YES,23693
chr1,3010610,3056916,YES,46306
chr1,154971553,154990459,YES,18906
chr12,52636838,52644749,YES,7911
chr9,124359991,124420892,YES,60901
chr1,150531245,150548370,YES,17125
chr19,47597401,47617765,YES,20364
chr2,85645170,85676652,YES,31482
chr1,9488560,9512989,YES,24429
chr6,35692905,35702325,YES,9420
chr15,40361528,40401177,YES,39649
chr11,67800871,67818895,YES,18024
chr10,73729670,73777031,YES,47361
chr18,3447382,3457734,YES,10352
chr11,57077162,57094328,YES,17166
chr17,46020659,46045672,YES,25013
chr19,10851918,10880952,YES,29034
chr2,70312093,70336517,YES,24424
chr17,76904704,76944170,YES,39466
chr2,232566358,232575910,YES,9552
chr1,43998383,44019747,YES,21364
chr6,44184385,44206123,YES,21738
chr11,119209657,119249931,YES,40274
chr12,133069127,133094797,YES,25670
chr19,45942791,45989241,YES,46450
chr16,67474688,67496551,YES,21863
chr6,43734858,43750675,YES,15817
chr16,30203586,30220927,YES,17341
chr2,66659844,66674369,YES,14525
chr3,39182584,39195191,YES,12607
chr3,50296964,50309412,YES,12448
chr1,203242364,203261337,YES,18973
chr11,117685096,117706246,YES,21150
chr1,27883467,27903731,YES,20264
chr22,36847179,36863352,YES,16173
chr16,70737499,70782068,YES,44569
chr17,36886485,36906657,YES,20172
chr2,232526568,232546729,YES,20161
chr1,204043110,204073996,YES,30886
chr17,2786135,2812793,YES,26658
chr5,167715055,167756404,YES,41349
chr18,46454814,46479753,YES,24939
chr7,97840667,97859099,YES,18432
chr8,126441198,126447756,YES,6558
chr6,32935671,32939845,YES,4174
chr7,542710,560476,YES,17766
chr20,60930200,60956184,YES,25984
chr20,35089778,35126595,YES,36817
chr20,10633035,10656066,YES,23031
chr8,30401507,30426822,YES,25315
chr3,58120988,58162205,YES,41217
chr19,2578595,2634943,YES,56348
chr1,45271974,45286624,YES,14650
chr11,61520061,61544910,YES,24849
chr15,83584091,83612618,YES,28527
chr1,159879765,159899885,YES,20120
chr19,11187064,11207566,YES,20502
chr11,67890279,67915179,YES,24900
chr5,150439446,150488720,YES,49274
chr21,33244626,33292569,YES,47943
chr1,203274559,203297498,YES,22939
chr1,1092849,1101754,YES,8905
chr1,199991695,200023098,YES,31403
chr2,66800951,66811111,YES,10160
chr17,29876226,29908920,YES,32694
chr22,46497670,46507211,YES,9541
chr10,81002333,81034579,YES,32246
chr3,66447888,66501134,YES,53246
chr2,241620845,241632740,YES,11895
chr7,156780725,156812209,YES,31484
chr17,29802110,29827564,YES,25454
chr8,28221161,28244777,YES,23616
chr1,202074443,202083132,YES,8689
chr16,68765988,68797544,YES,31556
chr7,73241069,73248234,YES,7165
chr7,73867090,73898552,YES,31462
chr16,687279,711564,YES,24285
chr19,17346067,17372144,YES,26077
chr1,24444104,24469765,YES,25661
chr4,15002881,15006964,YES,4083
chr9,134248284,134298121,YES,49837
chr16,57640581,57669438,YES,28857
chr6,143264892,143269230,YES,4338
chr19,1249770,1255471,YES,5701
chr12,14921817,14929490,YES,7673
chr2,70350162,70371066,YES,20904
chr7,47607618,47622296,YES,14678
chr1,12651183,12679985,YES,28802
chr9,130646189,130681765,YES,35576
chr1,3081369,3106114,YES,24745
chr9,138972897,139001614,YES,28717
chr11,61449736,61469276,YES,19540
chr1,226296745,226323876,YES,27131
chr1,15464415,15483998,YES,19583
chr15,67336346,67360297,YES,23951
chr7,97905824,97917767,YES,11943
chr6,107212792,107252773,YES,39981
chr4,1232999,1244601,YES,11602
chr3,53178493,53197461,YES,18968
chr22,30685725,30707875,YES,22150
chr7,360310,383352,YES,23042
chr8,22227775,22256044,YES,28269
chr17,70459579,70536586,YES,77007
chr19,933122,957664,YES,24542
chr14,100998206,101015206,YES,17000
chr22,46464713,46468791,YES,4078
chr1,36838741,36853737,YES,14996
chr1,17215294,17242006,YES,26712
chr17,73536646,73556483,YES,19837
chr15,41137583,41166722,YES,29139
chr17,79477775,79487231,YES,9456
chr17,39928244,39950630,YES,22386
chr17,74247791,74275486,YES,27695
chr8,37887944,37921718,YES,33774
chr22,41797625,41814829,YES,17204
chr15,75938797,75960010,YES,21213
chr19,7196852,7224785,YES,27933
chr19,4369028,4392128,YES,23100
chr2,28612837,28619289,YES,6452
chr5,180236463,180259128,YES,22665
chr22,36805110,36832281,YES,27171
chr3,50636646,50643943,YES,7297
chr3,187455990,187468648,YES,12658
chr2,241926039,241955225,YES,29186
chr11,2395526,2405370,YES,9844
chr11,69040530,69066696,YES,26166
chr16,3069956,3074472,YES,4516
chr16,87978597,88017327,YES,38730
chr12,52412194,52438336,YES,26142
chr15,90754571,90775786,YES,21215
chr17,38221370,38232622,YES,11252
chr11,61738376,61751574,YES,13198
chr2,43444572,43453783,YES,9211
chr17,48929551,48945576,YES,16025
chr17,18932666,18944161,YES,11495
chr3,128035876,128074393,YES,38517
chr19,879665,909520,YES,29855
chr19,14172246,14193082,YES,20836
chr14,75907312,75937314,YES,30002
chr16,46909991,46933878,YES,23887
chr22,41839942,41844668,YES,4726
chr17,19037010,19048272,YES,11262
chr2,235952710,235962157,YES,9447
chr22,29188499,29216217,YES,27718
chr2,241172512,241199678,YES,27166
chr17,7358840,7383800,YES,24960
chr12,48195313,48219525,YES,24212
chr1,234853336,234862647,YES,9311
chr11,67112489,67134554,YES,22065
chr19,781861,803389,YES,21528
chr2,218852382,218868861,YES,16479
chr8,145725910,145730721,YES,4811
chr19,18474267,18499919,YES,25652
chr9,116131716,116161864,YES,30148
chr1,19390536,19413588,YES,23052
chr2,10175884,10197599,YES,21715
chr17,80839931,80850315,YES,10384
chr17,81040786,81067403,YES,26617
chr19,15358250,15377596,YES,19346
chr1,201976281,201988593,YES,12312
chr16,88826747,88840165,YES,13418
chr16,68267481,68272278,YES,4797
chr9,112008911,112054222,YES,45311
chr7,104652314,104655849,YES,3535
chr1,3123065,3140184,YES,17119
chr2,8815261,8826055,YES,10794
chr1,205267271,205294703,YES,27432
chr20,60871902,60883194,YES,11292
chr1,234658360,234682173,YES,23813
chr5,141228046,141256552,YES,28506
chr7,100270689,100292478,YES,21789
chr12,12867099,12888279,YES,21180
chr15,69108930,69114134,YES,5204
chr12,110146911,110177973,YES,31062
chr15,89633063,89676498,YES,43435
chr17,40819129,40832531,YES,13402
chr11,8709405,8754171,YES,44766
chr9,33129311,33172328,YES,43017
chr20,3786674,3801794,YES,15120
chr17,72964227,72999749,YES,35522
chr21,43093190,43105529,YES,12339
chr12,89744290,89749109,YES,4819
chr1,23720101,23751941,YES,31840
chr12,26254013,26289297,YES,35284
chr1,1365560,1371958,YES,6398
chr9,93954245,93974641,YES,20396
chr2,47182308,47217683,YES,35375
chr22,39635396,39656608,YES,21212
chr2,46524437,46543109,YES,18672
chr2,43384619,43406747,YES,22128
chr16,89386802,89431352,YES,44550
chr16,85586969,85604113,YES,17144
chr5,172282229,172301031,YES,18802
chr19,41220321,41227301,YES,6980
chr17,37893489,37911257,YES,17768
chr2,54777855,54816759,YES,38904
chr11,33711041,33729697,YES,18656
chr7,154995530,155027394,YES,31864
chr15,20545471,20554905,YES,9434
chr6,108878517,108884224,YES,5707
chr6,39157826,39185802,YES,27976
chr15,90686470,90718911,YES,32441
chr8,42325790,42357120,YES,31330
chr16,27219367,27254473,YES,35106
chr9,137219621,137233983,YES,14362
chr19,40923331,40940417,YES,17086
chr16,66542534,66552236,YES,9702
chr2,65643737,65664500,YES,20763
chr1,149831672,149834047,YES,2375
chr1,117008558,117039191,YES,30633
chr6,43766267,43801563,YES,35296
chr10,14574011,14630774,YES,56763
chr17,37025512,37038111,YES,12599
chr2,20778895,20819129,YES,40234
chr8,48646620,48651974,YES,5354
chr19,48222051,48247715,YES,25664
chr7,36312124,36344036,YES,31912
chr6,31784325,31798392,YES,14067
chr1,156467369,156475470,YES,8101
chr12,125204362,125240334,YES,35972
chr1,32389181,32422240,YES,33059
chr7,39987941,39991742,YES,3801
chr22,22271602,22293967,YES,22365
chr1,22223058,22242282,YES,19224
chr20,30281861,30309183,YES,27322
chr15,63792546,63798064,YES,5518
chr15,93157869,93183132,YES,25263
chr10,118346988,118375802,YES,28814
chr16,58056614,58068775,YES,12161
chr6,7215896,7243434,YES,27538
chr10,134259977,134283119,YES,23142
chr22,46480264,46487187,YES,6923
chr3,123128079,123150988,YES,22909
chr1,32038607,32054952,YES,16345
chr6,43939275,43972552,YES,33277
chr19,47760557,47778036,YES,17479
chr1,6660460,6664607,YES,4147
chr19,45349269,45361418,YES,12149
chr1,156716116,156722425,YES,6309
chr12,58228207,58240841,YES,12634
chr9,112078232,112094218,YES,15986
chr14,90968128,90992332,YES,24204
chr12,6432575,6447672,YES,15097
chr1,27018641,27033155,YES,14514
chr20,19945033,19990871,YES,45838
chr10,23462159,23489004,YES,26845
chr10,133757021,133793861,YES,36840
chr13,50695733,50700580,YES,4847
chr17,38692510,38716660,YES,24150
chr7,2560955,2571301,YES,10346
chr16,30066331,30078416,YES,12085
chr21,43181158,43198457,YES,17299
chr12,7069824,7074517,YES,4693
chr11,64603023,64631992,YES,28969
chr17,79360092,79371711,YES,11619
chr14,105936090,105949147,YES,13057
chr16,85229321,85254430,YES,25109
chr3,150125974,150128984,YES,3010
chr19,46379418,46387425,YES,8007
chr6,41678999,41703413,YES,24414
chr7,99595237,99621612,YES,26375
chr2,241504657,241520206,YES,15549
chr8,37743901,37762390,YES,18489
chr1,155097001,155106202,YES,9201
chr2,7147977,7177387,YES,29410
chr10,82213913,82225417,YES,11504
chr8,145315226,145330358,YES,15132
chr8,145484279,145499435,YES,15156
chr9,131900572,131908796,YES,8224
chr19,49127073,49141691,YES,14618
chr16,29262862,29277139,YES,14277
chr16,75237559,75241447,YES,3888
chr1,8079310,8088609,YES,9299
chr16,89449558,89477916,YES,28358
chr17,40108879,40126419,YES,17540
chr8,27440730,27463245,YES,22515
chr7,73154950,73173614,YES,18664
chr11,64869076,64885274,YES,16198
chr2,110743515,110746187,YES,2672
chr17,75441040,75452971,YES,11931
chr19,46008672,46032527,YES,23855
chr10,52363764,52385666,YES,21902
chr5,131829902,131837965,YES,8063
chr16,67957711,67969111,YES,11400
chr22,37897095,37910919,YES,13824
chr16,69847568,69895538,YES,47970
chr16,1979194,1993294,YES,14100
chr11,125034122,125050800,YES,16678
chr19,16677058,16700057,YES,22999
chr17,4400002,4425364,YES,25362
chr10,102756215,102762274,YES,6059
chr7,134873314,134903487,YES,30173
chr3,139252488,139268562,YES,16074
chr9,14294750,14323136,YES,28386
chr5,179243513,179248894,YES,5381
chr17,57904876,57931462,YES,26586
chr22,25338202,25373755,YES,35553
chr11,72487050,72498928,YES,11878
chr3,141120533,141147158,YES,26625
chr6,21587015,21597193,YES,10178
chr14,21149115,21154487,YES,5372
chr17,36857283,36862851,YES,5568
chr22,25506496,25530806,YES,24310
chr17,18884332,18905090,YES,20758
chr1,150943284,150956638,YES,13354
chr16,85350209,85369782,YES,19573
chr12,133003378,133014740,YES,11362
chr22,43386316,43407840,YES,21524
chr11,118480553,118514549,YES,33996
chr11,12260733,12276188,YES,15455
chr21,44848981,44867415,YES,18434
chr5,1180906,1188283,YES,7377
chr14,77412922,77429166,YES,16244
chr20,34679509,34694907,YES,15398
chr19,5954353,5969906,YES,15553
chr1,1589497,1596975,YES,7478
chr2,112024460,112059775,YES,35315
chr22,31735194,31744078,YES,8884
chr6,3329085,3371049,YES,41964
chr6,170574777,170590091,YES,15314
chr2,10482759,10513267,YES,30508
chr11,2480353,2486356,YES,6003
chr2,87948225,87983523,YES,35298
chr15,93351302,93389476,YES,38174
chr2,227655470,227666605,YES,11135
chr1,1839685,1850801,YES,11116
chr1,27313426,27337660,YES,24234
chr17,79005935,79026542,YES,20607
chr2,129062836,129083923,YES,21087
chr17,3798207,3808782,YES,10575
chr1,54738451,54764522,YES,26071
chr17,77804578,77818301,YES,13723
chr6,36634654,36652430,YES,17776
chr14,69402344,69417977,YES,15633
chr12,7033612,7047812,YES,14200
chr14,105553414,105560946,YES,7532
chr7,75563808,75596799,YES,32991
chr9,2015256,2018300,YES,3044
chr22,39685280,39694515,YES,9235
chr12,6472519,6487122,YES,14603
chr6,33684312,33712132,YES,27820
chr13,28526886,28542917,YES,16031
chr1,2987083,2995982,YES,8899
chr19,45594117,45609421,YES,15304
chr13,114884131,114914239,YES,30108
chr9,33786317,33806365,YES,20048
chr1,154380017,154401243,YES,21226
chr6,158406401,158433714,YES,27313
chrX,125606486,125607065,YES,579
chr1,201364926,201375338,YES,10412
chr17,48753356,48771283,YES,17927
chr13,111364284,111367808,YES,3524
chr11,783469,798329,YES,14860
chr13,28479590,28503530,YES,23940
chr15,53075337,53082599,YES,7262
chr9,131926032,131939794,YES,13762
chr17,73839715,73845733,YES,6018
chr13,80911224,80917677,YES,6453
chr10,80711493,80734908,YES,23415
chr19,5799267,5828754,YES,29487
chr17,17742680,17753209,YES,10529
chr19,11248491,11277643,YES,29152
chr8,101472021,101515877,YES,43856
chr20,56574007,56595736,YES,21729
chr19,3055418,3068632,YES,13214
chr8,327479,354464,YES,26985
chr22,50620901,50633150,YES,12249
chr7,131198030,131227848,YES,29818
chr12,56472791,56481754,YES,8963
chr16,75256074,75259457,YES,3383
chr13,114539866,114564394,YES,24528
chr1,19324571,19339152,YES,14581
chr6,64281453,64284064,YES,2611
chr15,90326611,90352982,YES,26371
chr6,7129283,7147687,YES,18404
chr11,68604978,68623116,YES,18138
chr19,36040582,36066853,YES,26271
chr1,230193096,230226352,YES,33256
chr14,95715445,95736218,YES,20773
chr4,1718718,1730567,YES,11849
chr6,157097579,157101577,YES,3998
chr9,136919396,136931172,YES,11776
chr17,41437592,41450188,YES,12596
chr19,2477692,2507608,YES,29916
chr2,232468436,232480363,YES,11927
chr3,184069667,184081697,YES,12030
chr12,120754608,120771167,YES,16559
chr1,180126308,180143747,YES,17439
chr17,48609616,48621090,YES,11474
chr3,193988211,194015486,YES,27275
chr11,16988316,17018201,YES,29885
chr3,169376026,169387051,YES,11025
chr17,74683898,74707767,YES,23869
chr19,35485607,35504421,YES,18814
chr2,237476256,237490493,YES,14237
chr6,114175729,114181433,YES,5704
chr4,2788590,2803469,YES,14879
chr19,49241607,49256882,YES,15275
chr17,27070973,27077036,YES,6063
chr11,64088652,64123284,YES,34632
chr17,57442515,57459864,YES,17349
chr7,50709165,50749931,YES,40766
chr9,89559909,89563936,YES,4027
chr1,169071618,169085619,YES,14001
chr8,12610847,12613928,YES,3081
chr11,67271945,67275712,YES,3767
chr19,1260957,1263612,YES,2655
chr9,127554612,127597636,YES,43024
chr19,8452716,8463293,YES,10577
chr12,122580924,122606282,NO,25358
chr3,9938358,9959374,NO,21016
chr17,41392468,41401228,NO,8760
chr8,143480541,143493270,NO,12729
chr9,140090908,140095289,NO,4381
chr1,202003279,202026641,NO,23362
chr1,203097883,203119429,NO,21546
chr14,96727933,96752379,NO,24446
chr6,41515706,41546355,NO,30649
chr5,176727145,176736573,NO,9428
chr9,140320427,140352758,NO,32331
chr12,132379118,132382917,NO,3799
chr6,158980553,158994157,NO,13604
chr21,46783157,46799489,NO,16332
chrX,41191868,41194712,NO,2844
chr1,155157148,155167727,NO,10579
chr14,100596939,100622559,NO,25620
chr17,37858351,37864765,NO,6414
chr17,27503217,27508013,NO,4796
chr17,2898796,2908633,NO,9837
chr1,54801041,54844514,NO,43473
chr16,8953790,8962971,NO,9181
chr9,96328923,96345107,NO,16184
chr14,24887027,24905975,NO,18948
chr14,68973188,68994295,NO,21107
chr22,24983848,24998876,NO,15028
chr5,154133166,154137293,NO,4127
chr6,30845229,30854709,NO,9480
chr2,120238443,120249824,NO,11381
chr7,5566036,5573021,NO,6985
chr22,43040087,43049207,NO,9120
chr3,48466192,48473248,NO,7056
chr2,135426964,135449083,NO,22119
chr17,76857899,76881199,NO,23300
chr4,140097015,140100116,NO,3101
chr16,57285857,57313948,NO,28091
chr13,27936339,27948928,NO,12589
chr1,23880670,23889053,NO,8383
chr7,102250318,102257220,NO,6902
chr6,42738389,42758945,NO,20556
chr22,30175100,30195700,NO,20600
chr9,116337502,116349887,NO,12385
chr17,7162763,7166955,NO,4192
chr7,102151178,102158241,NO,7063
chr11,47422368,47438258,NO,15890
chr1,2163212,2180711,NO,17499
chr1,227160579,227178449,NO,17870
chr11,67030359,67044956,NO,14597
chr9,116363184,116385985,NO,22801
chr2,43231640,43260482,NO,28842
chr1,59339102,59370161,NO,31059
chr17,70111912,70123724,NO,11812
chr18,3593219,3604419,NO,11200
chr22,46959379,46975721,NO,16342
chr17,75280970,75285137,NO,4167
chr5,95294837,95298819,NO,3982
chr22,46770751,46787302,NO,16551
chr11,818275,822820,NO,4545
chr12,57480615,57488759,NO,8144
chr22,31474913,31482143,NO,7230
chr19,2536467,2549769,NO,13302
chr8,95651043,95655023,NO,3980
chr11,1318359,1327305,NO,8946
chr22,46448032,46452550,NO,4518
chr9,73084688,73096877,NO,12189
chr17,26553015,26578859,NO,25844
chr16,318252,333044,NO,14792
chr3,50357889,50372184,NO,14295
chr19,2269483,2274682,NO,5199
chr8,17459698,17484750,NO,25052
chr11,68874034,68899564,NO,25530
chr16,67696914,67708366,NO,11452
chr3,38026700,38047862,NO,21162
chr19,18539800,18552081,NO,12281
chr19,7682706,7685818,NO,3112
chr16,85547197,85555266,NO,8069
chr22,50209360,50230270,NO,20910
chr20,33850862,33866500,NO,15638
chr17,76168272,76181553,NO,13281
chr2,174828093,174830993,NO,2900
chr12,4108294,4141364,NO,33070
chr17,62133308,62177662,NO,44354
chr1,16532577,16553792,NO,21215
chrX,39964114,39969362,NO,5248
chr19,48824542,48837652,NO,13110
chr1,26193462,26217616,NO,24154
chr14,55031466,55035075,NO,3609
chr5,176789647,176798475,NO,8828
chr8,11557884,11583286,NO,25402
chr14,95063463,95067703,NO,4240
chr3,53875198,53880947,NO,5749
chr15,91402715,91417900,NO,15185
chr11,75863255,75883836,NO,20581
chr19,41308824,41338363,NO,29539
chr11,62312046,62324495,NO,12449
chr16,88987638,88995544,NO,7906
chr12,127650322,127651039,NO,717
chr10,95197127,95228732,NO,31605
chr12,57022467,57030951,NO,8484
chr1,43389751,43411991,NO,22240
chr8,145436797,145449052,NO,12255
chr11,66108061,66118633,NO,10572
chr1,153741391,153762889,NO,21498
chr3,66531328,66556515,NO,25187
chr19,1101442,1114312,NO,12870
chr7,158896854,158910470,NO,13616
chr17,79391711,79400830,NO,9119
chr11,1033529,1042690,NO,9161
chr19,49274221,49298915,NO,24694
chr1,9298186,9311934,NO,13748
chr2,217500849,217530595,NO,29746
chr21,38737738,38740920,NO,3182
chr6,107168641,107200061,NO,31420
chr9,98268142,98273947,NO,5805
chr17,77892520,77901769,NO,9249
chr20,32235579,32252150,NO,16571
chr15,20305670,20311603,NO,5933
chr17,17677527,17697110,NO,19583
chr16,4421341,4427255,NO,5914
chr1,164717371,164764262,NO,46891
chr3,71630419,71634164,NO,3745
chr17,985237,999852,NO,14615
chr10,21805897,21816688,NO,10791
chr4,141071344,141074774,NO,3430
chr22,18954515,18964294,NO,9779
chr16,2054015,2059725,NO,5710
chr14,103576234,103589746,NO,13512
chr11,75050487,75058143,NO,7656
chr15,90304223,90312022,NO,7799
chr11,27481461,27494438,NO,12977
chr13,24781844,24799398,NO,17554
chr12,120661766,120673585,NO,11819
chr2,243011032,243028910,NO,17878
chr15,86122033,86126420,NO,4387
chr9,132318742,132332969,NO,14227
chr5,16487005,16522377,NO,35372
chr8,23396025,23416655,NO,20630
chr8,144598598,144612483,NO,13885
chr20,49261649,49281244,NO,19595
chr7,51086687,51114081,NO,27394
chr19,35531106,35540521,NO,9415
chr1,229244158,229268287,NO,24129
chr13,24743149,24760448,NO,17299
chr16,68810791,68827626,NO,16835
chr20,23338160,23343756,NO,5596
chr16,428597,434461,NO,5864
chr3,126072796,126076354,NO,3558
chr3,134027368,134046472,NO,19104
chr12,53764037,53776693,NO,12656
chr17,691303,707529,NO,16226
chr17,77694098,77715846,NO,21748
chr1,1062700,1079990,NO,17290
chr1,47067169,47080353,NO,13184
chr14,77383407,77387349,NO,3942
chr4,185393352,185398114,NO,4762
chr17,75412249,75426895,NO,14646
chr2,60756870,60782719,NO,25849
chr17,65486551,65525935,NO,39384
chr17,25659008,25681559,NO,22551
chr8,22405950,22411573,NO,5623
chr19,54706830,54715247,NO,8417
chr19,1409667,1417344,NO,7677
chr1,24878376,24903223,NO,24847
chr12,118489845,118500996,NO,11151
chr13,41238302,41240828,NO,2526
chr21,11186094,11186949,NO,855
chr22,46474015,46476837,NO,2822
chr22,39149482,39152989,NO,3507
chr17,79135918,79139977,NO,4059
chr4,129730481,129734070,NO,3589
chr1,59238754,59249817,NO,11063
chr19,6219996,6239246,NO,19250
chr12,117518573,117534274,NO,15701
chr12,125400951,125425838,NO,24887
chr13,113365557,113382121,NO,16564
chr11,57261143,57270319,NO,9176
chr6,3053694,3069755,NO,16061
chr19,46907111,46930009,NO,22898
chr12,3404772,3425218,NO,20446
chr1,206669105,206694703,NO,25598
chr1,40098815,40113794,NO,14979
chr7,73444049,73458306,NO,14257
chr9,124043274,124052656,NO,9382
chr14,35800652,35812050,NO,11398
chr1,201463121,201481650,NO,18529
chr22,46439280,46442912,NO,3632
chr1,41383641,41414638,NO,30997
chr4,186738361,186762565,NO,24204
chr16,20334871,20345051,NO,10180
chr16,2200021,2208079,NO,8058
chr11,34652230,34676310,NO,24080
chr13,114829605,114848153,NO,18548
chr10,105579633,105604154,NO,24521
chr4,140473472,140480066,NO,6594
chr13,113540330,113559197,NO,18867
chr15,101250542,101263483,NO,12941
chr15,57887540,57904633,NO,17093
chr8,11482398,11500647,NO,18249
chr9,136779932,136801351,NO,21419
chr22,38701735,38713429,NO,11694
chr15,21312852,21316725,NO,3873
chr12,111872014,111885109,NO,13095
chr10,81102349,81109788,NO,7439
chr3,156787946,156808087,NO,20141
chr3,156837772,156855027,NO,17255
chr16,75283136,75286594,NO,3458
chr20,45944509,45950394,NO,5885
chr13,99125702,99137656,NO,11954
chr17,8124162,8127748,NO,3586
chr17,80058142,80076700,NO,18558
chr11,64035352,64039560,NO,4208
chr4,3462726,3474909,NO,12183
chr1,151253394,151257187,NO,3793
chr2,47260396,47277284,NO,16888
chr1,118152110,118175963,NO,23853
chr1,230239958,230257932,NO,17974
chr14,35342376,35344876,NO,2500
chr12,31476455,31479720,NO,3265
chr19,1206158,1215772,NO,9614
chr7,100164542,100182025,NO,17483
chr21,44742790,44764998,NO,22208
chr16,2073438,2089550,NO,16112
chr3,11759784,11763077,NO,3293
chr1,161359308,161370457,NO,11149
chr2,47295965,47313484,NO,17519
chr8,28257767,28273647,NO,15880
chr7,1011555,1018766,NO,7211
chr16,88265877,88272901,NO,7024
chr10,3819567,3826661,NO,7094
chr16,29296180,29305455,NO,9275
chr10,33622891,33626499,NO,3608
chr1,36617354,36628103,NO,10749
chr8,38429033,38470813,NO,41780
chr9,134499857,134512337,NO,12480
chr22,25785227,25802118,NO,16891
chr1,244210324,244213749,NO,3425
chr1,16059209,16064951,NO,5742
chr20,17836920,17857151,NO,20231
chr14,90848340,90850891,NO,2551
chr19,13957082,13959092,NO,2010
chr1,227129661,227135143,NO,5482
chr3,128838054,128846962,NO,8908
chr19,1897575,1910182,NO,12607
chr3,63931270,63968057,NO,36787
chr17,43220703,43227772,NO,7069
chr20,61399044,61408355,NO,9311
chr16,88292480,88301784,NO,9304
chr19,1929027,1943172,NO,14145
chr7,25984911,26004778,NO,19867
chr14,69062825,69079124,NO,16299
chr2,127412611,127423747,NO,11136
chr3,33479780,33484010,NO,4230
chr16,85383354,85395988,NO,12634
chr22,38614053,38635833,NO,21780
chr14,100751331,100772744,NO,21413
chr11,46293722,46298711,NO,4989
chr19,36336788,36348349,NO,11561
chr1,2476950,2481327,NO,4377
chr14,77294076,77302898,NO,8822
chr11,133903196,133907910,NO,4714
chr17,2756233,2773420,NO,17187
chr1,26361314,26366023,NO,4709
chr12,112211193,112222328,NO,11135
chr13,114739918,114751464,NO,11546
chr19,39684223,39699537,NO,15314
chr10,134328647,134333997,NO,5350
chr16,16153474,16170033,NO,16559
chr21,45147191,45161036,NO,13845
chr18,71884672,71903370,NO,18698
chr11,75012348,75037297,NO,24949
chr20,48743229,48768228,NO,24999
chr19,45905610,45910318,NO,4708
chr15,75334957,75341996,NO,7039
chr12,6324951,6345615,NO,20664
chr19,2166876,2173395,NO,6519
chr17,43351873,43371780,NO,19907
chr9,136314508,136327609,NO,13101
chr17,73868588,73874766,NO,6178
chr19,15433984,15443790,NO,9806
chr11,67231604,67237286,NO,5682
chr16,1209534,1233003,NO,23469
chr17,43384853,43391129,NO,6276
chr16,29606182,29620247,NO,14065
chr16,2171883,2178831,NO,6948
chr6,35754475,35764604,NO,10129
chr15,62402141,62444081,NO,41940
chr16,14394927,14403478,NO,8551
chr17,74371931,74381313,NO,9382
chr10,657386,680193,NO,22807
chr1,207994822,207997934,NO,3112
chr2,238490528,238504303,NO,13775
chr19,18215009,18229343,NO,14334
chr14,103978873,103992925,NO,14052
chr17,2611519,2615092,NO,3573
chr10,32038169,32061232,NO,23063
chr5,175960670,175965014,NO,4344
chr5,137798958,137801181,NO,2223
chr19,16188819,16209278,NO,20459
chr7,150782369,150787270,NO,4901
chr1,46766634,46769973,NO,3339
chr3,188664782,188669551,NO,4769
chr12,8178879,8191789,NO,12910
chr1,36640636,36670447,NO,29811
chr15,22544553,22561453,NO,16900
chr22,46468866,46473937,NO,5071
chr15,57788412,57814909,NO,26497
chr17,1616790,1619604,NO,2814
chr20,56003838,56017967,NO,14129
chr17,78228835,78238025,NO,9190
chr19,50056811,50064628,NO,7817
chr16,74763676,74778187,NO,14511
chr9,99629577,99638464,NO,8887
chr17,76250167,76269348,NO,19181
chr8,71313860,71316917,NO,3057
chr19,49315343,49323490,NO,8147
chr10,65388370,65390924,NO,2554
chr19,51321653,51339417,NO,17764
chr1,12513403,12557101,NO,43698
chr1,235029183,235058006,NO,28823
chr19,38757171,38782716,NO,25545
chr8,102504083,102516872,NO,12789
chr17,27264512,27278634,NO,14122
chr16,87880598,87888673,NO,8075
chr20,17690944,17716390,NO,25446
chr11,63771125,63787225,NO,16100
chr7,2671572,2681809,NO,10237
chr16,72955818,72982166,NO,26348
chr9,97852586,97869675,NO,17089
chr19,8426570,8439236,NO,12666
chr15,67055192,67066970,NO,11778
chr2,61763388,61766685,NO,3297
chr20,60816507,60822670,NO,6163
chrX,40031164,40036757,NO,5593
chr6,151710524,151713232,NO,2708
chr22,43070113,43093620,NO,23507
chr8,127568238,127570737,NO,2499
chr21,44922603,44938054,NO,15451
chr16,85470014,85483604,NO,13590
chr19,48983288,49006119,NO,22831
chr9,139233766,139237814,NO,4048
chr14,100704184,100712914,NO,8730
chr10,105419162,105438451,NO,19289
chr1,231556486,231558626,NO,2140
chr6,3743110,3752919,NO,9809
chr20,3142790,3155267,NO,12477
chr1,8229336,8262999,NO,33663
chr11,45000096,45019983,NO,19887
chr1,20139442,20146539,NO,7097
chr21,41032061,41059290,NO,27229
chr6,40995290,41009450,NO,14160
chr3,128206828,128210162,NO,3334
chr9,131396510,131399399,NO,2889
chr5,173115096,173133034,NO,17938
chr12,59989282,59991545,NO,2263
chr7,76588935,76595893,NO,6958
chr7,852198,862770,NO,10572
chr3,128100771,128114926,NO,14155
chr16,15489376,15492730,NO,3354
chr17,25818710,25834173,NO,15463
chr19,6270412,6275517,NO,5105
chr20,62317117,62331076,NO,13959
chr1,201083400,201107270,NO,23870
chr9,6703470,6717033,NO,13563
chr19,47359015,47367448,NO,8433
chr10,80939114,80948302,NO,9188
chr17,17641157,17656404,NO,15247
chr3,58087300,58106336,NO,19036
chr11,67976835,67983868,NO,7033
chr3,4760069,4784299,NO,24230
chr11,16625061,16635896,NO,10835
chr9,132943804,132955603,NO,11799
chr22,47121934,47132792,NO,10858
chr19,4705594,4716270,NO,10676
chr7,65226009,65236542,NO,10533
chr3,4908435,4910937,NO,2502
chr9,37908313,37929684,NO,21371
chr10,126728016,126754301,NO,26285
chr10,104180475,104182930,NO,2455
chr1,164603190,164632613,NO,29423
chr11,45942661,45956101,NO,13440
chr3,58026993,58046072,NO,19079
chr22,20904828,20923969,NO,19141
chr2,45876723,45879230,NO,2507
chr11,71750269,71754132,NO,3863
chr19,50312158,50324434,NO,12276
chr10,89621175,89624360,NO,3185
chr1,2615428,2625936,NO,10508
chr2,238383550,238419840,NO,36290
chr5,131538365,131553049,NO,14684
chr8,145637893,145651988,NO,14095
chr7,64535047,64542412,NO,7365
chr22,20249524,20258684,NO,9160
chr16,85016238,85037718,NO,21480
chr12,46776578,46778516,NO,1938
chr19,48009694,48016764,NO,7070
chr17,79678786,79689718,NO,10932
chr10,105262000,105273698,NO,11698
chr5,6704130,6714902,NO,10772
chr11,46360989,46379531,NO,18542
chr10,5983911,5992929,NO,9018
chr4,124317755,124320593,NO,2838
chr5,177351395,177368266,NO,16871
chr1,113241413,113249016,NO,7603
chr22,47539170,47552860,NO,13690
chr15,40630307,40633618,NO,3311
chr5,67510755,67512683,NO,1928
chr15,79047556,79054932,NO,7376
chr10,99088219,99094860,NO,6641
chr17,27433497,27437341,NO,3844
chr3,4798428,4815633,NO,17205
chr11,70952530,70965344,NO,12814
chr17,37779383,37790000,NO,10617
chr9,140505377,140508473,NO,3096
chr2,54845627,54869532,NO,23905
chr2,95958142,95971543,NO,13401
chr14,105637583,105644216,NO,6633
chr15,29962318,29979854,NO,17536
chr20,35200822,35204276,NO,3454
chr5,139486556,139488757,NO,2201
chr10,79165563,79183898,NO,18335
chr15,42203605,42213545,NO,9940
chr2,47140679,47143731,NO,3052
chr1,235242336,235254932,NO,12596
chr11,2324277,2337075,NO,12798
chr22,38321700,38330473,NO,8773
chr1,16265691,16277726,NO,12035
chr16,30668603,30671476,NO,2873
chr2,43021578,43038682,NO,17104
chr19,1872623,1876872,NO,4249
chr20,48985971,49016588,NO,30617
chr11,111601733,111608507,NO,6774
chr11,117160061,117172054,NO,11993
chr16,67429120,67439546,NO,10426
chr20,52196281,52213519,NO,17238
chr10,77042935,77056459,NO,13524
chr17,48176033,48189486,NO,13453
chr7,139748841,139763332,NO,14491
chr11,65336638,65340656,NO,4018
chr16,17360027,17373831,NO,13804
chr9,72871117,72878804,NO,7687
chr2,161125704,161128524,NO,2820
chr7,97798579,97810437,NO,11858
chr14,50328177,50335448,NO,7271
chr18,72173769,72192008,NO,18239
chr12,125022128,125035551,NO,13423
chr6,2790684,2819520,NO,28836
chr10,102790965,102803489,NO,12524
chr2,101730148,101741739,NO,11591
chr20,49031300,49040346,NO,9046
chr1,3187395,3200618,NO,13223
chr20,19731630,19741139,NO,9509
chr1,201139180,201141756,NO,2576
chr19,33529976,33543464,NO,13488
chr5,167772925,167793158,NO,20233
chr9,140082412,140085366,NO,2954
chr8,128747032,128766591,NO,19559
chr1,17274654,17287723,NO,13069
chr8,134580852,134584329,NO,3477
chr9,140565096,140589363,NO,24267
chr11,2746489,2752768,NO,6279
chr8,17506062,17534643,NO,28581
chr7,141931,159996,NO,18065
chrX,75364517,75370270,NO,5753
chr6,144605760,144608486,NO,2726
chr12,109548684,109554793,NO,6109
chr13,20692494,20703194,NO,10700
chr9,67320624,67320928,NO,304
chr9,79186536,79187011,NO,475
chr22,39569809,39580786,NO,10977
chr6,24719519,24722293,NO,2774
chr7,66118831,66120319,NO,1488
chr1,152006908,152021308,NO,14400
chr20,30249494,30263958,NO,14464
chr1,143275755,143283859,NO,8104
chr17,48713774,48720357,NO,6583
chr3,63897121,63900190,NO,3069
chr2,26220430,26251493,NO,31063
chr7,129780570,129794892,NO,14322
chr22,39919040,39930933,NO,11893
chr17,4379244,4387416,NO,8172
chr17,7461141,7463878,NO,2737
chr17,73687452,73694482,NO,7030
chr1,59279538,59282606,NO,3068
chr1,151484781,151487419,NO,2638
chr15,63168792,63205376,NO,36584
chr20,48922146,48938949,NO,16803
chr5,56110098,56113060,NO,2962
chr3,122862234,122878302,NO,16068
chr15,91445067,91450138,NO,5071
chr1,204235502,204257613,NO,22111
chr9,131856432,131871480,NO,15048
chr6,123110130,123120578,NO,10448
chr19,55893005,55897873,NO,4868
chr1,26122801,26133080,NO,10279
chr16,3199402,3209421,NO,10019
chr16,87518457,87527673,NO,9216
chr2,20638082,20650665,NO,12583
chr10,24490777,24504927,NO,14150
chr3,129342137,129347040,NO,4903
chr12,28342784,28355719,NO,12935
chr1,230272830,230296165,NO,23335
chr18,11946760,11952037,NO,5277
chr15,89179144,89191882,NO,12738
chr17,8090351,8103525,NO,13174
chr22,41904758,41922204,NO,17446
chr1,249156936,249168431,NO,11495
chr7,44662231,44680577,NO,18346
chr3,45640939,45660084,NO,19145
chr10,82246852,82265272,NO,18420
chr1,26946485,26948498,NO,2013
chr8,38590368,38600311,NO,9943
chr9,132170850,132176763,NO,5913
chr6,170534190,170538447,NO,4257
chr2,242868389,242875718,NO,7329
chr6,2988242,2991225,NO,2983
chr4,129492560,129523489,NO,30929
chr1,230402990,230417581,NO,14591
chr22,32022722,32034478,NO,11756
chr19,46173634,46185612,NO,11978
chr19,3707830,3726190,NO,18360
chr10,101673374,101692581,NO,19207
chr14,69029538,69037563,NO,8025
chr3,105085600,105088693,NO,3093
chr22,47366337,47390641,NO,24304
chr7,100389417,100406813,NO,17396
chr20,61454463,61464645,NO,10182
chr14,93451928,93474165,NO,22237
chr16,81478492,81486358,NO,7866
chr11,120054509,120064386,NO,9877
chr11,125962169,125986287,NO,24118
chr16,85052155,85063967,NO,11812
chr19,53426056,53449246,NO,23190
chr22,38144577,38150032,NO,5455
chr19,30153453,30164216,NO,10763
chr19,18124254,18141556,NO,17302
chr11,65625808,65629028,NO,3220
chr1,33803557,33813612,NO,10055
chr2,232263824,232277740,NO,13916
chr11,1430263,1434252,NO,3989
chr16,33237307,33241252,NO,3945
chr8,48421706,48439685,NO,17979
chr1,207176588,207201250,NO,24662
chr13,27525008,27543477,NO,18469
chr17,73073518,73087550,NO,14032
chr6,159290081,159291704,NO,1623
chr9,6680600,6682397,NO,1797
chr7,155043925,155050156,NO,6231
chr9,132143737,132146598,NO,2861
chr10,126770329,126774848,NO,4519
chr6,33280070,33282624,NO,2554
chr2,10410364,10426564,NO,16200
chrX,56790436,56809942,NO,19506
chr2,231897980,231917770,NO,19790
chr8,49668186,49687009,NO,18823
chr20,17774684,17788658,NO,13974
chr12,3107603,3113572,NO,5969
chr14,105725520,105748825,NO,23305
chr1,223918932,223936644,NO,17712
chr17,77961876,77980441,NO,18565
chr18,77335799,77349834,NO,14035
chr16,4303093,4320674,NO,17581
chr17,62228041,62243268,NO,15227
chr12,6373752,6389947,NO,16195
chr22,50967675,50983365,NO,15690
chr17,76966984,76983440,NO,16456
chr9,139140599,139143681,NO,3082
chr2,111876068,111880927,NO,4859
chr1,25593155,25597004,NO,3849
chr18,55710860,55713759,NO,2899
chr16,4065249,4104233,NO,38984
chr16,49889096,49893905,NO,4809
chr10,3845581,3854758,NO,9177
chr17,71352457,71365542,NO,13085
chr2,43151586,43155098,NO,3512
chr10,73224975,73236395,NO,11420
chr17,76337502,76350155,NO,12653
chr15,42235721,42258702,NO,22981
chr16,53163647,53166059,NO,2412
chr13,45480956,45497073,NO,16117
chr1,226843228,226853204,NO,9976
chr16,581541,591562,NO,10021
chr22,46408174,46410423,NO,2249
chr5,138273584,138289945,NO,16361
chr17,80199018,80210358,NO,11340
chr7,76008850,76023413,NO,14563
chr8,110592000,110615596,NO,23596
chr10,17270105,17275881,NO,5776
chr10,80981104,80984585,NO,3481
chr19,50092813,50097158,NO,4345
chr2,43419991,43427278,NO,7287
chr9,67790491,67791814,NO,1323
chr4,38668273,38676697,NO,8424
chr12,54745614,54753777,NO,8163
chr1,144706971,144709652,NO,2681
chr11,17426719,17436523,NO,9804
chrX,39611870,39633826,NO,21956
chr9,95726076,95739172,NO,13096
chr9,114245018,114246997,NO,1979
chr12,120728492,120730854,NO,2362
chr17,66373444,66385660,NO,12216
chr7,128170127,128172639,NO,2512
chr14,68925541,68954089,NO,28548
chr17,40285218,40291491,NO,6273
chr11,841899,845392,NO,3493
chr22,38568532,38584025,NO,15493
chr6,36964387,36967568,NO,3181
chr11,94276663,94279025,NO,2362
chr11,69251977,69260196,NO,8219
chr17,17426002,17441785,NO,15783
chr1,144982290,144990116,NO,7826
chr18,29938088,29962954,NO,24866
chr22,46431924,46433610,NO,1686
chr19,34391961,34398375,NO,6414
chr12,48111186,48131616,NO,20430
chr6,7042692,7059029,NO,16337
chr16,56881972,56895407,NO,13435
chr15,41233300,41250060,NO,16760
chr7,151564946,151574896,NO,9950
chr10,5667629,5687696,NO,20067
chr9,130805563,130824166,NO,18603
chr18,74162849,74176729,NO,13880
chr8,145530111,145538953,NO,8842
chr17,40699590,40707520,NO,7930
chr2,46557199,46566161,NO,8962
chr11,72852704,72859721,NO,7017
chr6,170449389,170468462,NO,19073
chr11,45920710,45927439,NO,6729
chr16,15236745,15241509,NO,4764
chr8,145732534,145735236,NO,2702
chr11,130048154,130052669,NO,4515
chr5,172744113,172756320,NO,12207
chr17,40670657,40684510,NO,13853
chr17,39812125,39833168,NO,21043
chr1,43813937,43815754,NO,1817
chr16,30388391,30390910,NO,2519
chr19,46853221,46861432,NO,8211
chr11,120078557,120086996,NO,8439
chr6,40963474,40981831,NO,18357
chr15,77788889,77801411,NO,12522
chr5,170172241,170184145,NO,11904
chr5,60626081,60627886,NO,1805
chr19,35757880,35761115,NO,3235
chr20,48883244,48895948,NO,12704
chr1,116853750,116873516,NO,19766
chr19,55718061,55728652,NO,10591
chr20,61554738,61561093,NO,6355
chr8,121821860,121824993,NO,3133
chr18,60382473,60385148,NO,2675
chr1,149215145,149224740,NO,9595
chr9,116310302,116322965,NO,12663
chr6,168179033,168205786,NO,26753
chr1,156441183,156447729,NO,6546
chr3,196625521,196625838,NO,317
chr17,43247610,43250877,NO,3267
chr10,6224667,6244031,NO,19364
chr3,57994084,58006339,NO,12255
chr16,1457811,1471597,NO,13786
chr17,27619150,27621670,NO,2520
chrX,49012204,49024013,NO,11809
chr9,130549926,130559018,NO,9092
chr8,61563996,61566716,NO,2720
chr12,98877512,98898137,NO,20625
chr3,125985003,125989717,NO,4714
chr17,7787979,7790422,NO,2443
chr19,8269637,8276330,NO,6693
chr1,120254490,120264449,NO,9959
chr17,27475519,27486830,NO,11311
chr11,10323828,10329844,NO,6016
chr13,27998028,28000975,NO,2947
chr5,782177,786201,NO,4024
chr16,68448435,68452266,NO,3831
chr5,171841486,171848318,NO,6832
chr8,30239716,30248829,NO,9113
chr10,92921863,92924222,NO,2359
chr15,75744211,75746399,NO,2188
chr6,168076072,168085844,NO,9772
chr14,105775848,105784510,NO,8662
chr6,32153831,32160352,NO,6521
chr2,20549722,20551730,NO,2008
chr11,823375,826614,NO,3239
chr3,49562349,49578118,NO,15769
chr22,22036061,22042420,NO,6359
chr6,100901481,100906816,NO,5335
chr10,134489703,134499853,NO,10150
chr19,19572441,19576767,NO,4326
chr17,17779830,17782463,NO,2633
chr12,111840672,111848725,NO,8053
chr8,135843573,135845717,NO,2144
chr2,231275627,231288898,NO,13271
chr1,151961708,151967158,NO,5450
chr10,106097623,106100634,NO,3011
chr10,12389545,12392654,NO,3109
chr9,140111472,140117951,NO,6479
chr9,44992559,44993909,NO,1350
chr3,48128751,48131086,NO,2335
chr1,41315281,41330053,NO,14772
chr1,61508734,61523165,NO,14431
chr9,132094972,132098393,NO,3421
chr22,50942898,50946131,NO,3233
chr1,2574144,2586679,NO,12535
chr16,3695889,3706368,NO,10479
chr17,44337210,44345267,NO,8057
chr22,30818278,30820596,NO,2318
chr12,46660933,46663837,NO,2904
chr6,7260892,7271353,NO,10461
chr2,43301662,43314320,NO,12658
chr1,145138890,145145230,NO,6340
chr14,55568857,55590066,NO,21209
chr2,173194287,173217309,NO,23022
chr22,17738439,17747880,NO,9441
chr11,68137647,68149047,NO,11400
chr9,4293664,4300141,NO,6477
chr12,53337238,53341358,NO,4120
chr5,754975,759763,NO,4788
chr19,45194810,45201565,NO,6755
chrX,152990225,152993693,NO,3468
chr2,128144493,128146491,NO,1998
chr17,78000427,78005259,NO,4832
chr16,89253612,89269213,NO,15601
chr9,140021390,140025060,NO,3670
chr16,73049386,73062048,NO,12662
chr16,67889417,67902991,NO,13574
chr4,38155937,38165183,NO,9246
chr7,409200,413711,NO,4511
chr3,50390689,50403294,NO,12605
chr4,6747712,6751826,NO,4114
chr7,139345147,139376492,NO,31345
chr22,41763318,41766961,NO,3643
chr3,13032961,13036923,NO,3962
chr5,180672574,180674463,NO,1889
chr10,11916357,11920034,NO,3677
chr18,77684287,77705135,NO,20848
chr15,60664382,60686724,NO,22342
chr22,26946445,26958441,NO,11996
chr19,8302884,8316360,NO,13476
chr19,7933246,7937069,NO,3823
chr13,45332676,45339520,NO,6844
chr8,39907085,39919880,NO,12795
chr16,21518149,21526961,NO,8812
chr9,136374627,136393237,NO,18610
chr5,16893807,16914573,NO,20766
chr5,123976938,123999277,NO,22339
chr21,9698498,9703589,NO,5091
chr2,64977078,64979397,NO,2319
chr19,48103414,48113876,NO,10462
chr4,146856817,146859711,NO,2894
chr19,1360337,1374468,NO,14131
chr7,33032096,33040036,NO,7940
chr2,8713236,8724659,NO,11423
chr13,41372670,41388387,NO,15717
chr17,932819,943595,NO,10776
chr10,7583026,7605394,NO,22368
chr18,71948513,71956489,NO,7976
chr18,12076293,12102582,NO,26289
chr21,45279926,45288440,NO,8514
chr11,69453863,69461673,NO,7810
chr7,129910804,129931689,NO,20885
chr9,35511172,35527425,NO,16253
chr8,103769155,103783694,NO,14539
chr6,157731389,157735446,NO,4057
chr22,35706877,35724727,NO,17850
chr1,41884711,41899244,NO,14533
chr8,6752923,6761712,NO,8789
chr17,3869786,3881128,NO,11342
chr12,20704239,20704663,NO,424
chr2,173294154,173330489,NO,36335
chr1,109676467,109694307,NO,17840
chr9,100745484,100747616,NO,2132
chr1,206708019,206715473,NO,7454
chr16,31117101,31124913,NO,7812
chr12,121652370,121675971,NO,23601
chr7,43679943,43698707,NO,18764
chr4,7957954,7972353,NO,14399
chr1,32705100,32707550,NO,2450
chr1,9350617,9363232,NO,12615
chr2,135189121,135203985,NO,14864
chr12,65173900,65176036,NO,2136
chr16,3027144,3036436,NO,9292
chr1,145245836,145247797,NO,1961
chr2,74210500,74212488,NO,1988
chr1,65531590,65534194,NO,2604
chr15,69885978,69888694,NO,2716
chr7,73473912,73476921,NO,3009
chr8,144903903,144907702,NO,3799
chr12,126675445,126684138,NO,8693
chr15,31679731,31689851,NO,10120
chr3,49496144,49503644,NO,7500
chr18,19623568,19627290,NO,3722
chr1,230959076,230962472,NO,3396
chr10,118301106,118317393,NO,16287
chr2,97532303,97536145,NO,3842
chr8,97505577,97508339,NO,2762
chr13,27976888,27979910,NO,3022
chr6,126067830,126070718,NO,2888
chr1,26856189,26859322,NO,3133
chr7,98676087,98707277,NO,31190
chr17,29034996,29042532,NO,7536
chr8,22452275,22456581,NO,4306
chr16,69349242,69353172,NO,3930
chr17,61509195,61514970,NO,5775
chr1,1003790,1016075,NO,12285
chr22,28051277,28082723,NO,31446
chr10,114710343,114712636,NO,2293
chr12,121973604,121976349,NO,2745
chrX,3732309,3734763,NO,2454
chr9,92232526,92247411,NO,14885
chr17,18149994,18160555,NO,10561
chr15,22928096,22942229,NO,14133
chr16,75338255,75343297,NO,5042
chr10,699895,712456,NO,12561
chr10,33269268,33272497,NO,3229
chr8,6721046,6729209,NO,8163
chr1,206575890,206579379,NO,3489
chr9,140088046,140090863,NO,2817
chr2,241307830,241313714,NO,5884
chr1,44495126,44502086,NO,6960
chr1,15757292,15759684,NO,2392
chr9,134579444,134594167,NO,14723
chr2,10545274,10554658,NO,9384
chr2,106535874,106554012,NO,18138
chr17,1900773,1908141,NO,7368
chr16,11729232,11735407,NO,6175
chr11,17228724,17230822,NO,2098
chr22,39380556,39389776,NO,9220
chr4,185264505,185271141,NO,6636
chr3,129311862,129322204,NO,10342
chrX,12988705,13003075,NO,14370
chr1,164558206,164583003,NO,24797
chr2,27975196,27989550,NO,14354
chr16,27327652,27339172,NO,11520
chr17,16281890,16290498,NO,8608
chr10,126604933,126606632,NO,1699
chr1,121125677,121138900,NO,13223
chr15,69597341,69612603,NO,15262
chr11,952777,966903,NO,14126
chr16,8823663,8846398,NO,22735
chr2,10146385,10151079,NO,4694
chr8,67024933,67036901,NO,11968
chr17,80543978,80552003,NO,8025
chr11,67186016,67189227,NO,3211
chr9,133321806,133329462,NO,7656
chr21,43932926,43947464,NO,14538
chr1,120573625,120575593,NO,1968
chr19,33666943,33669069,NO,2126
chr17,48551841,48559911,NO,8070
chr13,97875968,97887340,NO,11372
chr21,34774820,34786140,NO,11320
chr15,92483060,92493624,NO,10564
chr2,62519453,62532111,NO,12658
chr1,156426093,156428209,NO,2116
chr16,19815690,19823085,NO,7395
chr1,228966342,228975040,NO,8698
chr3,14493827,14502643,NO,8816
chr13,21605735,21612070,NO,6335
chr19,2330526,2338013,NO,7487
chr19,7252472,7260919,NO,8447
chr15,70444179,70459564,NO,15385
chr15,96883672,96897785,NO,14113
chr20,2268672,2279808,NO,11136
chr1,205409434,205419850,NO,10416
chr1,11805571,11815461,NO,9890
chr12,52540532,52543972,NO,3440
chr1,200863567,200866834,NO,3267
chr10,65462879,65473928,NO,11049
chr1,205242552,205254409,NO,11857
chr3,184281338,184287658,NO,6320
chr20,62655120,62670426,NO,15306
chr4,3169888,3186543,NO,16655
chr19,13991112,13997156,NO,6044
chr11,9634848,9636285,NO,1437
chr11,65324744,65327818,NO,3074
chr22,45638276,45643331,NO,5055
chr14,105272171,105283203,NO,11032
chr1,94041330,94050820,NO,9490
chr22,38044202,38057463,NO,13261
chr17,1477760,1485139,NO,7379
chr17,31491,44680,NO,13189
chr18,55784709,55808389,NO,23680
chr22,41416969,41419124,NO,2155
chr11,2799362,2802311,NO,2949
chr17,44101819,44111284,NO,9465
chr16,1022206,1027976,NO,5770
chrX,106972045,106986581,NO,14536
chr14,66973958,66976129,NO,2171
chr11,48115263,48131540,NO,16277
chr2,24712869,24715660,NO,2791
chr17,40769884,40785435,NO,15551
chr22,48929881,48934419,NO,4538
chr1,145382188,145397948,NO,15760
chr7,75071194,75072715,NO,1521
chr17,17464622,17472833,NO,8211
chr19,4009766,4016304,NO,6538
chr2,97167136,97171661,NO,4525
chr13,30497423,30500536,NO,3113
chr1,208216097,208221890,NO,5793
chr8,95971910,95980975,NO,9065
chr17,76309711,76318802,NO,9091
chr1,22256361,22261104,NO,4743
chr20,30904028,30922495,NO,18467
chr9,139843652,139845725,NO,2073
chr10,105647124,105675984,NO,28860
chr17,21906231,21907301,NO,1070
chr18,74826092,74840483,NO,14391
chr1,111745112,111747653,NO,2541
chr11,65058491,65073381,NO,14890
chr12,68042460,68044566,NO,2106
chr17,9142818,9145465,NO,2647
chr10,77020943,77024147,NO,3204
chr7,92462016,92465498,NO,3482
chr12,96001768,96029359,NO,27591
chr7,72421428,72431582,NO,10154
chr16,67575219,67586735,NO,11516
chr17,4852010,4853998,NO,1988
chr11,8777834,8800423,NO,22589
chr7,100141781,100145721,NO,3940
chr3,13367199,13374951,NO,7752
chr1,229356504,229366433,NO,9929
chr20,48859046,48864348,NO,5302
chr10,45359589,45378572,NO,18983
chr1,204098320,204101057,NO,2737
chr15,85454188,85459140,NO,4952
chr3,156533873,156536258,NO,2385
chr5,131752969,131764002,NO,11033
chr11,65307011,65309331,NO,2320
chr18,10027120,10041563,NO,14443
chr12,58286998,58291140,NO,4142
chr17,78042292,78045656,NO,3364
chr12,92932760,92947674,NO,14914
chr8,145909387,145926235,NO,16848
chr19,50860475,50872500,NO,12025
chr2,87784996,87798591,NO,13595
chr1,222816908,222818239,NO,1331
chr17,7338677,7341052,NO,2375
chr22,38288782,38295622,NO,6840
chr1,26826786,26828313,NO,1527
chr16,4703846,4715098,NO,11252
chr2,112209340,112222334,NO,12994
chr22,19934984,19947028,NO,12044
chr1,225999690,226005512,NO,5822
chr14,69093139,69096485,NO,3346
chr12,123872772,123883678,NO,10906
chr16,86247907,86252605,NO,4698
chr10,48427016,48436709,NO,9693
chr4,1145599,1150239,NO,4640
chr4,2537041,2539481,NO,2440
chr6,42905370,42908677,NO,3307
chr16,4572421,4584693,NO,12272
chr10,13749246,13760917,NO,11671
chr11,113949613,113956849,NO,7236
chr1,209814983,209828535,NO,13552
chr1,93249767,93251330,NO,1563
chr10,80502132,80505723,NO,3591
chr11,1005874,1012206,NO,6332
chr22,43199092,43215803,NO,16711
chr11,64655551,64661858,NO,6307
chr13,49873086,49883633,NO,10547
chr12,120692919,120701476,NO,8557
chr4,160023687,160025964,NO,2277
chr11,12701772,12716045,NO,14273
chr10,121414267,121427912,NO,13645
chr16,25059962,25079065,NO,19103
chr8,19246246,19267048,NO,20802
chr1,224685686,224692435,NO,6749
chr2,61990408,61992048,NO,1640
chr19,1258835,1260932,NO,2097
chr6,29932936,29945332,NO,12396
chr7,47410307,47420629,NO,10322
chr7,73707373,73721899,NO,14526
chr5,133800996,133803034,NO,2038
chr12,49453001,49455056,NO,2055
chr16,56950128,56956704,NO,6576
chr18,74202607,74205325,NO,2718
chr2,64586526,64590385,NO,3859
chr16,15072178,15084242,NO,12064
chr22,46402345,46404620,NO,2275
chr2,7061284,7078056,NO,16772
chr7,26034554,26047198,NO,12644
chr20,346016,353715,NO,7699
chr8,144097718,144105951,NO,8233
chr15,52572333,52586335,NO,14002
chr17,777667,789519,NO,11852
chr3,184468161,184480384,NO,12223
chr9,138167239,138182404,NO,15165
chr5,172159646,172171667,NO,12021
chr19,36618248,36627943,NO,9695
chr10,180177,182568,NO,2391
chr1,41846074,41853644,NO,7570
chr17,76139787,76148213,NO,8426
chr14,69432072,69444423,NO,12351
chr12,11876591,11885238,NO,8647
chr14,25516024,25521709,NO,5685
chr9,126980722,126986217,NO,5495
chr17,79775401,79781124,NO,5723
chr1,239549375,239551714,NO,2339
chr17,19013425,19015731,NO,2306
chr20,32365938,32385333,NO,19395
chr12,123624463,123636362,NO,11899
chr19,15947019,15948101,NO,1082
chr16,68524616,68531458,NO,6842
chr9,131677843,131680214,NO,2371
chr5,993574,1004912,NO,11338
chr10,13387229,13392497,NO,5268
chr2,11883867,11905309,NO,21442
chr22,18718091,18718256,NO,165
chr1,153934804,153936911,NO,2107
chr7,66146348,66147893,NO,1545
chr2,86262362,86264775,NO,2413
chr1,2882957,2893095,NO,10138
chr3,112989905,112995448,NO,5543
chr6,37069805,37072848,NO,3043
chr11,2004024,2009288,NO,5264
chr22,39127593,39130798,NO,3205
chr8,129040046,129047984,NO,7938
chr10,24752945,24772531,NO,19586
chr19,9896030,9904270,NO,8240
chr8,11710892,11722911,NO,12019
chr8,48571363,48582836,NO,11473
chr14,65764073,65769849,NO,5776
chr16,3056475,3059100,NO,2625
chr9,116838556,116844893,NO,6337
chr10,105304914,105314915,NO,10001
chr8,49730464,49732985,NO,2521
chr6,168661965,168678133,NO,16168
chr11,74861521,74866100,NO,4579
chr16,22201047,22207659,NO,6612
chr10,71444120,71447029,NO,2909
chr19,1243916,1246897,NO,2981
chr7,100426855,100435459,NO,8604
chr16,23508342,23516789,NO,8447
chr16,11484978,11496014,NO,11036
chr1,205769333,205780198,NO,10865
chr1,82265953,82269070,NO,3117
chr21,38935452,38937672,NO,2220
chr9,137174558,137178849,NO,4291
chr3,193560075,193570494,NO,10419
chr15,69081701,69088180,NO,6479
chr20,48290987,48313988,NO,23001
chr11,67778977,67782418,NO,3441
chr20,56267284,56271695,NO,4411
chr3,32461895,32465237,NO,3342
chr11,111223960,111238020,NO,14060
chr3,138542957,138554447,NO,11490
chr1,39570221,39573006,NO,2785
chr16,3740617,3747199,NO,6582
chr9,139794808,139798061,NO,3253
chr1,41262654,41268646,NO,5992
chr2,134877387,134879329,NO,1942
chr17,78427805,78429456,NO,1651
chr1,204462054,204464380,NO,2326
chr6,12007705,12009858,NO,2153
chr6,109330013,109331377,NO,1364
chr4,187025420,187027878,NO,2458
chr1,12585285,12600495,NO,15210
chr7,22481883,22486087,NO,4204
chr11,2932536,2934702,NO,2166
chr18,55976330,55982659,NO,6329
chr2,20324607,20331175,NO,6568
chr6,64345242,64346926,NO,1684
chr6,90927654,90929628,NO,1974
chr16,20621624,20625877,NO,4253
chr12,32551727,32553492,NO,1765
chr20,25334066,25345828,NO,11762
chr17,17725722,17728949,NO,3227
chr14,102413868,102415555,NO,1687
chr7,106057527,106067070,NO,9543
chr20,25206504,25214362,NO,7858
chr7,129647768,129650602,NO,2834
chr6,12331494,12344731,NO,13237
chr11,63890032,63896824,NO,6792
chr1,11967942,11969865,NO,1923
chr13,98627914,98629752,NO,1838
chr1,173990641,173992221,NO,1580
chr10,79647854,79658906,NO,11052
chr19,21767995,21771147,NO,3152
chr17,43661852,43663998,NO,2146
chr1,208136051,208138108,NO,2057
chr14,107251725,107254003,NO,2278
chrX,40000304,40018013,NO,17709
chr14,94406736,94409290,NO,2554
chr3,156891721,156898530,NO,6809
chr2,219860912,219863574,NO,2662
chrX,149671555,149677926,NO,6371
chr19,3034272,3037018,NO,2746
chrX,2812793,2817528,NO,4735
chr3,71112943,71114957,NO,2014
chr16,16186950,16203674,NO,16724
chr11,2420405,2421668,NO,1263
chr5,52095118,52096863,NO,1745
chr19,2685478,2695925,NO,10447
chr3,149102599,149126743,NO,24144
chr19,36133861,36136186,NO,2325
chr5,74348051,74350535,NO,2484
chr6,159219380,159235346,NO,15966
chr1,68695569,68698297,NO,2728
chr11,1404275,1413867,NO,9592
chr2,70736653,70755696,NO,19043
chr6,7544265,7563115,NO,18850
chr11,353092,356472,NO,3380
chr9,135959835,135964770,NO,4935
chr19,41109333,41116614,NO,7281
chr9,96927806,96929702,NO,1896
chr6,56405702,56408243,NO,2541
chr14,71786740,71788613,NO,1873
chr8,142082688,142086023,NO,3335
chr19,660243,663283,NO,3040
chr10,124607165,124610609,NO,3444
chr17,70599335,70614673,NO,15338
chr14,95691092,95701270,NO,10178
chr20,34652177,34653792,NO,1615
chr19,14096827,14107331,NO,10504
chr7,5730125,5742841,NO,12716
chr1,110471170,110490759,NO,19589
chr9,134608924,134620342,NO,11418
chr3,128326593,128337365,NO,10772
chr3,146186612,146188006,NO,1394
chr21,44461502,44466959,NO,5457
chr6,3159582,3163655,NO,4073
chr10,123871743,123873833,NO,2090
chr14,65224220,65229799,NO,5579
chr15,85382659,85384730,NO,2071
chr19,6723081,6730686,NO,7605
chr2,113914481,113926250,NO,11769
chr14,56586825,56604905,NO,18080
chr9,132369143,132373040,NO,3897
chr12,117463520,117472312,NO,8792
chr3,40493781,40495309,NO,1528
chr4,69770336,69773012,NO,2676
chr8,1716895,1729220,NO,12325
chr18,74533368,74536000,NO,2632
chr1,211805952,211821743,NO,15791
chr22,45142635,45152158,NO,9523
chr22,37593018,37595531,NO,2513
chr7,51329596,51333495,NO,3899
chr2,8665683,8680125,NO,14442
chr19,2949624,2953985,NO,4361
chr16,10917892,10923462,NO,5570
chr17,17343301,17350469,NO,7168
chr9,139693197,139695902,NO,2705
chr10,91273844,91286894,NO,13050
chr14,95805355,95808188,NO,2833
chr17,58238349,58244950,NO,6601
chr9,98802800,98812523,NO,9723
chr11,69018074,69020675,NO,2601
chr15,71426256,71442249,NO,15993
chr14,91863458,91880124,NO,16666
chr9,35907095,35914615,NO,7520
chr8,38793453,38796423,NO,2970
chr8,29247938,29260921,NO,12983
chr19,19597557,19601335,NO,3778
chr6,43884868,43895588,NO,10720
chr1,8317405,8327759,NO,10354
chr20,61282960,61284678,NO,1718
chr7,1493831,1495814,NO,1983
chr17,61915131,61918615,NO,3484
chr19,531728,533999,NO,2271
chr3,140782641,140795713,NO,13072
chr9,107752998,107756134,NO,3136
chr6,157342038,157343406,NO,1368
chr1,26097392,26101387,NO,3995
chr11,65419089,65421191,NO,2102
chr19,49842233,49844273,NO,2040
chr4,40397281,40407566,NO,10285
chr7,151369749,151385305,NO,15556
chr6,3906156,3914700,NO,8544
chr9,138942726,138945844,NO,3118
chr10,45914229,45924759,NO,10530
chr5,131721325,131725491,NO,4166
chr1,234792602,234819970,NO,27368
chr11,71933504,71935839,NO,2335
chr17,74488780,74495735,NO,6955
chr1,153609349,153626042,NO,16693
chr9,131653847,131661374,NO,7527
chr1,223743221,223746348,NO,3127
chr15,89989109,90013243,NO,24134
chr22,51051762,51062103,NO,10341
chr9,34664402,34666642,NO,2240
chr1,227729653,227735788,NO,6135
chr7,55245598,55255843,NO,10245
chr3,56816741,56833495,NO,16754
chr15,45361054,45370227,NO,9173
chr8,1787823,1799668,NO,11845
chr17,45885709,45889235,NO,3526
chr10,98431897,98437012,NO,5115
chr3,193787713,193789600,NO,1887
chr9,135116064,135120561,NO,4497
chr1,202041296,202056356,NO,15060
chr1,226106585,226110266,NO,3681
chr4,10007952,10021604,NO,13652
chr1,178907560,178922916,NO,15356
chr22,19085160,19093881,NO,8721
chr19,13952176,13954989,NO,2813
chr11,2223231,2233206,NO,9975
chr16,2953838,2955480,NO,1642
chr1,11850372,11863334,NO,12962
chr2,47073623,47078287,NO,4664
chr10,43915328,43916903,NO,1575
chr10,63656900,63663945,NO,7045
chr6,159256449,159275225,NO,18776
chr11,70992971,70996476,NO,3505
chr2,110858065,110864046,NO,5981
chr2,97070356,97076961,NO,6605
chr14,25279459,25288054,NO,8595
chr1,228132649,228134957,NO,2308
chr7,149577273,149581486,NO,4213
chr1,44748240,44759863,NO,11623
chr10,126412875,126429602,NO,16727
chr5,175335450,175341834,NO,6384
chr15,90369880,90381293,NO,11413
chr11,111785036,111798208,NO,13172
chr14,93565302,93580485,NO,15183
chr21,37825968,37834730,NO,8762
chr4,1092226,1104926,NO,12700
chr14,65691264,65697251,NO,5987
chr2,28836839,28848713,NO,11874
chr17,70416005,70419199,NO,3194
chr14,85996980,86000650,NO,3670
chr14,75662843,75667831,NO,4988
chr1,2221805,2232448,NO,10643
chr6,157040647,157042928,NO,2281
chr9,36486128,36488574,NO,2446
chr15,74274692,74281258,NO,6566
chr2,97485899,97499272,NO,13373
chr19,42891240,42906411,NO,15171
chr1,201672546,201683848,NO,11302
chr1,144533206,144538581,NO,5375
chr16,69217099,69226348,NO,9249
chr17,16767603,16769433,NO,1830
chr16,11842141,11851754,NO,9613
chr11,834320,835404,NO,1084
chr14,95029582,95043630,NO,14048
chr14,93502767,93511353,NO,8586
chr9,90690858,90692564,NO,1706
chr2,43201981,43207669,NO,5688
chr2,121298179,121311067,NO,12888
chr1,234998425,235012218,NO,13793
chr3,126178300,126186123,NO,7823
chr1,4569524,4575336,NO,5812
chr5,176881424,176883488,NO,2064
chr14,101941787,101943898,NO,2111
chr17,47269198,47270713,NO,1515
chr19,19515688,19518557,NO,2869
chr15,45020406,45021914,NO,1508
chr8,134370403,134387847,NO,17444
chr12,25538079,25539762,NO,1683
chr12,6721664,6723884,NO,2220
chr4,77119053,77133325,NO,14272
chr9,136233291,136238444,NO,5153
chr1,160981837,160988216,NO,6379
chr1,144593214,144594523,NO,1309
chr16,11875632,11887135,NO,11503
chr6,89732002,89745847,NO,13845
chr21,45558089,45561055,NO,2966
chr2,96924851,96927361,NO,2510
chr3,45579304,45596234,NO,16930
chr10,46965878,46968291,NO,2413
chr11,45201141,45203289,NO,2148
chr3,48513867,48515386,NO,1519
chr10,134384595,134390014,NO,5419
chr3,71176904,71190984,NO,14080
chr4,185666738,185669693,NO,2955
chr1,203618708,203620353,NO,1645
chr20,50359594,50378691,NO,19097
chr8,1914585,1933591,NO,19006
chrX,38663412,38665461,NO,2049
chr20,22470166,22472105,NO,1939
chr11,46693966,46697854,NO,3888
chr4,54457014,54459725,NO,2711
chr7,75795391,75796625,NO,1234
chr16,57506618,57515052,NO,8434
chr9,35756370,35757898,NO,1528
chr20,30157448,30161528,NO,4080
chr3,65923058,65940931,NO,17873
chr14,101174774,101178844,NO,4070
chr8,76319062,76320794,NO,1732
chr4,129756560,129768523,NO,11963
chr9,19229726,19231474,NO,1748
chr10,5588328,5591090,NO,2762
chr17,28926895,28928631,NO,1736
chr1,2245693,2254209,NO,8516
chr3,140810395,140823963,NO,13568
chr12,125093314,125106509,NO,13195
chr3,64651994,64672634,NO,20640
chrX,153569068,153571632,NO,2564
chr17,7140763,7142903,NO,2140
chr7,75618452,75621768,NO,3316
chrX,39871828,39874698,NO,2870
chr3,53270362,53276867,NO,6505
chr2,25533126,25538035,NO,4909
chr19,36206830,36208865,NO,2035
chr6,144536301,144538077,NO,1776
chr8,11597141,11604984,NO,7843
chr2,238571387,238583995,NO,12608
chr17,48111870,48121600,NO,9730
chr2,131591606,131595524,NO,3918
chr9,92756148,92762554,NO,6406
chr16,11764143,11770217,NO,6074
chr17,44656170,44657987,NO,1817
chr6,109060692,109090643,NO,29951
chr1,230434928,230437921,NO,2993
chr10,88159470,88161645,NO,2175
chr6,160399234,160403424,NO,4190
chr6,31167488,31176704,NO,9216
chr11,70851071,70864452,NO,13381
chr9,139519281,139522406,NO,3125
chr19,56825334,56827100,NO,1766
chr20,49464748,49473303,NO,8555
chr4,140649719,140662335,NO,12616
chr10,352567,358236,NO,5669
chr4,2762190,2765875,NO,3685
chr1,46648925,46650548,NO,1623
chr16,53132659,53134727,NO,2068
chr16,29212572,29215450,NO,2878
chr5,142236810,142254772,NO,17962
chr17,74541841,74550787,NO,8946
chr6,15248055,15249729,NO,1674
chr2,240142979,240147588,NO,4609
chr17,44947491,44954959,NO,7468
chr15,89727021,89743395,NO,16374
chr22,23534795,23547490,NO,12695
chr12,48591445,48592818,NO,1373
chr9,34334861,34344098,NO,9237
chr5,180615512,180619434,NO,3922
chr6,158480753,158483212,NO,2459
chr7,104623919,104625158,NO,1239
chr7,65958047,65959300,NO,1253
chr2,91841614,91845470,NO,3856
chr14,104164938,104172266,NO,7328
chr2,121227143,121232058,NO,4915
chr16,11443445,11454296,NO,10851
chr3,184303391,184320866,NO,17475
chr2,112103527,112114605,NO,11078
chr18,8703826,8706997,NO,3171
chr15,58621952,58625337,NO,3385
chr11,59317658,59333887,NO,16229
chr22,39603012,39610675,NO,7663
chr8,18696557,18712577,NO,16020
chr7,150032620,150035517,NO,2897
chr10,133806713,133812930,NO,6217
chr13,40632816,40638088,NO,5272
chr19,13112406,13118479,NO,6073
chr7,62490425,62508463,NO,18038
chr9,101670530,101692238,NO,21708
chr7,77648326,77649895,NO,1569
chr7,47644132,47651336,NO,7204
chr14,102719293,102731446,NO,12153
chr19,58330813,58341985,NO,11172
chr8,142240365,142245464,NO,5099
chr5,179222197,179224019,NO,1822
chr12,123322309,123327896,NO,5587
chr15,85176488,85177701,NO,1213
chr15,83199422,83210243,NO,10821
chr19,7463137,7480676,NO,17539
chr22,30968967,30972211,NO,3244
chr1,17198101,17200325,NO,2224
chr11,67866923,67875782,NO,8859
chr4,146653539,146656514,NO,2975
chr7,148761949,148763191,NO,1242
chr8,38642565,38647473,NO,4908
chr20,48782204,48789600,NO,7396
chr6,3402246,3419219,NO,16973
chr1,204411452,204420355,NO,8903
chr15,78497028,78509265,NO,12237
chr19,35911173,35928175,NO,17002
chr9,136720483,136728646,NO,8163
chr2,87893315,87904398,NO,11083
chr12,56628563,56637459,NO,8896
chr9,97700193,97715522,NO,15329
chr11,45167837,45169363,NO,1526
chr1,148555520,148556762,NO,1242
chr22,24540472,24544075,NO,3603
chr22,20190620,20196049,NO,5429
chr22,27065168,27069574,NO,4406
chr14,100061920,100068828,NO,6908
chr22,19158529,19162510,NO,3981
chr7,75033389,75040405,NO,7016
chr1,95320170,95331238,NO,11068
chr2,85992188,86000310,NO,8122
chr12,108696524,108707085,NO,10561
chr14,65148371,65155853,NO,7482
chr15,53095566,53098806,NO,3240
chr2,55386163,55395322,NO,9159
chr22,41047420,41051134,NO,3714
chr16,69951227,69961459,NO,10232
chr12,11848141,11860847,NO,12706
chr4,154428206,154460287,NO,32081
chr6,53516238,53517555,NO,1317
chr20,42281134,42286739,NO,5605
chr11,2845585,2848557,NO,2972
chr22,37005858,37014706,NO,8848
chr8,103937205,103942851,NO,5646
chr19,53399951,53407663,NO,7712
chr16,87495231,87499791,NO,4560
chr7,42927297,42929035,NO,1738
chr20,62579405,62581774,NO,2369
chr2,102758204,102760569,NO,2365
chr9,132221250,132223630,NO,2380
chr19,43967066,43979956,NO,12890
chr4,186693166,186703077,NO,9911
chr19,16364791,16374747,NO,9956
chr5,180212251,180216391,NO,4140
chr11,117051470,117058631,NO,7161
chr11,9385393,9386555,NO,1162
chr1,118105606,118118493,NO,12887
chrX,153617209,153619379,NO,2170
chr17,48225593,48229957,NO,4364
chr5,115907872,115910559,NO,2687
chr6,33216259,33217889,NO,1630
chr11,119583583,119597951,NO,14368
chr2,129182119,129184581,NO,2462
chr4,184718225,184730500,NO,12275
chr12,741498,752954,NO,11456
chr5,36744148,36746064,NO,1916
chr22,46744306,46749932,NO,5626
chr19,1264912,1267124,NO,2212
chr16,75278815,75280622,NO,1807
chr16,89509019,89520798,NO,11779
chr2,121199283,121204846,NO,5563
chr2,102717502,102731836,NO,14334
chr8,102275803,102292506,NO,16703
chr2,99485094,99487597,NO,2503
chr6,43141424,43142768,NO,1344
chr6,43662913,43671211,NO,8298
chr14,56634509,56649737,NO,15228
chr1,55046420,55048107,NO,1687
chrX,2409370,2417769,NO,8399
chr16,88453807,88456146,NO,2339
chr2,220113440,220115338,NO,1898
chr9,136634281,136635879,NO,1598
chr17,74666823,74668486,NO,1663
chr16,30424943,30430113,NO,5170
chr7,577421,580044,NO,2623
chrX,153597020,153600812,NO,3792
chrX,69697027,69701598,NO,4571
chrX,49040539,49048466,NO,7927
chr14,102343544,102346475,NO,2931
chr19,52205746,52207970,NO,2224
chr8,101224839,101226145,NO,1306
chr22,30592263,30609554,NO,17291
chr17,1390998,1392742,NO,1744
chr3,13260637,13265709,NO,5072
chr16,2591407,2601456,NO,10049
chr16,4139891,4160177,NO,20286
chr3,141085135,141087947,NO,2812
chr11,20021896,20035719,NO,13823
chr11,12867010,12876591,NO,9581
chr11,63637190,63642486,NO,5296
chr14,50466805,50470816,NO,4011
chr9,137102549,137107160,NO,4611
chr21,40278559,40285740,NO,7181
chr15,101441859,101443495,NO,1636
chr10,976431,978315,NO,1884
chr6,33392703,33396308,NO,3605
chr12,131302848,131316707,NO,13859
chr15,57178584,57180155,NO,1571
chr2,85968171,85970608,NO,2437
chr1,9856920,9869282,NO,12362
chr16,87130637,87135658,NO,5021
chr11,45879328,45881723,NO,2395
chr17,80866779,80869295,NO,2516
chr22,46458745,46461383,NO,2638
chr8,11321805,11332781,NO,10976
chr1,9960044,9962417,NO,2373
chr16,75550017,75551330,NO,1313
chr17,37068399,37079376,NO,10977
chr13,95200804,95202656,NO,1852
chr14,95756782,95759335,NO,2553
chr2,114039823,114046345,NO,6522
chr22,42999895,43005627,NO,5732
chr3,48588208,48591334,NO,3126
chr10,3893175,3903377,NO,10202
chr2,131147961,131149568,NO,1607
chr21,42693503,42698824,NO,5321
chr7,44806745,44809371,NO,2626
chr10,93349064,93352675,NO,3611
chr17,2074970,2078830,NO,3860
chr4,3293255,3295623,NO,2368
chr9,137325439,137327860,NO,2421
chr22,17652009,17653425,NO,1416
chr5,154026345,154033776,NO,7431
chr8,144575359,144582534,NO,7175
chr22,18483140,18484723,NO,1583
chr2,96095363,96101461,NO,6098
chr19,6056644,6067753,NO,11109
chr1,225923330,225935065,NO,11735
chr11,63684913,63689018,NO,4105
chr14,96659813,96665172,NO,5359
chr9,116273197,116282681,NO,9484
chr15,40339638,40348586,NO,8948
chr17,17282024,17291648,NO,9624
chr2,79342061,79350263,NO,8202
chr14,23475709,23476910,NO,1201
chr2,96306691,96312879,NO,6188
chr20,55484428,55491954,NO,7526
chr16,87951687,87958935,NO,7248
chr8,42591705,42597458,NO,5753
chr18,55754639,55764727,NO,10088
chr1,150576825,150587120,NO,10295
chr8,123692867,123699536,NO,6669
chrX,153238908,153251531,NO,12623
chr3,13524726,13527262,NO,2536
chr22,46314688,46319885,NO,5197
chr7,76095062,76097784,NO,2722
chr11,12237118,12242440,NO,5322
chr7,105705074,105712741,NO,7667
chr2,8616071,8634736,NO,18665
chr22,42833557,42841186,NO,7629
chr20,1305922,1308153,NO,2231
chr3,32442670,32448745,NO,6075
chr19,8942432,8943910,NO,1478
chr7,4783968,4791493,NO,7525
chr12,123547441,123555031,NO,7590
chr6,4018266,4019331,NO,1065
chr1,164669272,164682379,NO,13107
chr2,85184767,85187703,NO,2936
chr2,234990407,235002614,NO,12207
chr6,157007754,157009572,NO,1818
chr1,118131595,118135336,NO,3741
chr8,38307030,38308995,NO,1965
chr3,10230861,10234884,NO,4023
chr3,128399273,128400363,NO,1090
chr11,35287072,35299003,NO,11931
chr4,90168937,90171364,NO,2427
chr15,66765554,66780992,NO,15438
chr4,40508458,40528388,NO,19930
chr9,84202360,84204403,NO,2043
chr7,55149040,55176186,NO,27146
chr17,20805902,20812544,NO,6642
chr11,111178758,111206650,NO,27892
chr2,70008988,70026196,NO,17208
chr1,958739,960970,NO,2231
chr10,93999048,94001158,NO,2110
chr12,49608407,49628688,NO,20281
chr17,17312368,17324480,NO,12112
chr6,11195043,11216595,NO,21552
chr10,135070888,135075461,NO,4573
chr1,53168469,53169547,NO,1078
chr10,6205277,6206608,NO,1331
chr11,7618271,7628708,NO,10437
chr10,132098617,132100340,NO,1723
chr2,79312430,79326537,NO,14107
chr10,111651960,111676328,NO,24368
chr5,171864733,171871284,NO,6551
chr7,66056184,66057799,NO,1615
chr9,112238694,112240917,NO,2223
chr17,42186258,42189808,NO,3550
chr21,30374656,30375594,NO,938
chr12,123848296,123850542,NO,2246
chr2,238950712,238955500,NO,4788
chr11,47937705,47946465,NO,8760
chr10,45940672,45949975,NO,9303
chr14,32670382,32673588,NO,3206
chr4,8109817,8116079,NO,6262
chr2,151341768,151343356,NO,1588
chr2,69900745,69910883,NO,10138
chr16,4233180,4234365,NO,1185
chr11,63609869,63616670,NO,6801
chr10,15375937,15390768,NO,14831
chr10,94451180,94456702,NO,5522
chr3,66859384,66881142,NO,21758
chr6,37005485,37017389,NO,11904
chr5,108063026,108064538,NO,1512
chr9,140304951,140307303,NO,2352
chr7,73684066,73694733,NO,10667
chr7,26437284,26439136,NO,1852
chr22,18879937,18884132,NO,4195
chr17,77924536,77926672,NO,2136
chr6,3825449,3827064,NO,1615
chr1,16860961,16862821,NO,1860
chr3,38499164,38501595,NO,2431
chr8,11204573,11219784,NO,15211
chr21,37522837,37529733,NO,6896
chr1,16122403,16127194,NO,4791
chr16,81526537,81528520,NO,1983
chr19,52192166,52194158,NO,1992
chr3,39218431,39222839,NO,4408
chr2,208675058,208694935,NO,19877
chr6,28863144,28865150,NO,2006
chr17,44449567,44450828,NO,1261
chr19,56115814,56117944,NO,2130
chr16,73023754,73035058,NO,11304
chr10,74051538,74058153,NO,6615
chr2,160003392,160013853,NO,10461
chr1,214155838,214159090,NO,3252
chr10,5023787,5027579,NO,3792
chr20,60594622,60603035,NO,8413
chr2,122457113,122467824,NO,10711
chr16,89568354,89572826,NO,4472
chr1,31296025,31297675,NO,1650
chr12,69724698,69740154,NO,15456
chr11,73032941,73039614,NO,6673
chr3,138580666,138582968,NO,2302
chr1,201559681,201568427,NO,8746
chr17,80593534,80595850,NO,2316
chr16,67211320,67213245,NO,1925
chr21,46890678,46894826,NO,4148
chr19,13961368,13962848,NO,1480
chr1,54953244,54955277,NO,2033
chr1,27190704,27192302,NO,1598
chr19,15542685,15548853,NO,6168
chr12,52513271,52520328,NO,7057
chrX,52963624,52965161,NO,1537
chr15,41197842,41199766,NO,1924
chr11,68920577,68925452,NO,4875
chr22,37428265,37440227,NO,11962
chr15,30916527,30918767,NO,2240
chr5,154055730,154063206,NO,7476
chr20,44933834,44946567,NO,12733
chr13,44715341,44716733,NO,1392
chr10,44181260,44186128,NO,4868
chr10,44847045,44849653,NO,2608
chr1,1660039,1662417,NO,2378
chr8,48288732,48297394,NO,8662
chr12,56870005,56872151,NO,2146
chr12,12939481,12940563,NO,1082
chr22,29737605,29739744,NO,2139
chr11,75919544,75921786,NO,2242
chr21,46291686,46293738,NO,2052
chr7,5594948,5598648,NO,3700
chr16,16305754,16308644,NO,2890
chr4,186631753,186641323,NO,9570
chr10,81741131,81742391,NO,1260
chr2,201988040,201994055,NO,6015
chr17,41605302,41609137,NO,3835
chr1,8467504,8477063,NO,9559
chr22,47511894,47513681,NO,1787
chr4,54506982,54520272,NO,13290
chr20,1791338,1809398,NO,18060
chr1,95237110,95249999,NO,12889
chr7,22893789,22900444,NO,6655
chr3,45677629,45689292,NO,11663
chr14,105146531,105148487,NO,1956
chr6,6712996,6725693,NO,12697
chr6,41394209,41396612,NO,2403
chr14,56206428,56220446,NO,14018
chr16,84966797,84968353,NO,1556
chr19,24216134,24217308,NO,1174
chr14,100938205,100943594,NO,5389
chr11,75293891,75295691,NO,1800
chr12,65059407,65067175,NO,7768
chr19,20162378,20164018,NO,1640
chr2,235933468,235937091,NO,3623
chr16,18591256,18594076,NO,2820
chr15,63070965,63085433,NO,14468
chr3,174158491,174160072,NO,1581
chr12,10515234,10525466,NO,10232
chr22,47428185,47440556,NO,12371
chr13,34116218,34117582,NO,1364
chr3,149259526,149274121,NO,14595
chr14,93153953,93159341,NO,5388
chr3,46027296,46029851,NO,2555
chr4,38071109,38089688,NO,18579
chr2,113955934,113957142,NO,1208
chr6,3135406,3140193,NO,4787
chr8,29133456,29147522,NO,14066
chr16,30885977,30887743,NO,1766
chr19,38422302,38424784,NO,2482
chr1,33177977,33183140,NO,5163
chr1,244012603,244014697,NO,2094
chr7,129419092,129420781,NO,1689
chr17,75158157,75160908,NO,2751
chr16,30816839,30825835,NO,8996
chr13,114516233,114521043,NO,4810
chr6,33557045,33558981,NO,1936
chr17,74128250,74134697,NO,6447
chr16,4993237,4996317,NO,3080
chr16,14579885,14581128,NO,1243
chr15,67134060,67135939,NO,1879
chr22,31612459,31625934,NO,13475
chr15,77196719,77198200,NO,1481
chr3,42054528,42066888,NO,12360
chr7,5486364,5497664,NO,11300
chr19,6509352,6517147,NO,7795
chr1,87796150,87801456,NO,5306
chr22,29426149,29428446,NO,2297
chr20,55967892,55970910,NO,3018
chr1,70686902,70687897,NO,995
chr9,117149949,117160813,NO,10864
chr4,8535464,8539526,NO,4062
chr16,85524777,85526824,NO,2047
chr2,60318601,60322291,NO,3690
chr8,145747306,145749097,NO,1791
chr19,16394218,16405237,NO,11019
chr15,20784941,20788262,NO,3321
chr8,38614115,38626619,NO,12504
chr19,50708623,50718631,NO,10008
chr19,50835288,50837549,NO,2261
chr22,23034181,23037303,NO,3122
chr7,6542798,6544655,NO,1857
chr17,33478071,33478524,NO,453
chr11,34284193,34297594,NO,13401
chr10,1232935,1235214,NO,2279
chr11,67006831,67008461,NO,1630
chr16,17397966,17407439,NO,9473
chr4,129473702,129475307,NO,1605
chr12,53886441,53890368,NO,3927
chr17,48134909,48140394,NO,5485
chr8,11665415,11666672,NO,1257
chr9,139948636,139950749,NO,2113
chr22,47149520,47155264,NO,5744
chr20,30805268,30816750,NO,11482
chr16,31487749,31489520,NO,1771
chr7,95236971,95258507,NO,21536
chr11,94882777,94885193,NO,2416
chr7,156735138,156740340,NO,5202
chr2,7495797,7498053,NO,2256
chr1,145449186,145456356,NO,7170
chr16,75259624,75261988,NO,2364
chr8,141473976,141475551,NO,1575
chr12,2057284,2059174,NO,1890
chr11,64004667,64006921,NO,2254
chrX,39942367,39949904,NO,7537
chr12,307878,320493,NO,12615
chr6,167091502,167097640,NO,6138
chr3,138634041,138635306,NO,1265
chr16,88201000,88203577,NO,2577
chr3,107149800,107151127,NO,1327
chr1,27438261,27445155,NO,6894
chr22,25215742,25224129,NO,8387
chr15,23452338,23455703,NO,3365
chr5,60586897,60598230,NO,11333
chr1,51443176,51444763,NO,1587
chr2,75061149,75073266,NO,12117
chr2,240161532,240168717,NO,7185
chr2,102680328,102687228,NO,6900
chr19,18266536,18272077,NO,5541
chr15,83626252,83629947,NO,3695
chr4,10090483,10095444,NO,4961
chr12,110384880,110390975,NO,6095
chr11,34621347,34624198,NO,2851
chr14,104902338,104904445,NO,2107
chr1,5536718,5539940,NO,3222
chr17,907031,909832,NO,2801
chr9,66457115,66458688,NO,1573
chr1,32816580,32818163,NO,1583
chr7,3203621,3206100,NO,2479
chr19,17246092,17250652,NO,4560
chr4,185457981,185459483,NO,1502
chr9,35660285,35669604,NO,9319
chr13,113435777,113446103,NO,10326
chr12,96129964,96134099,NO,4135
chr15,52545769,52555000,NO,9231
chr3,195886728,195896392,NO,9664
chr14,100872191,100875712,NO,3521
chr14,100658445,100660090,NO,1645
chr17,159839,165629,NO,5790
chr19,34754959,34761902,NO,6943
chr5,179084428,179085700,NO,1272
chrX,64626511,64628105,NO,1594
chr6,27218439,27220138,NO,1699
chr1,225955008,225961473,NO,6465
chr3,197407417,197409654,NO,2237
chr10,81917933,81926684,NO,8751
chr16,3173889,3180183,NO,6294
chr11,129184715,129195064,NO,10349
chr16,50625193,50626839,NO,1646
chr1,27928107,27929617,NO,1510
chr17,41797635,41801696,NO,4061
chr1,206861572,206867395,NO,5823
chr9,36306797,36320793,NO,13996
chr22,47029894,47034994,NO,5100
chr5,179060850,179062119,NO,1269
chr6,13013093,13015405,NO,2312
chr11,35338763,35344679,NO,5916
chr20,4021585,4023121,NO,1536
chr1,211589577,211590436,NO,859
chr22,40782095,40793852,NO,11757
chr2,99318184,99321893,NO,3709
chr17,55434250,55451248,NO,16998
chr13,96255984,96268608,NO,12624
chr13,24844640,24847507,NO,2867
chr8,80695726,80696852,NO,1126
chr14,70159783,70163014,NO,3231
chr17,73030167,73031740,NO,1573
chr5,90575315,90576847,NO,1532
chr1,38460764,38465145,NO,4381
chr6,35011857,35016003,NO,4146
chr19,50134198,50140252,NO,6054
chr20,22492487,22505625,NO,13138
chr12,14410342,14414299,NO,3957
chr12,3474352,3479877,NO,5525
chr10,120784490,120786671,NO,2181
chr22,45604155,45612866,NO,8711
chr7,151450987,151453344,NO,2357
chr1,68027628,68044766,NO,17138
chr4,90031095,90032589,NO,1494
chr12,109226087,109234126,NO,8039
chr2,46048389,46051345,NO,2956
chr16,46657185,46660930,NO,3745
chr21,43881881,43894992,NO,13111
chr4,141159024,141174454,NO,15430
chr20,42309682,42311661,NO,1979
chr18,56080900,56085204,NO,4304
chr1,15750159,15751835,NO,1676
chr7,150759524,150760749,NO,1225
chr6,169285758,169297038,NO,11280
chr16,28537393,28545943,NO,8550
chr1,16824380,16826372,NO,1992
chr6,157519524,157524840,NO,5316
chr3,129024225,129033706,NO,9481
chr6,158652553,158654227,NO,1674
chr3,43428962,43433374,NO,4412
chr6,138548139,138572933,NO,24794
chr6,161855306,161865745,NO,10439
chr19,18155710,18163145,NO,7435
chr1,94079366,94083994,NO,4628
chr3,194800704,194802784,NO,2080
chr5,55771823,55777772,NO,5949
chr3,57031043,57042541,NO,11498
chr17,79948862,79950494,NO,1632
chr5,14574941,14589747,NO,14806
chr15,96864661,96867614,NO,2953
chr1,226890316,226891680,NO,1364
chr6,30649951,30653035,NO,3084
chr2,238771546,238774624,NO,3078
chr21,38337959,38339653,NO,1694
chr13,30982743,30997028,NO,14285
chr18,45680181,45689100,NO,8919
chr16,11648248,11659636,NO,11388
chr14,23290969,23292372,NO,1403
chr9,464234,471496,NO,7262
chr1,208406755,208413789,NO,7034
chr1,2508960,2510250,NO,1290
chr3,46886604,46888350,NO,1746
chr1,116951440,116959465,NO,8025
chr7,155411225,155412794,NO,1569
chr13,45427930,45430335,NO,2405
chr22,46510824,46512998,NO,2174
chr3,123105044,123114123,NO,9079
chr18,55890596,55891821,NO,1225
chr15,78348532,78357872,NO,9340
chr6,151364512,151366857,NO,2345
chr18,19926370,19929432,NO,3062
chr9,123697551,123705281,NO,7730
chr7,142468011,142469782,NO,1771
chr19,49652158,49655200,NO,3042
chr16,75142579,75145185,NO,2606
chr17,38187569,38189721,NO,2152
chr4,187268944,187273084,NO,4140
chr5,66563158,66565729,NO,2571
chr5,690118,691659,NO,1541
chr1,203596940,203599190,NO,2250
chr4,3240467,3243042,NO,2575
chr9,139751953,139754513,NO,2560
chr1,11022777,11036366,NO,13589
chr1,205882373,205887701,NO,5328
chr6,74232711,74233806,NO,1095
chr3,195338936,195342626,NO,3690
chr19,46876091,46878042,NO,1951
chr7,100320107,100321996,NO,1889
chr8,144358408,144363980,NO,5572
chr21,42579509,42592347,NO,12838
chr7,158373690,158379757,NO,6067
chr13,98959650,98966404,NO,6754
chr3,133254829,133266621,NO,11792
chr9,130976526,130981194,NO,4668
chr9,134529762,134534484,NO,4722
chr1,36815402,36818747,NO,3345
chr1,208040809,208043060,NO,2251
chr4,2257048,2259561,NO,2513
chr11,126215102,126216864,NO,1762
chr10,125854637,125866557,NO,11920
chr13,44542426,44545825,NO,3399
chr19,3097272,3099655,NO,2383
chr12,116796554,116806441,NO,9887
chr15,45458623,45460003,NO,1380
chr17,55682462,55687418,NO,4956
chr8,144821573,144823224,NO,1651
chr12,123428840,123432275,NO,3435
chr12,110684867,110687844,NO,2977
chr1,15737822,15740161,NO,2339
chr7,123172503,123173351,NO,848
chr12,109899573,109901998,NO,2425
chr11,35411273,35426193,NO,14920
chr5,172924605,172928440,NO,3835
chr17,75954100,75955699,NO,1599
chr18,21691957,21694382,NO,2425
chr4,7807495,7825422,NO,17927
chr15,41078753,41081700,NO,2947
chr17,1018086,1026771,NO,8685
chr3,127794091,127804002,NO,9911
chr19,22709396,22716071,NO,6675
chr19,18852059,18854629,NO,2570
chr7,51020117,51022932,NO,2815
chr2,67264306,67267278,NO,2972
chr3,177076739,177078624,NO,1885
chr16,88593218,88601055,NO,7837
chr5,148923301,148930043,NO,6742
chr9,96024730,96031426,NO,6696
chr10,116383872,116395416,NO,11544
chr14,21506663,21516866,NO,10203
chr11,16939773,16947436,NO,7663
chr18,48319938,48333017,NO,13079
chr20,39944019,39946921,NO,2902
chr5,138306146,138308801,NO,2655
chr19,38484681,38494574,NO,9893
chr22,23863434,23869999,NO,6565
chr15,99270500,99273079,NO,2579
chr1,16570483,16575570,NO,5087
chr14,31889007,31890338,NO,1331
chr5,10288740,10302246,NO,13506
chr2,238804348,238807747,NO,3399
chr12,105351388,105353097,NO,1709
chr15,32828518,32829307,NO,789
chr20,36772168,36781682,NO,9514
chr20,35161043,35172884,NO,11841
chr7,56101363,56115173,NO,13810
chr10,6006793,6014255,NO,7462
chr17,15351709,15361392,NO,9683
chr1,117421656,117425533,NO,3877
chr4,124049,125450,NO,1401
chr16,33293712,33294495,NO,783
chr1,94533593,94535962,NO,2369
chr15,91100376,91103904,NO,3528
chr5,139595928,139601855,NO,5927
chr20,44573353,44576034,NO,2681
chr13,31398957,31408285,NO,9328
chr20,6684341,6691401,NO,7060
chr15,45490657,45492032,NO,1375
chr20,52237864,52240684,NO,2820
chr2,9318752,9331647,NO,12895
chr10,24671543,24673639,NO,2096
chr12,3947877,3948710,NO,833
chr20,62168495,62170778,NO,2283
chr19,56005114,56015599,NO,10485
chr6,168151156,168152787,NO,1631
chr4,187556165,187573148,NO,16983
chr15,63640256,63643674,NO,3418
chr15,52425921,52430190,NO,4269
chr15,59156761,59158157,NO,1396
chr11,2113954,2118651,NO,4697
chr10,97272633,97278854,NO,6221
chr18,19600483,19607142,NO,6659
chr8,142423301,142426982,NO,3681
chr6,159201418,159203546,NO,2128
chr14,69010882,69015593,NO,4711
chr7,137671504,137685325,NO,13821
chr8,100508059,100508204,NO,145
chr17,40051394,40063975,NO,12581
chr4,49288063,49323553,NO,35490
chr1,42347860,42357489,NO,9629
chr21,35964170,35968416,NO,4246
chr11,3019099,3023003,NO,3904
chr3,52270475,52272448,NO,1973
chr2,54893908,54901264,NO,7356
chr22,41683968,41687169,NO,3201
chr10,38778009,38778183,NO,174
chr7,6425171,6433226,NO,8055
chr1,207999113,208000991,NO,1878
chr3,197183086,197186852,NO,3766
chr5,956557,958216,NO,1659
chr7,50839062,50850674,NO,11612
chr13,76209348,76211041,NO,1693
chr3,186130910,186136908,NO,5998
chr15,45121644,45123921,NO,2277
chr15,31588861,31591546,NO,2685
chr7,600545,602621,NO,2076
chr17,80341966,80343845,NO,1879
chr18,74796231,74810798,NO,14567
chr7,155090965,155098819,NO,7854
chr22,46422795,46424549,NO,1754
chr20,62527573,62529495,NO,1922
chr22,38411976,38413932,NO,1956
chr9,116878243,116882096,NO,3853
chr16,71756705,71758291,NO,1586
chr12,92896644,92899536,NO,2892
chr21,44151310,44158803,NO,7493
chr21,43653112,43655516,NO,2404
chr14,23319806,23322894,NO,3088
chr6,42930395,42935522,NO,5127
chr2,65085310,65092743,NO,7433
chr19,41830015,41834519,NO,4504
chr16,4666446,4667463,NO,1017
chr5,172115320,172124654,NO,9334
chr16,72882318,72894315,NO,11997
chr1,53611311,53612517,NO,1206
chr6,168926598,168928540,NO,1942
chr1,201416954,201420149,NO,3195
chr8,29209185,29210970,NO,1785
chr1,230022573,230024885,NO,2312
chrX,53117359,53123838,NO,6479
chr19,47119855,47122540,NO,2685
chr9,20683759,20684991,NO,1232
chr8,26497888,26500205,NO,2317
chr17,229459,236014,NO,6555
chr7,1545467,1548621,NO,3154
chr1,230984546,230986902,NO,2356
chr18,10131755,10143140,NO,11385
chr5,95192797,95194917,NO,2120
chr16,3149870,3157064,NO,7194
chr19,31141857,31156907,NO,15050
chr1,234885862,234888184,NO,2322
chr15,52477174,52479607,NO,2433
chr16,89307177,89314455,NO,7278
chr3,46525885,46532826,NO,6941
chr12,122709898,122710708,NO,810
chr9,139393718,139395367,NO,1649
chr12,50066809,50068398,NO,1589
chr2,190538616,190539902,NO,1286
chr8,52870610,52886775,NO,16165
chr19,14647363,14656917,NO,9554
chr11,9158797,9161813,NO,3016
chr13,97900598,97911903,NO,11305
chr5,148829369,148833916,NO,4547
chr20,45618153,45621801,NO,3648
chr1,9526431,9528184,NO,1753
chr8,17639179,17652191,NO,13012
chrX,153276006,153279689,NO,3683
chr4,70296500,70296776,NO,276
chr5,81146512,81153799,NO,7287
chr6,29719774,29721235,NO,1461
chr7,149744785,149746897,NO,2112
chr13,111657847,111659886,NO,2039
chr2,191883317,191886140,NO,2823
chr2,20833476,20835675,NO,2199
chr10,69523224,69524367,NO,1143
chr1,26602160,26605130,NO,2970
chr7,73994502,74002373,NO,7871
chr4,111117136,111118539,NO,1403
chr17,79503489,79505646,NO,2157
chr21,42618973,42622474,NO,3501
chr15,30762874,30763609,NO,735
chr6,108137030,108143075,NO,6045
chr10,72217913,72222581,NO,4668
chr19,35581620,35590124,NO,8504
chr22,27637426,27643913,NO,6487
chr21,44881979,44884853,NO,2874
chr7,77308577,77322842,NO,14265
chr16,90143888,90149090,NO,5202
chr13,45444378,45448156,NO,3778
chr12,50503498,50505080,NO,1582
chr14,67979882,67982232,NO,2350
chr9,139735204,139737311,NO,2107
chr16,56643934,56645884,NO,1950
chr11,8815650,8829936,NO,14286
chr7,29315783,29318569,NO,2786
chr17,53350917,53363467,NO,12550
chr3,171870655,171874381,NO,3726
chr1,28570941,28576414,NO,5473
chr22,24016884,24019650,NO,2766
chr19,12605640,12606859,NO,1219
chr11,66079385,66080983,NO,1598
chr15,31507261,31509100,NO,1839
chr4,49514939,49526037,NO,11098
chr22,17039272,17046852,NO,7580
chr11,3064891,3071067,NO,6176
chr18,55922124,55937708,NO,15584
chr8,124007172,124014286,NO,7114
chr3,73159808,73160262,NO,454
chr1,64134909,64141458,NO,6549
chr11,123667543,123671228,NO,3685
chr19,12305342,12306462,NO,1120
chr6,7170450,7173353,NO,2903
chr7,152596956,152608301,NO,11345
chr1,155057265,155058595,NO,1330
chr17,41043568,41047896,NO,4328
chr1,8431279,8434804,NO,3525
chr14,24567266,24580508,NO,13242
chr4,6769354,6775270,NO,5916
chr16,1577816,1581959,NO,4143
chr18,55436166,55457116,NO,20950
chr1,26545286,26552412,NO,7126
chr11,118740332,118741701,NO,1369
chr10,105475724,105477807,NO,2083
chr19,13949854,13951441,NO,1587
chr19,2982542,2984280,NO,1738
chr20,62819852,62821795,NO,1943
chr9,101736898,101740482,NO,3584
chr2,25406603,25421232,NO,14629
chr11,47170341,47175485,NO,5144
chr12,113637829,113639995,NO,2166
chr7,6120084,6121621,NO,1537
chr7,158699584,158704681,NO,5097
chr16,75262465,75264378,NO,1913
chr21,44596773,44599306,NO,2533
chr2,240186394,240190588,NO,4194
chr17,74563963,74566474,NO,2511
chr1,247289434,247290425,NO,991
chr1,15929548,15931152,NO,1604
chr5,32232633,32234742,NO,2109
chr15,42345207,42353147,NO,7940
chr1,167683018,167684613,NO,1595
chr14,23769873,23770908,NO,1035
chr22,29773762,29782487,NO,8725
chr17,70567556,70585744,NO,18188
chr11,18404848,18406558,NO,1710
chr1,16391229,16395138,NO,3909
chr1,175286422,175288981,NO,2559
chr8,26467068,26474616,NO,7548
chr7,36785455,36788561,NO,3106
chr1,226270455,226271895,NO,1440
chr8,102372726,102374826,NO,2100
chr4,2072944,2074855,NO,1911
chr15,63656678,63661373,NO,4695
chr16,78274197,78276684,NO,2487
chr7,51394707,51424969,NO,30262
chr3,42695254,42697190,NO,1936
chr3,119041140,119042619,NO,1479
chr5,70220451,70221437,NO,986
chr16,11223411,11228053,NO,4642
chr4,52709975,52711355,NO,1380
chr5,176752714,176757605,NO,4891
chr19,36193028,36194088,NO,1060
chr5,124082188,124085370,NO,3182
chr15,67315660,67318442,NO,2782
chr2,54935576,54950600,NO,15024
chr2,67440514,67443127,NO,2613
chr9,98877952,98880605,NO,2653
chr15,99557357,99559058,NO,1701
chr10,3927825,3930270,NO,2445
chr1,94836017,94851229,NO,15212
chr7,98807609,98809960,NO,2351
chr7,218939,220926,NO,1987
chr1,64381784,64387301,NO,5517
chr13,41109340,41111955,NO,2615
chr12,57823960,57825168,NO,1208
chr2,1991247,2001960,NO,10713
chr7,27146105,27150287,NO,4182
chr10,22629250,22630205,NO,955
chr18,74766196,74774386,NO,8190
chr1,205551584,205561988,NO,10404
chr7,155130136,155143069,NO,12933
chr2,97151234,97152416,NO,1182
chr1,230340552,230351273,NO,10721
chr2,10224648,10228136,NO,3488
chr6,170340623,170342396,NO,1773
chr15,90734129,90736832,NO,2703
chr14,102529857,102538904,NO,9047
chrX,52986773,52988271,NO,1498
chr19,11049731,11058721,NO,8990
chr4,187181238,187182967,NO,1729
chr15,93452712,93465260,NO,12548
chr2,37551182,37552777,NO,1595
chr15,70086118,70088732,NO,2614
chr20,43270713,43271962,NO,1249
chr12,3194519,3206850,NO,12331
chr18,46501124,46502927,NO,1803
chr14,71130787,71133203,NO,2416
chr11,6271325,6274266,NO,2941
chr14,21923790,21924948,NO,1158
chr19,7098719,7099787,NO,1068
chr2,14774622,14775952,NO,1330
chr18,60766697,60768784,NO,2087
chr1,212731321,212732895,NO,1574
chr6,168714141,168727171,NO,13030
chr2,131543005,131555743,NO,12738
chr15,68130995,68133300,NO,2305
chr15,74889458,74891355,NO,1897
chr2,47536833,47539315,NO,2482
chr20,25317977,25320764,NO,2787
chr19,49518173,49523681,NO,5508
chr10,97849331,97850269,NO,938
chr17,16438763,16440326,NO,1563
chr9,108281986,108282614,NO,628
chr15,94773837,94775365,NO,1528
chr10,73804199,73817523,NO,13324
chr10,99621213,99629732,NO,8519
chr4,154143335,154170975,NO,27640
chr19,46144658,46145997,NO,1339
chr17,26710984,26712388,NO,1404
chr3,140956609,140966161,NO,9552
chr4,184642945,184644893,NO,1948
chr1,211502129,211509419,NO,7290
chr18,6729081,6732713,NO,3632
chr7,100042365,100048732,NO,6367
chr7,72771909,72773237,NO,1328
chr2,110809178,110812745,NO,3567
chr6,134556948,134572159,NO,15211
chr1,20061229,20063374,NO,2145
chr16,17489549,17499662,NO,10113
chr7,149978372,149979831,NO,1459
chr9,139719917,139722288,NO,2371
chr21,44502699,44503928,NO,1229
chr1,45097043,45098173,NO,1130
chr11,57545312,57549446,NO,4134
chr16,375438,378066,NO,2628
chr2,111073874,111077441,NO,3567
chr2,42328445,42330266,NO,1821
chr3,128770790,128774169,NO,3379
chr18,9987431,9995308,NO,7877
chr14,76292224,76299606,NO,7382
chr7,50785527,50796408,NO,10881
chr7,142605476,142607048,NO,1572
chr2,121383604,121391476,NO,7872
chr11,93260041,93271527,NO,11486
chr11,14926162,14929445,NO,3283
chr15,65588722,65597573,NO,8851
chr19,3966088,3968015,NO,1927
chr20,6031379,6033741,NO,2362
chr1,23152364,23155179,NO,2815
chr12,52671690,52675383,NO,3693
chr11,117088456,117091965,NO,3509
chr7,152524217,152525676,NO,1459
chr11,119551365,119555197,NO,3832
chr9,102581447,102582261,NO,814
chr15,32162270,32163669,NO,1399
chr19,1027582,1029088,NO,1506
chr6,87861218,87862333,NO,1115
chr3,12996300,13007020,NO,10720
chr2,101561589,101575025,NO,13436
chr4,159744869,159749102,NO,4233
chr12,3259721,3268176,NO,8455
chr7,63385639,63387505,NO,1866
chr21,47392444,47395235,NO,2791
chr22,45993172,45997318,NO,4146
chr1,11709759,11711766,NO,2007
chr6,25992067,25993356,NO,1289
chr11,69311092,69312620,NO,1528
chr22,28424483,28426240,NO,1757
chr14,100680220,100681393,NO,1173
chr6,31090027,31094638,NO,4611
chr1,68606372,68611879,NO,5507
chr15,45929715,45941449,NO,11734
chr20,17802815,17816377,NO,13562
chr21,46974677,46976433,NO,1756
chr17,75138850,75142496,NO,3646
chr5,173250639,173252903,NO,2264
chr17,3562486,3570335,NO,7849
chr6,52368371,52369733,NO,1362
chr16,70714540,70716345,NO,1805
chr16,70461678,70463246,NO,1568
chr3,37976982,37987984,NO,11002
chr10,96942942,96943952,NO,1010
chr8,124168922,124173160,NO,4238
chr12,52916206,52922891,NO,6685
chr6,108998394,109011317,NO,12923
chr4,3199571,3206791,NO,7220
chr18,60193403,60194295,NO,892
chr22,47461635,47467522,NO,5887
chr12,13246374,13254906,NO,8532
chr4,85414353,85418394,NO,4041
chr1,1397039,1399764,NO,2725
chr19,56146160,56147023,NO,863
chr1,17407226,17418630,NO,11404
chr2,5768016,5769023,NO,1007
chr19,12163189,12170767,NO,7578
chr16,70414121,70415789,NO,1668
chr3,53303943,53310354,NO,6411
chr1,224810290,224820387,NO,10097
chr2,11819921,11833771,NO,13850
chr20,43229775,43238783,NO,9008
chr7,72395122,72396452,NO,1330
chr1,205446216,205448187,NO,1971
chr16,30912883,30914478,NO,1595
chr19,18872613,18874408,NO,1795
chr14,101032343,101033911,NO,1568
chr2,238641480,238644196,NO,2716
chr19,17599626,17611108,NO,11482
chr2,128165261,128173674,NO,8413
chr20,49377863,49379978,NO,2115
chr15,99319685,99321111,NO,1426
chr4,41218057,41219040,NO,983
chr7,129491336,129505985,NO,14649
chr16,30786213,30787649,NO,1436
chr6,168134260,168136580,NO,2320
chr3,188012520,188014933,NO,2413
chr7,47442457,47446782,NO,4325
chr18,46428319,46441419,NO,13100
chr6,53223500,53224893,NO,1393
chr4,187647112,187648375,NO,1263
chr2,228189436,228190833,NO,1397
chr16,27586811,27590732,NO,3921
chr11,121526019,121527759,NO,1740
chr15,90393962,90409723,NO,15761
chr9,116671642,116673190,NO,1548
chr9,133721807,133736102,NO,14295
chr20,52353410,52357072,NO,3662
chr7,30265346,30266575,NO,1229
chr7,809938,811883,NO,1945
chr9,123836509,123837872,NO,1363
chr6,107987546,107996795,NO,9249
chr10,88470480,88472105,NO,1625
chr22,49098003,49099785,NO,1782
chr3,133524540,133525582,NO,1042
chr16,25117808,25119085,NO,1277
chr16,507917,517325,NO,9408
chr3,63983627,63995562,NO,11935
chr2,37423374,37424513,NO,1139
chr1,206828973,206833546,NO,4573
chr2,106193092,106209527,NO,16435
chr5,179105000,179106179,NO,1179
chr1,7632832,7635213,NO,2381
chr7,130678779,130681869,NO,3090
chr12,52600723,52602208,NO,1485
chr19,45714983,45719614,NO,4631
chr13,110972283,110979777,NO,7494
chr2,7117241,7127678,NO,10437
chr15,66125119,66126593,NO,1474
chr19,488486,489809,NO,1323
chr6,2960273,2962750,NO,2477
chr10,71197968,71199488,NO,1520
chr15,94022745,94030564,NO,7819
chr17,73636121,73640168,NO,4047
chr10,80062218,80063233,NO,1015
chr11,78508584,78513902,NO,5318
chr16,2722649,2723996,NO,1347
chr10,29907610,29920046,NO,12436
chr14,24728085,24730009,NO,1924
chr7,55954738,55955763,NO,1025
chr16,11705758,11707730,NO,1972
chr3,192232194,192233680,NO,1486
chr8,7384480,7386697,NO,2217
chr16,29122320,29127109,NO,4789
chr2,43327657,43329510,NO,1853
chr8,140866444,140868192,NO,1748
chr10,103876735,103878172,NO,1437
chr8,7649403,7651576,NO,2173
chr16,8772793,8780322,NO,7529
chr16,57333297,57338264,NO,4967
chr10,35736730,35743257,NO,6527
chr3,42787765,42791484,NO,3719
chr19,56028443,56037876,NO,9433
chr22,25289827,25291488,NO,1661
chr18,3116987,3120734,NO,3747
chr2,42190901,42195045,NO,4144
chr10,121055881,121062285,NO,6404
chr11,128722366,128729774,NO,7408
chr10,102728620,102730439,NO,1819
chr19,47105594,47107266,NO,1672
chr22,23560310,23561934,NO,1624
chr14,103672220,103674164,NO,1944
chr10,49514048,49515612,NO,1564
chr6,111872140,111874447,NO,2307
chr15,62682258,62684475,NO,2217
chr4,184160695,184162721,NO,2026
chr1,39623796,39625239,NO,1443
chr11,46264411,46265505,NO,1094
chr14,89506785,89507935,NO,1150
chr8,23103649,23104790,NO,1141
chr22,18538652,18544282,NO,5630
chr1,3165257,3167642,NO,2385
chr16,20598331,20600132,NO,1801
chr4,183783246,183785081,NO,1835
chr1,202101107,202103092,NO,1985
chr2,61935551,61941535,NO,5984
chr21,43124017,43128238,NO,4221
chr11,2827538,2829491,NO,1953
chr2,109789867,109802500,NO,12633
chr20,62272597,62274234,NO,1637
chr2,113974838,113976755,NO,1917
chr2,19547262,19548424,NO,1162
chr2,236419622,236427715,NO,8093
chr17,46100786,46103209,NO,2423
chr17,29335327,29336579,NO,1252
chr18,46066966,46068142,NO,1176
chr7,1115794,1117963,NO,2169
chr7,95178851,95180648,NO,1797
chr16,29321979,29323306,NO,1327
chr1,64164111,64171568,NO,7457
chr15,37386679,37389126,NO,2447
chr2,169053212,169061191,NO,7979
chr7,4764404,4765680,NO,1276
chr16,20450397,20452197,NO,1800
chr16,81498860,81512707,NO,13847
chr6,3797459,3807116,NO,9657
chr16,50688170,50692124,NO,3954
chr1,42500781,42506594,NO,5813
chr4,38133682,38135695,NO,2013
chr3,183527671,183529621,NO,1950
chr21,33822910,33830018,NO,7108
chr10,126706236,126712957,NO,6721
chr19,18810620,18812353,NO,1733
chr5,11064420,11078005,NO,13585
chr6,39136806,39138424,NO,1618
chr19,23456218,23457199,NO,981
chr8,124600833,124603549,NO,2716
chr3,128805682,128807905,NO,2223
chr17,28671140,28672883,NO,1743
chr11,12821866,12825567,NO,3701
chr11,77741578,77751312,NO,9734
chr16,88682232,88683560,NO,1328
chr9,130461290,130462929,NO,1639
chr2,85612990,85624007,NO,11017
chr19,37463462,37464950,NO,1488
chr8,131369767,131371465,NO,1698
chr6,12288123,12292790,NO,4667
chr10,12647354,12648613,NO,1259
chr11,121592682,121594614,NO,1932
chr22,39317329,39320453,NO,3124
chr1,154323902,154326143,NO,2241
chr9,112202232,112204008,NO,1776
chr14,91621154,91631954,NO,10800
chrX,52949418,52950815,NO,1397
chr2,96657225,96658730,NO,1505
chr2,157255897,157257275,NO,1378
chr9,136995931,136997557,NO,1626
chr15,67222837,67225537,NO,2700
chr1,51794824,51797406,NO,2582
chr12,123995808,124004296,NO,8488
chr14,95826134,95827926,NO,1792
chr1,161695991,161697544,NO,1553
chr16,962110,963746,NO,1636
chr11,69230666,69232888,NO,2222
chr16,84082511,84089305,NO,6794
chr4,26858757,26860461,NO,1704
chr3,48776373,48778329,NO,1956
chr1,230516397,230518400,NO,2003
chr2,23785882,23787751,NO,1869
chr10,112862676,112867696,NO,5020
chr2,42281610,42283530,NO,1920
chr1,54590434,54592195,NO,1761
chr19,9419835,9420791,NO,956
chr2,99526086,99530076,NO,3990
chr1,201619234,201629493,NO,10259
chr1,9222006,9224056,NO,2050
chr6,16243878,16245973,NO,2095
chr15,34872190,34873643,NO,1453
chr11,2911379,2913800,NO,2421
chr1,31155207,31158887,NO,3680
chr2,45902226,45903524,NO,1298
chr22,35767631,35773030,NO,5399
chr10,72269159,72274484,NO,5325
chr2,97197601,97204529,NO,6928
chr11,126344274,126350820,NO,6546
chr9,130598438,130602455,NO,4017
chr19,37708551,37709479,NO,928
chr6,158447126,158448584,NO,1458
chr11,73490179,73491026,NO,847
chr3,97540228,97541669,NO,1441
chr1,222988014,222988904,NO,890
chr10,76986410,76994062,NO,7652
chr7,98739596,98741026,NO,1430
chr3,15688471,15690156,NO,1685
chr18,47164915,47166860,NO,1945
chr8,96219236,96223121,NO,3885
chr14,56245906,56248830,NO,2924
chr2,65288292,65292436,NO,4144
chr19,42617911,42620398,NO,2487
chr1,92269812,92271582,NO,1770
chr14,105517090,105518604,NO,1514
chr19,57349133,57350310,NO,1177
chr4,149364923,149366802,NO,1879
chr1,2064090,2065541,NO,1451
chr14,105131893,105133062,NO,1169
chr1,43739883,43743494,NO,3611
chr1,245421276,245423613,NO,2337
chr4,77751776,77752937,NO,1161
chr1,25749323,25752360,NO,3037
chr21,33941481,33945681,NO,4200
chrX,153192914,153193795,NO,881
chr12,122884055,122885295,NO,1240
chr12,109591862,109598969,NO,7107
chr10,22540612,22542441,NO,1829
chr9,132487861,132500584,NO,12723
chr11,62675866,62677522,NO,1656
chr3,185836444,185842406,NO,5962
chr1,147510303,147511732,NO,1429
chr1,145968569,145969998,NO,1429
chr10,80534381,80535556,NO,1175
chr2,113345047,113346914,NO,1867
chr1,16840235,16847827,NO,7592
chr18,3623764,3625086,NO,1322
chr13,98874632,98877281,NO,2649
chr16,71517925,71518606,NO,681
chr2,111934050,111943708,NO,9658
chr2,30475581,30480553,NO,4972
chr4,8429418,8430672,NO,1254
chr7,101241083,101242588,NO,1505
chr6,170200917,170202278,NO,1361
chr15,63127776,63146563,NO,18787
chr16,74901447,74910040,NO,8593
chr5,139702236,139703507,NO,1271
chr20,56533457,56535450,NO,1993
chr1,230630909,230632628,NO,1719
chr11,12214638,12222105,NO,7467
chr10,114563568,114571758,NO,8190
chr17,16368870,16374120,NO,5250
chr1,1713382,1714682,NO,1300
chr17,80451983,80455690,NO,3707
chr1,120604259,120605346,NO,1087
chr18,46543685,46548481,NO,4796
chr12,89777261,89784930,NO,7669
chr19,34374216,34375766,NO,1550
chr9,123630453,123631834,NO,1381
chr2,129153157,129165033,NO,11876
chr22,26914044,26925641,NO,11597
chr1,207082495,207083745,NO,1250
chr1,15649614,15656145,NO,6531
chr1,181998367,181999547,NO,1180
chr11,48894715,48899278,NO,4563
chr10,14778825,14794029,NO,15204
chr3,124717699,124723035,NO,5336
chr22,36023159,36024153,NO,994
chr2,46717497,46727513,NO,10016
chr13,30122219,30123713,NO,1494
chr2,133377738,133379759,NO,2021
chr4,1185480,1186889,NO,1409
chr12,9462639,9470373,NO,7734
chr13,33923447,33924894,NO,1447
chr4,37978422,37979713,NO,1291
chr8,143819984,143821272,NO,1288
chr4,187867363,187870655,NO,3292
chr7,100067016,100070539,NO,3523
chr19,42203046,42205003,NO,1957
chr8,8243041,8244725,NO,1684
chr6,37189582,37190724,NO,1142
chr14,24091132,24102276,NO,11144
chr2,3583108,3584613,NO,1505
chr10,38886884,38887163,NO,279
chr22,23440471,23441910,NO,1439
chr2,62797498,62798674,NO,1176
chr2,134894708,134898557,NO,3849
chr2,71782587,71785884,NO,3297
chr19,2117030,2118547,NO,1517
chr5,75681286,75685219,NO,3933
chr14,81636011,81637180,NO,1169
chr13,114583985,114585636,NO,1651
chr15,90836867,90844517,NO,7650
chr3,75377942,75379969,NO,2027
chr1,61648909,61650553,NO,1644
chr11,129309830,129323897,NO,14067
chr5,71146704,71146979,NO,275
chr9,116928707,116937727,NO,9020
chr1,147070757,147072400,NO,1643
chr5,55932822,55936973,NO,4151
chr6,139013169,139015008,NO,1839
chr6,30483733,30484794,NO,1061
chr7,129992173,129996134,NO,3961
chr7,104580137,104586110,NO,5973
chr1,145215961,145217170,NO,1209
chr10,71092529,71094699,NO,2170
chr14,103870495,103877059,NO,6564
chr1,8703647,8721685,NO,18038
chr1,109816407,109820717,NO,4310
chr10,131329213,131331288,NO,2075
chr7,98046416,98048955,NO,2539
chr6,28072215,28073118,NO,903
chr4,144833046,144833541,NO,495
chr8,49426648,49427816,NO,1168
chr11,57241874,57245461,NO,3587
chr3,123070436,123072127,NO,1691
chr7,143088517,143089795,NO,1278
chr20,33296645,33297931,NO,1286
chr16,28375719,28376640,NO,921
chr16,28761296,28762217,NO,921
chr14,60794173,60798486,NO,4313
chr19,41803958,41814648,NO,10690
chr4,186036974,186050308,NO,13334
chr22,49457888,49459344,NO,1456
chr22,50921971,50923373,NO,1402
chr10,118608529,118610021,NO,1492
chrX,48534115,48535596,NO,1481
chr17,43448751,43450218,NO,1467
chr10,82037026,82041514,NO,4488
chr5,1385645,1386947,NO,1302
chr1,8762210,8767622,NO,5412
chr12,113524113,113536877,NO,12764
chr10,73470162,73474174,NO,4012
chr20,46523425,46524200,NO,775
chr22,43357928,43366235,NO,8307
chr9,90178605,90186980,NO,8375
chr15,70487701,70489162,NO,1461
chr18,24235448,24237386,NO,1938
chr6,143247530,143248546,NO,1016
chr1,8403020,8404496,NO,1476
chr19,8739928,8741509,NO,1581
chr11,65886446,65895072,NO,8626
chr3,123419163,123421245,NO,2082
chr15,26327484,26328287,NO,803
chr17,3936029,3939156,NO,3127
chr2,106382458,106392750,NO,10292
chr3,185855796,185869703,NO,13907
chr5,173191443,173194540,NO,3097
chr19,2423463,2425355,NO,1892
chr19,679605,681052,NO,1447
chr3,52250481,52251723,NO,1242
chr11,447972,448869,NO,897
chr1,143670563,143673613,NO,3050
chr6,1797865,1803376,NO,5511
chr15,40659176,40660861,NO,1685
chr12,52591134,52592753,NO,1619
chr1,60008362,60010284,NO,1922
chr5,172263093,172265509,NO,2416
chr11,35103818,35104921,NO,1103
chr5,10331766,10334195,NO,2429
chr3,15935209,15945657,NO,10448
chr13,114301233,114302527,NO,1294
chr1,33829149,33830689,NO,1540
chr14,23027138,23049127,NO,21989
chr5,17120140,17123488,NO,3348
chr12,86658135,86659133,NO,998
chr22,39541303,39542730,NO,1427
chr5,170863891,170865121,NO,1230
chr11,125820569,125823487,NO,2918
chr9,44070669,44070820,NO,151
chr16,28722451,28723485,NO,1034
chr2,36595381,36608719,NO,13338
chr18,33160713,33162193,NO,1480
chr7,65877914,65879120,NO,1206
chr3,127415575,127417428,NO,1853
chr22,23578359,23580085,NO,1726
chr19,54690137,54691682,NO,1545
chr13,113401453,113412270,NO,10817
chr7,2899625,2903763,NO,4138
chr18,3212836,3225734,NO,12898
chrX,48448049,48450288,NO,2239
chr7,151156590,151157977,NO,1387
chr3,185660651,185661471,NO,820
chr12,112035154,112036519,NO,1365
chr1,147858080,147861126,NO,3046
chr16,46952090,46954542,NO,2452
chr5,68627404,68629071,NO,1667
chr6,109609539,109621557,NO,12018
chr15,42782681,42783823,NO,1142
chr4,148743560,148747969,NO,4409
chr7,73915352,73917316,NO,1964
chr2,131129587,131130773,NO,1186
chr3,49937592,49938867,NO,1275
chr11,113970220,113981160,NO,10940
chr10,44552442,44561475,NO,9033
chr4,83664854,83668365,NO,3511
chr17,65624719,65633988,NO,9269
chr15,99190189,99191641,NO,1452
chr13,24606199,24613311,NO,7112
chr6,157637159,157639402,NO,2243
chr2,75798220,75799981,NO,1761
chr10,77189724,77191784,NO,2060
chr1,225628032,225631296,NO,3264
chr11,111852656,111859673,NO,7017
chr7,142459177,142460831,NO,1654
chr2,10259799,10261169,NO,1370
chr7,107145641,107147412,NO,1771
chr17,40352961,40364545,NO,11584
chr11,10372878,10374207,NO,1329
chr1,59522027,59523513,NO,1486
chr11,118529091,118531053,NO,1962
chr17,19630915,19632245,NO,1330
chr17,78663126,78669195,NO,6069
chr17,27134624,27140073,NO,5449
chr18,47384693,47386440,NO,1747
chr9,38315326,38319524,NO,4198
chr11,20066358,20067283,NO,925
chr22,47329050,47332702,NO,3652
chr4,186147982,186150594,NO,2612
chr1,8121690,8136623,NO,14933
chr1,16080406,16083715,NO,3309
chr11,20133371,20134709,NO,1338
chr1,25566032,25567043,NO,1011
chr2,242302833,242314482,NO,11649
chr2,64994875,65001229,NO,6354
chr22,24594009,24604777,NO,10768
chr8,11250166,11251827,NO,1661
chr10,43950695,43951985,NO,1290
chr6,107140419,107151244,NO,10825
chr1,117361613,117367660,NO,6047
chr19,990069,991432,NO,1363
chr7,984811,986202,NO,1391
chr7,20258648,20260101,NO,1453
chr4,53588060,53589077,NO,1017
chr10,134587897,134589471,NO,1574
chr5,141736105,141742801,NO,6696
chr1,35290733,35291789,NO,1056
chr17,17824715,17826547,NO,1832
chr19,46219925,46221669,NO,1744
chr22,50825047,50826369,NO,1322
chr11,77903086,77905768,NO,2682
chr2,71148191,71150036,NO,1845
chr19,1394747,1396372,NO,1625
chr2,238831406,238832511,NO,1105
chr7,22122249,22123472,NO,1223
chr1,227061541,227064201,NO,2660
chr10,123164409,123167086,NO,2677
chr1,9472877,9474185,NO,1308
chr12,121418136,121419832,NO,1696
chr2,3632510,3634323,NO,1813
chr12,1714471,1715418,NO,947
chr4,829336,831424,NO,2088
chr4,186486919,186490017,NO,3098
chr10,43857303,43858486,NO,1183
chr7,76235047,76237189,NO,2142
chr22,36461344,36465706,NO,4362
chr2,110448818,110457580,NO,8762
chr17,36813230,36815166,NO,1936
chr1,8013621,8014789,NO,1168
chr5,133772239,133773780,NO,1541
chr2,106730121,106742082,NO,11961
chr16,81658628,81659966,NO,1338
chr1,95113260,95123665,NO,10405
chr11,67413234,67414638,NO,1404
chr14,64330558,64342782,NO,12224
chr17,61043153,61044311,NO,1158
chr1,234397903,234408785,NO,10882
chr3,193534347,193535931,NO,1584
chr10,80166931,80168990,NO,2059
chr9,107816587,107827440,NO,10853
chr14,51229853,51237809,NO,7956
chr13,24922461,24923796,NO,1335
chr9,35646116,35647301,NO,1185
chr2,39350915,39352259,NO,1344
chr2,44514765,44522612,NO,7847
chr10,90003087,90004440,NO,1353
chr7,76073486,76075626,NO,2140
chr8,134440591,134442027,NO,1436
chr3,9711332,9723990,NO,12658
chr22,46476888,46477998,NO,1110
chr21,35916898,35918214,NO,1316
chr2,100901940,100908340,NO,6400
chr11,121336478,121339103,NO,2625
chr17,72871785,72874421,NO,2636
chr20,57892880,57894419,NO,1539
chr10,75646525,75649141,NO,2616
chr19,55989783,55991585,NO,1802
chr14,91833862,91836660,NO,2798
chr1,59038388,59040222,NO,1834
chr20,48809255,48811660,NO,2405
chr8,12808645,12810002,NO,1357
chr22,46682613,46684020,NO,1407
chr11,8084457,8090353,NO,5896
chr19,11152132,11153599,NO,1467
chr17,40201959,40203260,NO,1301
chr1,5515999,5519967,NO,3968
chr11,34049079,34050483,NO,1404
chr2,219232059,219232987,NO,928
chr16,31388030,31398500,NO,10470
chr8,37573859,37585505,NO,11646
chr10,3450240,3452612,NO,2372
chr6,12363985,12366393,NO,2408
chr5,71603426,71604334,NO,908
chr2,240248470,240251274,NO,2804
chr1,116975683,116976999,NO,1316
chr10,122738294,122740418,NO,2124
chr1,31627270,31628700,NO,1430
chr8,124933803,124935016,NO,1213
chr10,23550969,23554373,NO,3404
chr3,185927290,185928756,NO,1466
chr11,114067917,114069610,NO,1693
chr6,160940915,160941965,NO,1050
chr3,169763920,169767692,NO,3772
chr2,232054676,232055982,NO,1306
chr22,40363805,40365661,NO,1856
chr19,5686208,5687647,NO,1439
chr10,93881907,93885492,NO,3585
chr16,89366592,89368711,NO,2119
chr16,74661733,74666597,NO,4864
chr7,65564550,65565860,NO,1310
chr7,30292375,30295323,NO,2948
chr14,23790636,23791534,NO,898
chr3,38174042,38176000,NO,1958
chr1,204330367,204333031,NO,2664
chr17,80394611,80396371,NO,1760
chr15,83501927,83518604,NO,16677
chr10,114778434,114787863,NO,9429
chr6,19804500,19805711,NO,1211
chr15,77831484,77836212,NO,4728
chr9,124455060,124462721,NO,7661
chr1,120173638,120174996,NO,1358
chr9,13278166,13279821,NO,1655
chr13,99218084,99224718,NO,6634
chr1,27852336,27855708,NO,3372
chr12,26425012,26441546,NO,16534
chr15,76442871,76455924,NO,13053
chr11,83120303,83122782,NO,2479
chr2,159507020,159508653,NO,1633
chr7,139708534,139710416,NO,1882
chr1,22739428,22741604,NO,2176
chr2,134946209,134949689,NO,3480
chr12,107160023,107162857,NO,2834
chr2,114733872,114735569,NO,1697
chr11,125070319,125072017,NO,1698
chr13,52300523,52305149,NO,4626
chr19,41633645,41642306,NO,8661
chr16,2885258,2886759,NO,1501
chr2,64871051,64877277,NO,6226
chr1,167423935,167425284,NO,1349
chr2,101491930,101494931,NO,3001
chr16,75267285,75268649,NO,1364
chr7,155505842,155509010,NO,3168
chr2,65609471,65611496,NO,2025
chr13,98824086,98827358,NO,3272
chr4,184797051,184798248,NO,1197
chr7,138642841,138646844,NO,4003
chr21,45508519,45510583,NO,2064
chr17,26214433,26216824,NO,2391
chr17,37830732,37832554,NO,1822
chr11,2694923,2696540,NO,1617
chr2,61921418,61922418,NO,1000
chr8,23193044,23194959,NO,1915
chr3,27524935,27526526,NO,1591
chr3,58612844,58615332,NO,2488
chr12,56400652,56402050,NO,1398
chr6,152701526,152712716,NO,11190
chr9,95878662,95882324,NO,3662
chr8,49467436,49469053,NO,1617
chr10,559298,560770,NO,1472
chr10,123291066,123300517,NO,9451
chr14,104015532,104017208,NO,1676
chr2,223955222,223965334,NO,10112
chr11,58952298,58954678,NO,2380
chr17,66201516,66202380,NO,864
chr14,35853952,35855324,NO,1372
chr4,124467006,124477278,NO,10272
chr5,32329395,32332387,NO,2992
chr3,9987699,9988924,NO,1225
chr7,36168162,36169257,NO,1095
chr1,180922652,180924004,NO,1352
chr8,102245297,102247073,NO,1776
chr3,122808608,122815759,NO,7151
chr7,63767754,63768670,NO,916
chr1,150501639,150505886,NO,4247
chr12,113579375,113580962,NO,1587
chr1,39857442,39861900,NO,4458
chr2,11297845,11309965,NO,12120
chr6,36390783,36391847,NO,1064
chr17,1170733,1172072,NO,1339
chr2,9526522,9535363,NO,8841
chr12,113508899,113510072,NO,1173
chr19,4448048,4449805,NO,1757
chr16,58026970,58028268,NO,1298
chr3,111453937,111458770,NO,4833
chr3,196729218,196731034,NO,1816
chr2,97135720,97136999,NO,1279
chr17,16520929,16521338,NO,409
chr8,58614889,58617867,NO,2978
chr1,44401218,44402883,NO,1665
chr9,132646833,132648565,NO,1732
chr8,29630229,29631973,NO,1744
chr10,104158407,104159746,NO,1339
chr17,73389528,73390599,NO,1071
chr7,100201934,100203515,NO,1581
chr11,65585246,65591012,NO,5766
chr22,41581808,41593346,NO,11538
chr20,307855,309198,NO,1343
chr1,60135313,60140014,NO,4701
chr10,44871716,44878933,NO,7217
chr3,155455749,155462707,NO,6958
chr12,38448679,38449007,NO,328
chr1,15415351,15417522,NO,2171
chr15,66903332,66910432,NO,7100
chr1,154944753,154945808,NO,1055
chr2,121002539,121004269,NO,1730
chr11,57126217,57128683,NO,2466
chr2,133104567,133110704,NO,6137
chr13,110838038,110840248,NO,2210
chr1,213758415,213760740,NO,2325
chr14,105361656,105362970,NO,1314
chr7,100874719,100876300,NO,1581
chr11,73729217,73730533,NO,1316
chr9,85768413,85781860,NO,13447
chr11,75945743,75947829,NO,2086
chr4,3828819,3830147,NO,1328
chr17,76730962,76733194,NO,2232
chr22,38198084,38199274,NO,1190
chr1,24345017,24348885,NO,3868
chr20,10774362,10776566,NO,2204
chr1,17853801,17859130,NO,5329
chr2,238973010,238978848,NO,5838
chr7,29229195,29231007,NO,1812
chr4,103932343,103933205,NO,862
chr10,30235632,30236939,NO,1307
chr22,32928010,32930447,NO,2437
chr10,129239405,129241378,NO,1973
chr1,27241596,27242952,NO,1356
chr9,90201949,90208251,NO,6302
chr21,43458818,43460616,NO,1798
chr1,19595690,19597408,NO,1718
chr19,58665606,58666549,NO,943
chr20,33113277,33115237,NO,1960
chr5,54893525,54897835,NO,4310
chr8,125585220,125587124,NO,1904
chr14,57523837,57527764,NO,3927
chr4,140834638,140843135,NO,8497
chr1,246747193,246748649,NO,1456
chr1,145542102,145543428,NO,1326
chrX,129065002,129066728,NO,1726
chr11,76095692,76102774,NO,7082
chr9,96056530,96058124,NO,1594
chr13,99473272,99481862,NO,8590
chr17,16346822,16349026,NO,2204
chr1,51779466,51780602,NO,1136
chr19,56096825,56098846,NO,2021
chr13,41013522,41027324,NO,13802
chr1,154913414,154915393,NO,1979
chr2,27958000,27959257,NO,1257
chr5,180634331,180645601,NO,11270
chr9,68408442,68409514,NO,1072
chr6,7201126,7202281,NO,1155
chr14,68712437,68715853,NO,3416
chr1,15742242,15743333,NO,1091
chr14,93601908,93618176,NO,16268
chr1,202827957,202834702,NO,6745
chr16,16243531,16244725,NO,1194
chr16,1738114,1740349,NO,2235
chr2,87641899,87644687,NO,2788
chr1,206896796,206897886,NO,1090
chr2,42981327,42983176,NO,1849
chr10,33419025,33423861,NO,4836
chr4,129307345,129308945,NO,1600
chr6,4084706,4089376,NO,4670
chr20,40321206,40322529,NO,1323
chr6,6748653,6759922,NO,11269
chr14,105670307,105672459,NO,2152
chr4,103541031,103542333,NO,1302
chr10,102129845,102131464,NO,1619
chr14,71630001,71633180,NO,3179
chr3,4867286,4868985,NO,1699
chr6,53412107,53413551,NO,1444
chrX,153956808,153963108,NO,6300
chr22,31646553,31650739,NO,4186
chr1,156630520,156631929,NO,1409
chr19,52190954,52192157,NO,1203
chr1,179059294,179061510,NO,2216
chr12,30670775,30672286,NO,1511
chr15,38364539,38366009,NO,1470
chr7,92347066,92348143,NO,1077
chr20,61424775,61425736,NO,961
chr10,69609210,69609957,NO,747
chr14,70178503,70180549,NO,2046
chr2,158694277,158697673,NO,3396
chr16,29188588,29190068,NO,1480
chr8,48265030,48266236,NO,1206
chr19,46079828,46081339,NO,1511
chr8,30504689,30506627,NO,1938
chr1,65467893,65469146,NO,1253
chr5,149970816,149975719,NO,4903
chr19,37266370,37267138,NO,768
chr18,42496848,42498482,NO,1634
chr1,156186099,156186693,NO,594
chr19,39918869,39921936,NO,3067
chr16,2917764,2918639,NO,875
chr22,20884787,20886511,NO,1724
chrX,54665748,54666772,NO,1024
chr1,216774111,216774907,NO,796
chr12,125498023,125499438,NO,1415
chr16,67030056,67031400,NO,1344
chr3,194871277,194875972,NO,4695
chr19,34625145,34625992,NO,847
chr14,95402869,95403757,NO,888
chr4,40577863,40580097,NO,2234
chr16,19708148,19710127,NO,1979
chr4,49104490,49111195,NO,6705
chr8,96690307,96691285,NO,978
chr4,187605437,187623319,NO,17882
chr17,79056452,79058522,NO,2070
chr8,75179336,75186966,NO,7630
chr3,14185326,14186719,NO,1393
chr15,58819342,58821332,NO,1990
chr8,145679101,145680333,NO,1232
chr13,30687835,30689618,NO,1783
chr6,46458443,46459760,NO,1317
chr1,56973771,56983038,NO,9267
chr5,171366446,171384955,NO,18509
chr15,86380483,86383933,NO,3450
chr1,32965675,32966755,NO,1080
chr14,68761530,68774804,NO,13274
chr1,109795892,109797087,NO,1195
chr7,151046514,151047616,NO,1102
chr18,55951946,55954881,NO,2935
chrX,53710302,53711172,NO,870
chr8,40031605,40032392,NO,787
chr21,38352638,38353481,NO,843
chr3,125931405,125932593,NO,1188
chr3,177307514,177326322,NO,18808
chr2,42359903,42360768,NO,865
chr14,89017558,89018721,NO,1163
chr11,130014659,130016741,NO,2082
chr6,137083765,137094904,NO,11139
chr1,203640962,203643075,NO,2113
chr1,245397480,245398926,NO,1446
chr5,171781411,171782464,NO,1053
chr12,131718725,131720697,NO,1972
chr2,238344907,238347378,NO,2471
chr16,75784370,75788912,NO,4542
chr3,149072487,149075559,NO,3072
chr2,42068087,42075178,NO,7091
chr7,26406736,26416771,NO,10035
chr17,80511391,80517381,NO,5990
chr8,2074838,2080726,NO,5888
chr20,31364854,31365767,NO,913
chr17,76712788,76714112,NO,1324
chr2,238869422,238871232,NO,1810
chr7,46247835,46256401,NO,8566
chr5,138897237,138906159,NO,8922
chr19,42925622,42927761,NO,2139
chr10,115465393,115472930,NO,7537
chr7,151516357,151519965,NO,3608
chr17,46128658,46131690,NO,3032
chr1,35331337,35332461,NO,1124
chr5,1315732,1317041,NO,1309
chr11,2582705,2584924,NO,2219
chr6,26195794,26197615,NO,1821
chr5,114787283,114796526,NO,9243
chr22,50249478,50250929,NO,1451
chr1,40842785,40850901,NO,8116
chr20,60694274,60695477,NO,1203
chr16,69430052,69432556,NO,2504
chr4,38178525,38179652,NO,1127
chr12,106667863,106669431,NO,1568
chr5,133328102,133332096,NO,3994
chr1,221888568,221890764,NO,2196
chr11,61768272,61769745,NO,1473
chr16,81591689,81593033,NO,1344
chr13,72438506,72439927,NO,1421
chr4,86747442,86749503,NO,2061
chr12,3141011,3142511,NO,1500
chr16,56930965,56932194,NO,1229
chr12,6403910,6405488,NO,1578
chr7,5340261,5346391,NO,6130
chr3,193878016,193879406,NO,1390
chr14,93342861,93346134,NO,3273
chr4,169936330,169937829,NO,1499
chr12,117249506,117257482,NO,7976
chr8,129188183,129190127,NO,1944
chr15,79242483,79244828,NO,2345
chr5,9409308,9410070,NO,762
chr2,178104950,178108255,NO,3305
chr20,30869923,30878112,NO,8189
chr13,110746009,110747917,NO,1908
chr15,20477441,20478431,NO,990
chr18,19664148,19668105,NO,3957
chr8,102138304,102139446,NO,1142
chr7,4191210,4192868,NO,1658
chr9,97733704,97734858,NO,1154
chr1,161581707,161583103,NO,1396
chr1,64446249,64449237,NO,2988
chr14,102990285,102991896,NO,1611
chr7,30671845,30675118,NO,3273
chr17,14100789,14110062,NO,9273
chr17,43545402,43546869,NO,1467
chr11,129148426,129149961,NO,1535
chr1,752698,753805,NO,1107
chr2,210073540,210074549,NO,1009
chr7,158823050,158824036,NO,986
chr19,2888784,2894141,NO,5357
chr8,38411209,38412247,NO,1038
chr1,23777929,23779466,NO,1537
chr15,64363492,64366141,NO,2649
chr12,27022823,27032195,NO,9372
chr1,92292534,92294716,NO,2182
chr1,168658805,168663473,NO,4668
chr22,39867551,39869359,NO,1808
chr17,26283417,26295934,NO,12517
chr11,3441695,3444157,NO,2462
chr6,108454735,108455707,NO,972
chr1,120279509,120281311,NO,1802
chr1,7070226,7073797,NO,3571
chr11,18855642,18856870,NO,1228
chr5,79476771,79482907,NO,6136
chr15,83418441,83419661,NO,1220
chr11,64913952,64918865,NO,4913
chr10,126688958,126690982,NO,2024
chr10,135462006,135462932,NO,926
chr5,14008946,14012158,NO,3212
chr11,1092735,1093606,NO,871
chr8,102449581,102451181,NO,1600
chr4,57931870,57945293,NO,13423
chr15,100572300,100574707,NO,2407
chr1,38495253,38497057,NO,1804
chr4,123073147,123074220,NO,1073
chr2,38334019,38341844,NO,7825
chr17,72227700,72228821,NO,1121
chr3,39137379,39139375,NO,1996
chr12,110368140,110371099,NO,2959
chr12,20124094,20125892,NO,1798
chr15,90858736,90859843,NO,1107
chr11,66485460,66486994,NO,1534
chr11,45775463,45777483,NO,2020
chr4,140216330,140217126,NO,796
chr2,46687273,46688616,NO,1343
chr2,2850166,2851630,NO,1464
chr19,6744101,6745113,NO,1012
chr2,28903483,28906705,NO,3222
chr11,72887010,72889170,NO,2160
chr7,129465257,129470464,NO,5207
chr3,87137865,87138902,NO,1037
chr21,37502353,37502884,NO,531
chr17,1654097,1656517,NO,2420
chr20,52518192,52533934,NO,15742
chr1,64471906,64473183,NO,1277
chr19,850141,851318,NO,1177
chr9,131369691,131370636,NO,945
chr7,75686305,75687838,NO,1533
chr9,134483326,134484776,NO,1450
chr17,47964459,47965585,NO,1126
chr1,27357672,27358819,NO,1147
chr13,113807333,113808240,NO,907
chr3,132268202,132275528,NO,7326
chr8,21867436,21868435,NO,999
chr10,1280948,1282890,NO,1942
chr1,15609645,15612288,NO,2643
chr10,134922820,134923859,NO,1039
chr2,27539709,27544094,NO,4385
chr20,49296410,49306474,NO,10064
chr7,73507561,73509263,NO,1702
chr11,78798409,78800133,NO,1724
chr8,48384696,48392333,NO,7637
chr8,103612874,103614302,NO,1428
chr12,53717910,53719408,NO,1498
chr17,76408826,76410064,NO,1238
chr6,149969224,149970170,NO,946
chr17,61752710,61753850,NO,1140
chr12,109568336,109569747,NO,1411
chr13,77903007,77904150,NO,1143
chr9,35833146,35834173,NO,1027
chr7,35685785,35687129,NO,1344
chr10,29823250,29825097,NO,1847
chr10,3761141,3762132,NO,991
chr16,71598297,71599656,NO,1359
chr1,39594826,39608750,NO,13924
chr1,59430368,59434485,NO,4117
chr2,230045428,230045893,NO,465
chr1,41574183,41575962,NO,1779
chr17,75301400,75303709,NO,2309
chr19,49362563,49363904,NO,1341
chr11,126455426,126456522,NO,1096
chr22,28838097,28839416,NO,1319
chr3,51572390,51573689,NO,1299
chr15,22896102,22908679,NO,12577
chr9,99448713,99449778,NO,1065
chr13,30969081,30970029,NO,948
chr11,62609407,62610297,NO,890
chr15,91208162,91209308,NO,1146
chr17,26672432,26674962,NO,2530
chr19,5046021,5047787,NO,1766
chr2,8259132,8266633,NO,7501
chr10,48483938,48485563,NO,1625
chr16,67555098,67555707,NO,609
chr19,12098396,12099825,NO,1429
chr6,139908629,139919126,NO,10497
chr13,76026879,76033479,NO,6600
chr9,137347565,137348878,NO,1313
chr7,74074965,74075731,NO,766
chr1,116918944,116922136,NO,3192
chr1,145091778,145092912,NO,1134
chr5,131600938,131602252,NO,1314
chr1,45125980,45128542,NO,2562
chr5,3311454,3324170,NO,12716
chr10,124067143,124070091,NO,2948
chr13,34250208,34253860,NO,3652
chr7,50682904,50689328,NO,6424
chr1,40166071,40167544,NO,1473
chr17,62810808,62812275,NO,1467
chrX,20379718,20381442,NO,1724
chr7,4173799,4174731,NO,932
chr1,204385418,204387129,NO,1711
chr1,207125100,207127730,NO,2630
chr10,115032762,115034336,NO,1574
chr12,68758472,68759533,NO,1061
chr6,111434695,111453129,NO,18434
chr6,26171844,26173083,NO,1239
chr15,99342681,99344897,NO,2216
chr2,10465539,10466891,NO,1352
chr1,182258264,182261029,NO,2765
chr7,25353360,25354602,NO,1242
chr1,120543810,120544315,NO,505
chr2,96192173,96193142,NO,969
chr1,183280009,183287624,NO,7615
chr19,10754559,10755690,NO,1131
chr3,156251697,156253480,NO,1783
chr15,93196674,93198264,NO,1590
chr10,3507623,3514844,NO,7221
chr1,11131025,11133073,NO,2048
chr3,194979731,194980898,NO,1167
chr13,110521612,110522670,NO,1058
chr2,112416565,112417897,NO,1332
chr10,103589633,103591276,NO,1643
chr20,56659313,56660701,NO,1388
chr1,8064100,8065423,NO,1323
chr12,92458247,92464629,NO,6382
chr15,69754596,69755868,NO,1272
chr16,88177297,88178388,NO,1091
chr1,62765582,62771449,NO,5867
chr21,37617333,37618916,NO,1583
chr8,19614531,19615642,NO,1111
chr7,27913004,27914692,NO,1688
chr1,222638516,222639400,NO,884
chr9,38436899,38438033,NO,1134
chr21,10157040,10164164,NO,7124
chr8,41685658,41686563,NO,905
chr11,35358493,35361959,NO,3466
chr10,62492451,62493498,NO,1047
chr10,11798973,11801080,NO,2107
chr3,195919014,195921489,NO,2475
chr19,36230524,36231499,NO,975
chr2,45501055,45502593,NO,1538
chr17,80486454,80494763,NO,8309
chr2,119974454,119976721,NO,2267
chr19,42254250,42255408,NO,1158
chr12,48146995,48147827,NO,832
chr12,45626393,45629901,NO,3508
chr6,27446515,27447497,NO,982
chr1,22851851,22853398,NO,1547
chr14,75083070,75085331,NO,2261
chr1,214280448,214281521,NO,1073
chr8,97590789,97604530,NO,13741
chr1,207985218,207985994,NO,776
chr15,40615194,40616751,NO,1557
chr5,14457662,14459796,NO,2134
chr18,6951236,6957275,NO,6039
chr19,17907209,17908399,NO,1190
chr5,95170495,95171803,NO,1308
chr15,39565566,39567828,NO,2262
chr15,41913232,41914305,NO,1073
chr12,3228653,3229985,NO,1332
chr17,76036840,76037602,NO,762
chr6,28104330,28105322,NO,992
chr6,6686874,6688032,NO,1158
chr6,154778675,154782276,NO,3601
chr11,123458544,123461436,NO,2892
chr17,8279588,8280571,NO,983
chr7,74509654,74510377,NO,723
chr2,65258475,65259938,NO,1463
chr15,58731618,58733492,NO,1874
chr19,47731440,47732357,NO,917
chr15,57769697,57771256,NO,1559
chr12,3314320,3315731,NO,1411
chr1,227975252,227976679,NO,1427
chr16,85334567,85335847,NO,1280
chr13,52569315,52570747,NO,1432
chr9,98188271,98189802,NO,1531
chr4,139941528,139950013,NO,8485
chr12,118563424,118564568,NO,1144
chr14,24550052,24551260,NO,1208
chr2,99391316,99392812,NO,1496
chr7,61080392,61080684,NO,292
chr17,25571506,25574587,NO,3081
chr11,57825562,57827695,NO,2133
chrX,139014541,139016020,NO,1479
chr17,3415431,3416868,NO,1437
chr6,131456209,131457228,NO,1019
chr3,71296365,71302379,NO,6014
chr9,682656,694952,NO,12296
chr3,11642267,11643546,NO,1279
chr2,171626705,171627976,NO,1271
chr2,64500992,64504339,NO,3347
chr20,45028185,45031589,NO,3404
chr10,123772670,123779557,NO,6887
chr3,124418423,124419366,NO,943
chr17,65577360,65579529,NO,2169
chr7,4681068,4682256,NO,1188
chr22,32057655,32058811,NO,1156
chr1,183250746,183251844,NO,1098
chr19,15306174,15307469,NO,1295
chr10,28591320,28592105,NO,785
chr10,45430434,45431610,NO,1176
chr19,47267713,47268706,NO,993
chr1,15747538,15748631,NO,1093
chr17,42852367,42853743,NO,1376
chr2,120304083,120311601,NO,7518
chr13,40779970,40781216,NO,1246
chr2,66722639,66735829,NO,13190
chr2,242242808,242249524,NO,6716
chr2,129105083,129106503,NO,1420
chr11,65543547,65544531,NO,984
chr2,237148226,237149717,NO,1491
chr18,20910587,20911880,NO,1293
chr2,239004979,239005942,NO,963
chr11,63948072,63949748,NO,1676
chr2,95872772,95873716,NO,944
chr6,144585557,144587793,NO,2236
chr15,75470001,75471866,NO,1865
chr1,149910799,149911727,NO,928
chr2,192327234,192332343,NO,5109
chr3,5059687,5068692,NO,9005
chr20,52482381,52486565,NO,4184
chr6,161838013,161839481,NO,1468
chr17,26132588,26135501,NO,2913
chr8,29079707,29088323,NO,8616
chr12,118122672,118125095,NO,2423
chr6,111912817,111926017,NO,13200
chr12,64474260,64483294,NO,9034
chr13,41805151,41811230,NO,6079
chr6,2853228,2854978,NO,1750
chr16,20685816,20687750,NO,1934
chr8,119115676,119122745,NO,7069
chr8,30111883,30115443,NO,3560
chr20,16404179,16405092,NO,913
chr17,63096132,63102789,NO,6657
chr1,33592503,33593682,NO,1179
chr2,201241324,201243272,NO,1948
chr5,8457378,8458330,NO,952
chr2,20621073,20622119,NO,1046
chr6,31153407,31154739,NO,1332
chr15,21967349,21968211,NO,862
chr12,12552180,12560037,NO,7857
chr8,145703340,145704582,NO,1242
chr3,66021529,66022933,NO,1404
chr17,76194639,76195981,NO,1342
chr15,57843278,57844578,NO,1300
chr1,54684605,54686138,NO,1533
chr6,34191355,34192500,NO,1145
chr19,11009304,11010441,NO,1137
chr15,64752444,64754352,NO,1908
chr17,38646244,38647112,NO,868
chr2,28884597,28887809,NO,3212
chr16,3762875,3763889,NO,1014
chr19,21786075,21788284,NO,2209
chr7,129588670,129589848,NO,1178
chr15,102067886,102069419,NO,1533
chr5,169948988,169950499,NO,1511
chr5,66299542,66300773,NO,1231
chr2,161077884,161083195,NO,5311
chr20,47600251,47602156,NO,1905
chr10,73605231,73606963,NO,1732
chr17,15280196,15281915,NO,1719
chr20,49344271,49346112,NO,1841
chr22,36519288,36520223,NO,935
chr12,111799278,111800590,NO,1312
chrX,24042778,24043468,NO,690
chr22,18574307,18575307,NO,1000
chr10,50618828,50627606,NO,8778
chr8,37451504,37456694,NO,5190
chr2,97328930,97331440,NO,2510
chr1,157934919,157936620,NO,1701
chr14,64579607,64580430,NO,823
chr6,14034554,14035626,NO,1072
chr1,224642150,224645172,NO,3022
chr7,51133703,51144239,NO,10536
chr4,77506937,77511018,NO,4081
chr19,11491288,11492012,NO,724
chr12,76371984,76384853,NO,12869
chr1,117705572,117724322,NO,18750
chr13,100150535,100151804,NO,1269
chr6,33538676,33539484,NO,808
chr15,78326889,78328010,NO,1121
chr5,16721521,16736362,NO,14841
chr1,45196078,45197135,NO,1057
chr21,44816387,44817751,NO,1364
chr7,47367226,47368648,NO,1422
chr12,125577289,125578380,NO,1091
chr12,58258748,58259651,NO,903
chr3,115502704,115503553,NO,849
chr4,190970310,190970978,NO,668
chr17,37309654,37310794,NO,1140
chr11,118560154,118561424,NO,1270
chr11,95828855,95832133,NO,3278
chr9,84164608,84174090,NO,9482
chr10,73506023,73507322,NO,1299
chr21,35210457,35217238,NO,6781
chr6,35455624,35458033,NO,2409
chr11,67380939,67382403,NO,1464
chr10,46951287,46952119,NO,832
chr14,104637543,104638818,NO,1275
chr17,46231644,46240984,NO,9340
chr10,70358915,70360474,NO,1559
chr4,2931836,2933040,NO,1204
chr12,4378793,4380672,NO,1879
chr8,134700478,134703059,NO,2581
chr16,30751770,30753363,NO,1593
chr14,23884778,23885588,NO,810
chr4,8146058,8147526,NO,1468
chr2,61886872,61899448,NO,12576
chr11,96040555,96048212,NO,7657
chr19,50372917,50373787,NO,870
chr6,152594851,152600173,NO,5322
chr3,48693628,48694665,NO,1037
chr7,71616516,71618803,NO,2287
chr1,183774026,183774878,NO,852
chr1,112050296,112051060,NO,764
chr10,80786744,80788201,NO,1457
chr7,29415066,29416450,NO,1384
chr4,7162123,7164007,NO,1884
chr17,32578990,32580196,NO,1206
chr19,22610574,22611714,NO,1140
chr21,16510756,16514167,NO,3411
chr8,74226618,74227757,NO,1139
chr10,132888944,132897139,NO,8195
chr17,57500074,57501482,NO,1408
chr16,73089126,73090822,NO,1696
chr7,44185945,44187599,NO,1654
chr10,13570051,13571802,NO,1751
chr10,73487151,73489461,NO,2310
chr1,153714505,153716774,NO,2269
chr8,81490176,81491455,NO,1279
chr1,42241882,42243391,NO,1509
chr5,1930890,1931971,NO,1081
chr18,9672747,9674249,NO,1502
chr13,52188508,52207460,NO,18952
chr9,94660788,94664926,NO,4138
chr17,1686390,1687807,NO,1417
chr13,98918332,98920071,NO,1739
chr16,27375174,27376389,NO,1215
chr16,4010503,4011797,NO,1294
chr12,2873783,2875181,NO,1398
chr3,45155243,45162640,NO,7397
chr3,196358880,196360154,NO,1274
chr7,98970061,98971089,NO,1028
chr20,44047593,44048896,NO,1303
chr16,3059532,3060501,NO,969
chr10,75384989,75386242,NO,1253
chr11,10952325,10953672,NO,1347
chr1,200271152,200272239,NO,1087
chr1,940177,941403,NO,1226
chr16,11389918,11392001,NO,2083
chr12,66275471,66276447,NO,976
chr2,89127531,89128284,NO,753
chr9,127420425,127421942,NO,1517
chr4,1941044,1942839,NO,1795
chr7,148637869,148638435,NO,566
chr6,43057696,43064970,NO,7274
chr7,139431584,139436267,NO,4683
chr1,198127783,198128633,NO,850
chr16,72075925,72077384,NO,1459
chr9,88741377,88742712,NO,1335
chr10,123250625,123255272,NO,4647
chr14,103540764,103542054,NO,1290
chr14,100198515,100199453,NO,938
chr18,19576500,19582212,NO,5712
chr11,64215839,64216881,NO,1042
chr12,33030770,33031552,NO,782
chr20,61531502,61532322,NO,820
chr2,24528167,24541229,NO,13062
chr20,19926433,19928985,NO,2552
chr6,157881638,157882925,NO,1287
chr10,13344036,13344523,NO,487
chr6,13873657,13874493,NO,836
chr2,20395926,20396942,NO,1016
chr12,110260232,110261406,NO,1174
chr9,14199084,14213709,NO,14625
chr1,109934686,109935923,NO,1237
chr16,70623865,70625890,NO,2025
chr15,93925571,93926775,NO,1204
chr11,8891990,8892969,NO,979
chr9,104204596,104211908,NO,7312
chr17,16189412,16190586,NO,1174
chr5,140907820,140909232,NO,1412
chr19,13972215,13973177,NO,962
chr10,45297618,45301895,NO,4277
chr6,6920396,6921736,NO,1340
chr17,75466879,75467969,NO,1090
chr5,34480010,34488264,NO,8254
chr2,238607031,238610210,NO,3179
chr11,133920503,133921094,NO,591
chr5,79525742,79543567,NO,17825
chr2,101396716,101398557,NO,1841
chr8,144650523,144652115,NO,1592
chr7,150085518,150086744,NO,1226
chr20,34709361,34710481,NO,1120
chr19,29087672,29089048,NO,1376
chr16,56718481,56720018,NO,1537
chr1,223297089,223307597,NO,10508
chr12,112195128,112196738,NO,1610
chr4,153856825,153858183,NO,1358
chr19,8590093,8591501,NO,1408
chr16,30645152,30646215,NO,1063
chr5,125706299,125707504,NO,1205
chr1,204434764,204436297,NO,1533
chr5,179189170,179193812,NO,4642
chr11,116563182,116564403,NO,1221
chr11,61393920,61394828,NO,908
chr11,8860902,8862420,NO,1518
chr5,310468,311725,NO,1257
chr1,15789134,15790239,NO,1105
chr19,16473581,16474590,NO,1009
chr19,30335396,30336506,NO,1110
chr10,123753773,123755324,NO,1551
chr12,11965431,11966523,NO,1092
chr11,6627694,6628403,NO,709
chr12,96650140,96652628,NO,2488
chr19,3687563,3688596,NO,1033
chr6,108322908,108324602,NO,1694
chr15,100466237,100469189,NO,2952
chr17,43098388,43099484,NO,1096
chr14,104616702,104618668,NO,1966
chr1,228350391,228351510,NO,1119
chr1,156821752,156822393,NO,641
chr4,185023932,185026185,NO,2253
chr18,8799956,8806779,NO,6823
chr14,74078958,74079744,NO,786
chr1,148934329,148935334,NO,1005
chr8,129518869,129526934,NO,8065
chr1,3376342,3377475,NO,1133
chr15,67094888,67096181,NO,1293
chr5,40681583,40682404,NO,821
chr7,139913596,139914787,NO,1191
chr18,42459881,42477430,NO,17549
chr19,42603218,42604244,NO,1026
chr6,144066141,144067933,NO,1792
chr9,744916,746336,NO,1420
chr18,20003224,20013371,NO,10147
chr5,139537169,139545932,NO,8763
chr18,46894930,46895953,NO,1023
chr15,61209641,61211689,NO,2048
chr1,145277059,145277638,NO,579
chr22,29628184,29628795,NO,611
chr6,29617468,29617995,NO,527
chr1,91852745,91853184,NO,439
chr2,130634872,130635833,NO,961
chr10,88963226,88964075,NO,849
chr17,7825946,7826870,NO,924
chr19,56194750,56196130,NO,1380
chr3,183165006,183165877,NO,871
chr2,202015542,202022819,NO,7277
chr3,52380264,52381869,NO,1605
chr1,28640227,28642100,NO,1873
chr6,149775065,149776742,NO,1677
chr15,102285620,102286492,NO,872
chr12,94135597,94136868,NO,1271
chr17,79259368,79260132,NO,764
chr7,73794843,73802432,NO,7589
chr16,1659968,1660749,NO,781
chr1,236464373,236465220,NO,847
chr15,59587797,59603369,NO,15572
chr3,186694652,186695581,NO,929
chr18,48973320,48974686,NO,1366
chr17,62961811,62962484,NO,673
chr19,10722780,10723829,NO,1049
chr4,129556184,129561397,NO,5213
chr6,33047918,33049515,NO,1597
chr12,93520975,93522578,NO,1603
chr19,13841444,13842862,NO,1418
chr22,46436323,46437346,NO,1023
chr4,77221199,77223666,NO,2467
chr1,15141381,15142676,NO,1295
chr13,41567151,41568855,NO,1704
chr3,194304366,194305236,NO,870
chr8,80802996,80804424,NO,1428
chr13,99155998,99159822,NO,3824
chr17,66016122,66016805,NO,683
chr6,86575011,86577114,NO,2103
chr6,42085718,42086602,NO,884
chr8,33421038,33423439,NO,2401
chr3,42220766,42226794,NO,6028
chr10,12095559,12096547,NO,988
chr2,280685,281760,NO,1075
chr10,116186500,116191380,NO,4880
chr3,45208412,45209408,NO,996
chr5,176520993,176522430,NO,1437
chr6,39021988,39023123,NO,1135
chr10,3168544,3169795,NO,1251
chr6,6969029,6970840,NO,1811
chr5,179468487,179476411,NO,7924
chr12,49208579,49209303,NO,724
chrX,23808040,23815670,NO,7630
chr1,3447189,3448743,NO,1554
chr17,48517342,48518526,NO,1184
chr11,118064619,118066441,NO,1822
chr1,204346061,204347460,NO,1399
chr17,26648611,26651861,NO,3250
chr3,44551684,44552667,NO,983
chr4,105415837,105421906,NO,6069
chr8,94944523,94948952,NO,4429
chr15,42184110,42185553,NO,1443
chr16,3054663,3055278,NO,615
chr5,114504993,114506070,NO,1077
chr1,236495423,236496634,NO,1211
chr1,150483959,150488537,NO,4578
chr6,6811060,6821415,NO,10355
chr1,84326194,84326975,NO,781
chr8,141607262,141609307,NO,2045
chr11,121566606,121568248,NO,1642
chr1,228502834,228503811,NO,977
chr16,85707311,85708339,NO,1028
chr12,104168814,104174119,NO,5305
chr4,7036086,7037116,NO,1030
chr22,38792760,38793605,NO,845
chr1,1354185,1354740,NO,555
chr10,134444322,134445337,NO,1015
chr20,59628000,59629765,NO,1765
chr20,62958561,62959357,NO,796
chr3,43219937,43221512,NO,1575
chr22,23933341,23934512,NO,1171
chr3,49523091,49524837,NO,1746
chr9,2426715,2428252,NO,1537
chr11,15662802,15672421,NO,9619
chr9,98247830,98249579,NO,1749
chr12,8043133,8044272,NO,1139
chr1,94712682,94713673,NO,991
chr9,107730544,107731267,NO,723
chr1,146708134,146709539,NO,1405
chr17,40094095,40095241,NO,1146
chr4,77532567,77545660,NO,13093
chrX,283838,284723,NO,885
chr3,193452327,193462013,NO,9686
chr12,131912921,131914550,NO,1629
chr4,186658921,186662145,NO,3224
chr14,101115193,101119122,NO,3929
chr14,76168465,76184650,NO,16185
chr3,47484195,47485550,NO,1355
chr13,30070487,30071673,NO,1186
chr19,45796931,45798386,NO,1455
chr17,78806310,78807549,NO,1239
chr12,117846005,117847035,NO,1030
chr1,38405552,38406700,NO,1148
chr3,123751457,123752700,NO,1243
chr12,124937550,124938656,NO,1106
chr6,30691118,30691869,NO,751
chr19,46803828,46804860,NO,1032
chr12,117568163,117569349,NO,1186
chr5,123624820,123625947,NO,1127
chr19,34849786,34850907,NO,1121
chr6,143857586,143858761,NO,1175
chr22,25544073,25545415,NO,1342
chr19,1657343,1658625,NO,1282
chr15,95387823,95398943,NO,11120
chr19,58816613,58817116,NO,503
chr18,77218100,77219366,NO,1266
chr17,80644321,80645765,NO,1444
chr14,104688714,104689411,NO,697
chr5,847529,848028,NO,499
chrX,40869124,40870083,NO,959
chr2,11269657,11270650,NO,993
chr22,27816407,27817656,NO,1249
chr8,26306136,26307572,NO,1436
chr1,153669721,153670760,NO,1039
chr7,92324693,92328187,NO,3494
chr2,25595871,25596972,NO,1101
chr12,101439413,101446195,NO,6782
chr10,86175259,86176015,NO,756
chr9,131316670,131321797,NO,5127
chr12,3091097,3092328,NO,1231
chr13,21871984,21882004,NO,10020
chr8,13133215,13134397,NO,1182
chr12,122110737,122111492,NO,755
chr6,157204589,157208511,NO,3922
chr12,58158108,58159329,NO,1221
chr9,140163345,140164436,NO,1091
chr8,1949276,1950200,NO,924
chr13,24553601,24554402,NO,801
chr19,11959008,11960092,NO,1084
chr2,28817264,28817906,NO,642
chr7,127724847,127725910,NO,1063
chr19,13896149,13899014,NO,2865
chr19,50650810,50651599,NO,789
chr12,52348801,52353417,NO,4616
chr5,159491233,159492809,NO,1576
chr19,39281671,39282699,NO,1028
chr3,71707332,71708432,NO,1100
chr19,39261299,39262327,NO,1028
chr13,24648781,24650927,NO,2146
chr9,130256325,130258058,NO,1733
chr1,144007982,144009139,NO,1157
chr1,201449231,201450500,NO,1269
chr17,62192273,62193342,NO,1069
chr9,112951023,112955589,NO,4566
chr1,793723,794444,NO,721
chr3,39166841,39168197,NO,1356
chr8,103697682,103698682,NO,1000
chrX,48748420,48749560,NO,1140
chr8,131028122,131029326,NO,1204
chr10,102241571,102242831,NO,1260
chr1,161500191,161500924,NO,733
chr7,131935485,131936741,NO,1256
chr1,47657373,47658737,NO,1364
chr15,99494665,99495945,NO,1280
chr22,29698474,29699734,NO,1260
chr11,702632,703650,NO,1018
chr14,21280039,21281529,NO,1490
chr13,23422931,23423589,NO,658
chr9,33923588,33924620,NO,1032
chr2,101540943,101542102,NO,1159
chr2,27668009,27669311,NO,1302
chr4,1359492,1363126,NO,3634
chrX,53467456,53469063,NO,1607
chr13,114629807,114631457,NO,1650
chr4,5957831,5959187,NO,1356
chr11,74407664,74408930,NO,1266
chr1,23043104,23044321,NO,1217
chr3,107243566,107244399,NO,833
chr3,139554409,139556013,NO,1604
chr9,34502297,34503379,NO,1082
chr3,17054192,17056497,NO,2305
chr11,48012471,48013459,NO,988
chr15,72447360,72448546,NO,1186
chr19,55623961,55625095,NO,1134
chr4,72089332,72096932,NO,7600
chr5,95428976,95449500,NO,20524
chr22,19856434,19857271,NO,837
chr1,120342056,120343277,NO,1221
chr11,102138653,102147973,NO,9320
chr2,48338548,48339501,NO,953
chr2,25517357,25518429,NO,1072
chr6,166879135,166880289,NO,1154
chr13,110790225,110791406,NO,1181
chr16,73104945,73105928,NO,983
chr6,47427438,47428259,NO,821
chr17,58107836,58108976,NO,1140
chr11,124616175,124617609,NO,1434
chr2,174868343,174878298,NO,9955
chr17,11522033,11523228,NO,1195
chr22,33935823,33936988,NO,1165
chr14,70464793,70466118,NO,1325
chr3,120274514,120278462,NO,3948
chr3,14242637,14246564,NO,3927
chr14,102782832,102783926,NO,1094
chr8,42450534,42451945,NO,1411
chr6,158375076,158376260,NO,1184
chr1,247373596,247374257,NO,661
chr4,1075915,1076997,NO,1082
chr7,70158651,70160049,NO,1398
chr2,88315975,88316957,NO,982
chr15,91499957,91500786,NO,829
chr3,64172478,64173887,NO,1409
chr17,25782675,25783777,NO,1102
chr10,97173823,97175592,NO,1769
chr1,32253846,32254740,NO,894
chr1,8372594,8373457,NO,863
chr1,40198191,40199748,NO,1557
chr19,10206424,10207386,NO,962
chr15,83349257,83349965,NO,708
chr14,23448150,23449947,NO,1797
chr20,41200920,41206623,NO,5703
chr18,45529519,45530852,NO,1333
chr2,86930950,86932189,NO,1239
chr9,107572803,107573758,NO,955
chr3,43384010,43387663,NO,3653
chr10,71218249,71220436,NO,2187
chr18,76302510,76303392,NO,882
chr11,46140965,46141793,NO,828
chr9,135089160,135090199,NO,1039
chr7,65508771,65509435,NO,664
chr6,44040353,44041141,NO,788
chr10,71135096,71135823,NO,727
chr22,29396669,29401310,NO,4641
chr3,23851812,23852616,NO,804
chr19,8066015,8067776,NO,1761
chr19,49893586,49894601,NO,1015
chr3,8485071,8486241,NO,1170
chr6,158184014,158185342,NO,1328
chr3,53106541,53107467,NO,926
chr3,160787202,160788699,NO,1497
chr4,7853979,7855271,NO,1292
chr21,27433052,27434511,NO,1459
chr16,9458376,9460247,NO,1871
chr10,111981353,111982061,NO,708
chr16,87421304,87423168,NO,1864
chr11,469499,470459,NO,960
chr2,29621396,29628565,NO,7169
chr8,81639352,81642344,NO,2992
chr1,2954617,2955459,NO,842
chr9,42415987,42416116,NO,129
chr1,21754429,21755242,NO,813
chr17,66487757,66488773,NO,1016
chrX,118636898,118638114,NO,1216
chr2,235788382,235789943,NO,1561
chr16,11085268,11086674,NO,1406
chr15,74242974,74244378,NO,1404
chr7,90224924,90226077,NO,1153
chr8,118958548,118959257,NO,709
chr2,101440256,101442579,NO,2323
chr16,88754241,88755254,NO,1013
chr11,65313366,65314265,NO,899
chr4,187490936,187492743,NO,1807
chr15,68206940,68208485,NO,1545
chr16,2617162,2619318,NO,2156
chr11,707987,708885,NO,898
chr1,113797010,113798966,NO,1956
chr1,172419274,172420407,NO,1133
chr11,112483303,112485788,NO,2485
chr4,2483682,2486933,NO,3251
chr15,64261819,64263197,NO,1378
chr7,90348587,90352969,NO,4382
chr14,77042817,77050819,NO,8002
chrX,149533392,149534554,NO,1162
chr4,154407621,154409149,NO,1528
chr1,62751405,62753023,NO,1618
chr1,3339466,3340276,NO,810
chr12,31380571,31382543,NO,1972
chr5,173316771,173317876,NO,1105
chr3,169001796,169005177,NO,3381
chr9,112107364,112108253,NO,889
chr16,51437180,51443534,NO,6354
chr10,31422773,31423777,NO,1004
chr13,74709784,74710557,NO,773
chr8,637342,638314,NO,972
chr2,99420456,99423091,NO,2635
chr3,37710132,37711121,NO,989
chr1,16212574,16213737,NO,1163
chr12,54052569,54054286,NO,1717
chr17,53315318,53316586,NO,1268
chr8,129551844,129553285,NO,1441
chr16,20359462,20360645,NO,1183
chr11,63852329,63853562,NO,1233
chr3,115376996,115378016,NO,1020
chr7,150948344,150949649,NO,1305
chr1,8577909,8586084,NO,8175
chr2,102843837,102844608,NO,771
chr22,39359325,39360156,NO,831
chr17,58192262,58193312,NO,1050
chr6,52416461,52417416,NO,955
chr2,478932,479897,NO,965
chr10,61667705,61668544,NO,839
chr9,45355911,45357214,NO,1303
chr19,7176800,7180261,NO,3461
chr18,8730059,8733278,NO,3219
chr7,112088238,112089376,NO,1138
chr7,149551631,149553246,NO,1615
chr8,96079324,96082504,NO,3180
chr2,88966075,88966940,NO,865
chr11,119777243,119778568,NO,1325
chr20,5762716,5768403,NO,5687
chr19,58520700,58521602,NO,902
chr16,14797175,14797777,NO,602
chr16,14836297,14836899,NO,602
chr3,195408410,195410349,NO,1939
chr5,35185814,35198398,NO,12584
chr1,118321208,118321558,NO,350
chr17,3657755,3658934,NO,1179
chr17,31263652,31264667,NO,1015
chr13,58207843,58208799,NO,956
chr11,6566478,6578400,NO,11922
chr16,4729568,4730742,NO,1174
chr19,35949880,35951345,NO,1465
chr3,171926865,171927955,NO,1090
chr15,71122198,71126878,NO,4680
chr5,77800447,77806640,NO,6193
chr3,195692686,195694511,NO,1825
chr1,154849395,154850081,NO,686
chr5,95055696,95064104,NO,8408
chr5,71228679,71229308,NO,629
chr4,90214532,90220870,NO,6338
chr13,32828258,32841502,NO,13244
chr9,2242047,2242864,NO,817
chr10,116004743,116006883,NO,2140
chr12,7095852,7096988,NO,1136
chr15,92169967,92171562,NO,1595
chr2,1719266,1720867,NO,1601
chr21,42897828,42908399,NO,10571
chr14,34528920,34530115,NO,1195
chr1,41831008,41832188,NO,1180
chr3,141030269,141031175,NO,906
chr16,3054113,3054611,NO,498
chr7,130584615,130586864,NO,2249
chr6,39890949,39891810,NO,861
chr5,74231049,74250295,NO,19246
chr12,123753582,123754747,NO,1165
chr17,18315180,18315659,NO,479
chr7,6489292,6490570,NO,1278
chr8,2104020,2114139,NO,10119
chr7,47293356,47294149,NO,793
chr1,54447146,54448649,NO,1503
chr9,66971106,66971384,NO,278
chr2,1820510,1821487,NO,977
chr9,135644679,135645721,NO,1042
chr15,56536548,56537590,NO,1042
chr9,101629022,101630124,NO,1102
chr6,34985005,34986009,NO,1004
chr1,110201958,110203211,NO,1253
chr12,130738405,130739833,NO,1428
chr1,149679502,149680277,NO,775
chr16,85568639,85569777,NO,1138
chr1,230076926,230078981,NO,2055
chr1,29101493,29102411,NO,918
chr19,22034350,22035358,NO,1008
chr11,1691703,1696061,NO,4358
chr13,101196970,101197850,NO,880
chr1,232755979,232766634,NO,10655
chr17,75319674,75321815,NO,2141
chr2,242194588,242195858,NO,1270
chr1,27110340,27111368,NO,1028
chr12,110301768,110303203,NO,1435
chr17,80109912,80111097,NO,1185
chr2,27928751,27929694,NO,943
chr1,9405343,9406928,NO,1585
chr17,20492573,20493178,NO,605
chr20,47299026,47300048,NO,1022
chr6,16320098,16321066,NO,968
chr2,173238822,173241151,NO,2329
chr2,241366125,241367255,NO,1130
chr7,128740401,128743589,NO,3188
chr2,55450510,55451025,NO,515
chr11,67399396,67400574,NO,1178
chr1,201500474,201501500,NO,1026
chr6,154869519,154876138,NO,6619
chr15,91575391,91576389,NO,998
chr8,145847412,145848513,NO,1101
chr2,7932057,7932859,NO,802
chr1,24428493,24429984,NO,1491
chr6,56708011,56709153,NO,1142
chr1,153095139,153095957,NO,818
chr8,97536446,97537828,NO,1382
chr4,141015797,141020060,NO,4263
chr12,65018942,65019876,NO,934
chr2,46118447,46120422,NO,1975
chr17,76785245,76786120,NO,875
chr16,3055755,3056425,NO,670
chr19,2968450,2969616,NO,1166
chr16,66933901,66934530,NO,629
chr13,24454344,24455431,NO,1087
chr1,1372630,1373808,NO,1178
chr19,3459297,3460209,NO,912
chr21,40756886,40757673,NO,787
chr8,98076889,98078557,NO,1668
chr12,7175669,7176986,NO,1317
chr22,46463221,46463983,NO,762
chr22,24255405,24256246,NO,841
chr21,28215403,28216213,NO,810
chr14,24475780,24476736,NO,956
chr5,32303336,32308721,NO,5385
chr16,57927224,57928754,NO,1530
chr2,192746647,192747011,NO,364
chr1,27478853,27479896,NO,1043
chr7,98990065,98991487,NO,1422
chr7,101525738,101526355,NO,617
chr20,22385017,22393084,NO,8067
chr5,114892918,114894104,NO,1186
chr12,125322512,125323331,NO,819
chr6,24360059,24360934,NO,875
chr13,42614046,42615109,NO,1063
chr8,101920392,101921335,NO,943
chr22,46490092,46491172,NO,1080
chr1,224180079,224180938,NO,859
chr19,41873508,41879963,NO,6455
chr14,23855128,23855827,NO,699
chr18,34879292,34880213,NO,921
chr1,56942954,56943737,NO,783
chr7,127806632,127807549,NO,917
chr2,90482017,90482462,NO,445
chr4,141557068,141563153,NO,6085
chr10,7738063,7740159,NO,2096
chr1,68215155,68216231,NO,1076
chr22,31686378,31686815,NO,437
chr9,140415260,140416428,NO,1168
chr3,45129876,45131100,NO,1224
chr20,2748571,2749592,NO,1021
chr21,45177561,45178555,NO,994
chr12,107038454,107039888,NO,1434
chr1,178506090,178506757,NO,667
chr17,33894720,33895577,NO,857
chr17,20435414,20435893,NO,479
chr7,75240810,75241648,NO,838
chr13,28186352,28192799,NO,6447
chrX,115004518,115009398,NO,4880
chr6,44124251,44125127,NO,876
chr3,69136192,69143616,NO,7424
chr18,42376452,42383368,NO,6916
chr10,128811338,128812338,NO,1000
chr11,12846105,12851000,NO,4895
chr19,17585909,17587125,NO,1216
chr21,15399497,15400296,NO,799
chr1,8180496,8182003,NO,1507
chr2,208791041,208795974,NO,4933
chr10,52266548,52268580,NO,2032
chr1,199945775,199948464,NO,2689
chr14,70124544,70125820,NO,1276
chr4,184538527,184540809,NO,2282
chr2,42569239,42570331,NO,1092
chr1,110757381,110763501,NO,6120
chr10,73136715,73137292,NO,577
chr10,77533040,77537536,NO,4496
chr4,38320455,38322122,NO,1667
chr11,66821685,66822571,NO,886
chr1,32180321,32181314,NO,993
chr1,179555282,179556087,NO,805
chr15,31555863,31556894,NO,1031
chr11,14402452,14403233,NO,781
chrX,2319843,2320633,NO,790
chr16,84985747,84986703,NO,956
chr19,1857017,1858153,NO,1136
chrX,119619634,119620388,NO,754
chr2,20379405,20380216,NO,811
chr4,26453698,26455283,NO,1585
chr9,33044178,33044755,NO,577
chr6,157846656,157849424,NO,2768
chr2,87623684,87624030,NO,346
chr7,36027582,36029163,NO,1581
chr6,126101711,126102393,NO,682
chr1,46982730,46988332,NO,5602
chr1,15696959,15697828,NO,869
chr1,15777733,15779204,NO,1471
chr2,112134084,112135448,NO,1364
chr12,110477048,110486365,NO,9317
chr7,140116352,140117919,NO,1567
chr2,203210970,203211134,NO,164
chr15,86250061,86251954,NO,1893
chr10,5189159,5190453,NO,1294
chr2,128990413,128991305,NO,892
chr14,73928214,73929527,NO,1313
chr19,49216952,49218322,NO,1370
chr10,12371344,12376220,NO,4876
chr11,128376807,128377768,NO,961
chr5,172086552,172087477,NO,925
chr16,30411359,30412307,NO,948
chr16,2681082,2683031,NO,1949
chr1,230366067,230367890,NO,1823
chr11,72532705,72533852,NO,1147
chr12,6872837,6873579,NO,742
chr2,161263605,161264420,NO,815
chr17,26824041,26825076,NO,1035
chr12,47549336,47558879,NO,9543
chr17,55739842,55740569,NO,727
chr19,40314860,40316149,NO,1289
chr2,179278096,179278838,NO,742
chr2,232505513,232508148,NO,2635
chr11,726074,727143,NO,1069
chr12,104193988,104194697,NO,709
chr19,8219424,8220304,NO,880
chr1,156261065,156261901,NO,836
chr4,186950274,186951634,NO,1360
chr16,56404528,56405643,NO,1115
chr14,23530500,23532020,NO,1520
chr9,139983747,139984540,NO,793
chr13,114427757,114429804,NO,2047
chr6,30893117,30894544,NO,1427
chr1,16029399,16030606,NO,1207
chr12,15087639,15088911,NO,1272
chr5,140937161,140940057,NO,2896
chr22,22171290,22171869,NO,579
chr10,109674276,109675239,NO,963
chr2,208631452,208632490,NO,1038
chr17,73574530,73575343,NO,813
chr10,97026016,97033328,NO,7312
chr1,19611959,19612909,NO,950
chr15,40712342,40713384,NO,1042
chr4,152245980,152247017,NO,1037
chr8,13016266,13017394,NO,1128
chr19,16844410,16845551,NO,1141
chr17,73818120,73818790,NO,670
chr6,42013241,42014219,NO,978
chr7,643564,644774,NO,1210
chr16,25042985,25043655,NO,670
chr14,94860488,94862839,NO,2351
chr11,47488378,47489225,NO,847
chr18,10725777,10726632,NO,855
chr3,117116539,117117632,NO,1093
chr20,4115702,4117632,NO,1930
chr10,24527414,24529971,NO,2557
chr15,68627094,68628356,NO,1262
chr2,85818776,85820780,NO,2004
chr2,118870273,118881288,NO,11015
chr8,135696955,135698516,NO,1561
chr19,10632170,10632976,NO,806
chr1,172717336,172717835,NO,499
chr13,107570006,107572444,NO,2438
chr5,14035992,14037481,NO,1489
chr22,23620851,23621927,NO,1076
chr22,27884449,27885227,NO,778
chr15,90943693,90944499,NO,806
chr10,132732302,132733228,NO,926
chr15,85361897,85363021,NO,1124
chr5,140892777,140893698,NO,921
chr18,20046693,20051379,NO,4686
chr13,114865732,114866650,NO,918
chr12,52208199,52214449,NO,6250
chr9,14251502,14252009,NO,507
chr10,112578255,112580399,NO,2144
chr3,148450772,148457777,NO,7005
chr3,171051951,171057665,NO,5714
chr1,81970497,81971432,NO,935
chr14,94525287,94533038,NO,7751
chr10,5545580,5546930,NO,1350
chr14,64662441,64664108,NO,1667
chr10,91110866,91112450,NO,1584
chr10,12306408,12308058,NO,1650
chr18,59400281,59404015,NO,3734
chr14,91224782,91225295,NO,513
chr2,9458638,9459664,NO,1026
chr1,110627116,110630016,NO,2900
chr1,211688379,211689293,NO,914
chr1,78504905,78509541,NO,4636
chr6,128832284,128837560,NO,5276
chr12,125139296,125140337,NO,1041
chr10,3149075,3150587,NO,1512
chr15,43414774,43419880,NO,5106
chr7,101875580,101876437,NO,857
chr8,21766209,21767295,NO,1086
chr1,149293958,149294701,NO,743
chr15,90223639,90224779,NO,1140
chr2,586144,587851,NO,1707
chr19,34294760,34295839,NO,1079
chr16,88050391,88051655,NO,1264
chr17,46619183,46619867,NO,684
chr13,26760171,26760826,NO,655
chr3,47427127,47436689,NO,9562
chr5,176543550,176544022,NO,472
chr10,28615161,28616155,NO,994
chr11,579807,580715,NO,908
chr1,32135021,32135724,NO,703
chr20,46402019,46403413,NO,1394
chr18,3256826,3257682,NO,856
chr7,139411962,139414285,NO,2323
chr4,2869807,2871175,NO,1368
chr17,65413390,65418766,NO,5376
chr19,44711614,44712109,NO,495
chr2,127648870,127649671,NO,801
chr2,242156731,242157343,NO,612
chr12,30975296,30976261,NO,965
chr12,679691,680896,NO,1205
chr6,139855191,139858874,NO,3683
chr12,50926142,50927381,NO,1239
chr8,129566265,129569295,NO,3030
chr2,46635670,46636917,NO,1247
chr16,2131924,2132942,NO,1018
chr12,93413625,93414831,NO,1206
chr11,6496920,6498060,NO,1140
chr9,116719602,116721214,NO,1612
chr10,73526418,73527312,NO,894
chr7,150969343,150970065,NO,722
chr1,41982053,41983514,NO,1461
chr6,120583385,120583667,NO,282
chr13,97991354,97992382,NO,1028
chr4,186571849,186573797,NO,1948
chr20,49406550,49407807,NO,1257
chr12,67462699,67463850,NO,1151
chr12,50262442,50263782,NO,1340
chr2,129513341,129514382,NO,1041
chr17,75937955,75939225,NO,1270
chr1,231528521,231531811,NO,3290
chr2,26706380,26707658,NO,1278
chr1,244255107,244259101,NO,3994
chr8,58768044,58774010,NO,5966
chr21,36258201,36259268,NO,1067
chr15,41860203,41861360,NO,1157
chr20,39631497,39632744,NO,1247
chr17,4347867,4348413,NO,546
chr14,83159228,83159644,NO,416
chr5,43064608,43065272,NO,664
chrX,52925761,52926253,NO,492
chr3,73520594,73524109,NO,3515
chr3,141378595,141379427,NO,832
chr18,14450253,14458708,NO,8455
chr7,2611719,2612252,NO,533
chr7,90395843,90396522,NO,679
chr13,114961591,114962297,NO,706
chr8,99394534,99395454,NO,920
chr5,67691624,67693608,NO,1984
chr1,152382609,152383302,NO,693
chr11,19798204,19799648,NO,1444
chr15,34726078,34727268,NO,1190
chr4,25971746,25972864,NO,1118
chr20,24899331,24911760,NO,12429
chr1,228996207,228997426,NO,1219
chr21,40159189,40160603,NO,1414
chr4,83700318,83702836,NO,2518
chr10,30046316,30047815,NO,1499
chr6,164506128,164507331,NO,1203
chr9,100465830,100467268,NO,1438
chr15,75448605,75449780,NO,1175
chr1,182112915,182113828,NO,913
chr4,3386347,3386836,NO,489
chr3,194650047,194652510,NO,2463
chr2,23745658,23747396,NO,1738
chr16,1347440,1349583,NO,2143
chr1,86041931,86042756,NO,825
chr12,50356252,50357488,NO,1236
chr10,24607198,24608077,NO,879
chr6,43214306,43214987,NO,681
chr20,49240708,49242153,NO,1445
chr1,217307999,217309030,NO,1031
chr1,182089759,182091532,NO,1773
chr5,76476099,76482834,NO,6735
chr9,4832780,4834288,NO,1508
chr6,157695590,157696287,NO,697
chr1,162702029,162703341,NO,1312
chr4,2364317,2365443,NO,1126
chr19,41914613,41916172,NO,1559
chr17,71743429,71744856,NO,1427
chr15,99143581,99147922,NO,4341
chr14,68606468,68611142,NO,4674
chr16,80965833,80966840,NO,1007
chr7,156711990,156713149,NO,1159
chr19,18944191,18945256,NO,1065
chr20,25158208,25159921,NO,1713
chr15,30213381,30217764,NO,4383
chr1,223351614,223354880,NO,3266
chr2,42415509,42423831,NO,8322
chr9,94183270,94184062,NO,792
chr2,129743746,129744729,NO,983
chr3,43460253,43465254,NO,5001
chr8,22516188,22516865,NO,677
chr17,26156229,26167531,NO,11302
chr8,38258874,38260327,NO,1453
chr16,31540914,31549275,NO,8361
chr17,63119097,63119886,NO,789
chr11,605760,606171,NO,411
chr14,50503105,50512460,NO,9355
chr1,52834140,52834702,NO,562
chr19,52204983,52205744,NO,761
chr3,48273283,48274683,NO,1400
chr2,201270354,201271502,NO,1148
chr14,67958439,67959497,NO,1058
chr8,248418,249157,NO,739
chr21,38593004,38593657,NO,653
chr11,76784308,76785087,NO,779
chr19,5288329,5289115,NO,786
chr3,13493347,13494468,NO,1121
chr18,33093417,33094120,NO,703
chr22,27508777,27512584,NO,3807
chr13,101169263,101170266,NO,1003
chr10,112260801,112261668,NO,867
chr11,189687,190270,NO,583
chr18,10009954,10011400,NO,1446
chr17,40497523,40499905,NO,2382
chr19,1492818,1493569,NO,751
chr10,11940456,11941222,NO,766
chr1,54862150,54863196,NO,1046
chr9,126089749,126090578,NO,829
chr13,113597353,113598508,NO,1155
chr4,174443568,174444441,NO,873
chr22,46992181,46993314,NO,1133
chr9,4262059,4263408,NO,1349
chr2,20271793,20274286,NO,2493
chr22,49115077,49117197,NO,2120
chr5,179511712,179517649,NO,5937
chr7,151412826,151413977,NO,1151
chr6,43594708,43595847,NO,1139
chr1,24053154,24054672,NO,1518
chr13,19174226,19183576,NO,9350
chr12,117096034,117096971,NO,937
chr1,1439948,1441466,NO,1518
chr10,32458762,32460324,NO,1562
chr6,35359390,35360725,NO,1335
chr19,13023187,13024433,NO,1246
chr13,99067741,99069442,NO,1701
chr17,2863548,2864251,NO,703
chr16,53077390,53078301,NO,911
chr22,46406942,46407825,NO,883
chr5,150613952,150614868,NO,916
chr11,27417493,27423770,NO,6277
chr17,4624991,4625589,NO,598
chr7,115994245,115995568,NO,1323
chr10,12739632,12741503,NO,1871
chr5,143978067,143978966,NO,899
chr9,66800688,66800901,NO,213
chr22,24176747,24177441,NO,694
chr2,158640928,158641523,NO,595
chr17,67497310,67498655,NO,1345
chr22,29659589,29660498,NO,909
chr15,100741708,100743463,NO,1755
chr22,46447184,46448019,NO,835
chr19,37287707,37288804,NO,1097
chr4,298708,299362,NO,654
chr3,124305634,124312775,NO,7141
chr5,70196430,70197272,NO,842
chr5,138513144,138515046,NO,1902
chr14,21549875,21550212,NO,337
chr2,20716300,20716843,NO,543
chr17,3822086,3822576,NO,490
chr2,25438533,25439411,NO,878
chr8,98861799,98862738,NO,939
chr7,157064365,157065427,NO,1062
chr11,75187320,75187944,NO,624
chr5,16666585,16671344,NO,4759
chr17,2105489,2106830,NO,1341
chr10,123209069,123210101,NO,1032
chr12,110352313,110353814,NO,1501
chr6,108910590,108912289,NO,1699
chr3,124553818,124555009,NO,1191
chr9,138884306,138885428,NO,1122
chr2,46145352,46147074,NO,1722
chr1,160508388,160510616,NO,2228
chr21,36166804,36168855,NO,2051
chr17,7620264,7621197,NO,933
chr1,24833526,24835220,NO,1694
chr10,127532196,127534817,NO,2621
chr8,17020143,17020986,NO,843
chr8,19550305,19551456,NO,1151
chr20,47002429,47003401,NO,972
chr1,225879196,225882570,NO,3374
chr19,53727876,53728241,NO,365
chr8,56756694,56757705,NO,1011
chr1,46867434,46867958,NO,524
chr13,33952249,33959104,NO,6855
chr21,45132128,45132936,NO,808
chr9,96655857,96657230,NO,1373
chr19,50457382,50458698,NO,1316
chr17,36620741,36621493,NO,752
chr7,73738863,73739866,NO,1003
chr16,23197140,23206436,NO,9296
chr12,26379204,26379985,NO,781
chr11,46337299,46338155,NO,856
chr11,12200693,12201399,NO,706
chr6,151346212,151349430,NO,3218
chr8,30280375,30280924,NO,549
chr9,131623846,131625222,NO,1376
chrX,118109875,118110915,NO,1040
chr1,33895797,33896599,NO,802
chr5,169578364,169580049,NO,1685
chr3,44622096,44622889,NO,793
chr9,139490754,139491674,NO,920
chr4,25856439,25861230,NO,4791
chr7,20381012,20381546,NO,534
chr10,49863441,49864305,NO,864
chr1,158147373,158147774,NO,401
chr3,43254597,43256821,NO,2224
chr1,110419585,110420577,NO,992
chr3,37952192,37961421,NO,9229
chr5,68812724,68815004,NO,2280
chr6,168435542,168436698,NO,1156
chr21,10819514,10819776,NO,262
chr19,16718589,16719140,NO,551
chr9,135514359,135515635,NO,1276
chr6,35569149,35570662,NO,1513
chr1,210465511,210466539,NO,1028
chr16,81566059,81566779,NO,720
chr15,41877275,41878294,NO,1019
chr3,185419494,185420941,NO,1447
chr1,17353560,17355592,NO,2032
chr19,37808280,37809167,NO,887
chr7,6769060,6769808,NO,748
chr3,126107873,126108516,NO,643
chr19,5308356,5309097,NO,741
chr20,52258755,52260153,NO,1398
chr1,157210158,157211219,NO,1061
chr19,35704585,35705391,NO,806
chr19,5585216,5586347,NO,1131
chr15,68175609,68176843,NO,1234
chr12,120788176,120789437,NO,1261
chr1,23503930,23504718,NO,788
chr5,175375400,175376446,NO,1046
chr5,142305638,142306679,NO,1041
chr7,1914640,1915240,NO,600
chr12,19842265,19842910,NO,645
chr6,37212154,37213355,NO,1201
chr2,102641931,102650232,NO,8301
chr1,15759765,15760450,NO,685
chr2,13662229,13664016,NO,1787
chr15,45570648,45571993,NO,1345
chr16,75025265,75026592,NO,1327
chr20,34604960,34605959,NO,999
chr10,135092178,135092886,NO,708
chr11,61102772,61103886,NO,1114
chr2,11514481,11515336,NO,855
chr17,49195278,49196445,NO,1167
chr20,31700755,31701963,NO,1208
chr12,7592258,7592774,NO,516
chr15,100653894,100655097,NO,1203
chr17,77302244,77303090,NO,846
chr15,22798746,22799333,NO,587
chr3,55799962,55800919,NO,957
chr5,78203828,78208474,NO,4646
chr11,61433897,61435316,NO,1419
chr16,14643699,14653923,NO,10224
chr7,50108415,50109668,NO,1253
chr6,169240929,169241383,NO,454
chr8,144952727,144953395,NO,668
chr7,36131538,36132255,NO,717
chr5,251368,253394,NO,2026
chr8,29832242,29833657,NO,1415
chr12,12031183,12038938,NO,7755
chr19,41168783,41169550,NO,767
chr21,35897042,35897827,NO,785
chr9,140265311,140266045,NO,734
chr5,55703038,55719134,NO,16096
chr1,95073471,95074579,NO,1108
chr1,228272455,228273389,NO,934
chr12,79941422,79954743,NO,13321
chr10,71120630,71121288,NO,658
chr8,9638645,9640418,NO,1773
chr16,68562716,68564382,NO,1666
chr10,114658451,114659571,NO,1120
chr1,116544980,116546270,NO,1290
chr20,46600999,46601929,NO,930
chr18,60666271,60666926,NO,655
chr1,27830541,27831639,NO,1098
chr3,45833995,45836144,NO,2149
chr22,23775458,23776272,NO,814
chr16,85409836,85410638,NO,802
chr10,30872682,30873486,NO,804
chr10,105338434,105339296,NO,862
chr2,85697874,85698786,NO,912
chr4,74974995,74983571,NO,8576
chr11,2504184,2505238,NO,1054
chr14,102745659,102746838,NO,1179
chr6,52589346,52590477,NO,1131
chr11,9590530,9591449,NO,919
chr19,38741536,38742832,NO,1296
chr13,104758405,104760139,NO,1734
chr2,110778164,110778885,NO,721
chr10,134404318,134405543,NO,1225
chr2,111107659,111108380,NO,721
chr11,129731480,129732672,NO,1192
chr15,26683131,26684145,NO,1014
chr6,28834131,28834875,NO,744
chr7,34787445,34788659,NO,1214
chr19,2922821,2923718,NO,897
chr13,34349923,34352405,NO,2482
chr8,22931703,22932314,NO,611
chr1,41511851,41512521,NO,670
chr7,97874950,97875620,NO,670
chr18,42262429,42264148,NO,1719
chr18,42401738,42406832,NO,5094
chr14,75866462,75867591,NO,1129
chr11,35026682,35031027,NO,4345
chr21,43320512,43321921,NO,1409
chr22,23097242,23098003,NO,761
chr11,35137962,35138805,NO,843
chr13,27557375,27558106,NO,731
chr5,179716963,179717596,NO,633
chr9,130840523,130841379,NO,856
chr16,1047203,1048052,NO,849
chr16,4536274,4537013,NO,739
chr17,5000380,5000960,NO,580
chr19,9165519,9167005,NO,1486
chr11,64951340,64952061,NO,721
chr5,160351119,160352588,NO,1469
chr12,700384,701312,NO,928
chr9,139028600,139029918,NO,1318
chrX,39672470,39673891,NO,1421
chr15,45737838,45738371,NO,533
chr3,123497564,123498572,NO,1008
chr18,56514365,56515159,NO,794
chr14,62523305,62523867,NO,562
chr17,57863634,57865683,NO,2049
chr10,87777494,87778134,NO,640
chr7,91808286,91809054,NO,768
chr8,224421,225174,NO,753
chr1,151808598,151809528,NO,930
chr1,207980456,207981222,NO,766
chr9,90524284,90525123,NO,839
chr12,111023051,111029711,NO,6660
chr11,120172240,120173528,NO,1288
chr11,6656596,6657335,NO,739
chr16,29480917,29481583,NO,666
chr1,91359032,91359601,NO,569
chr19,40449307,40450669,NO,1362
chr10,22517921,22518538,NO,617
chr3,38865083,38865765,NO,682
chr16,3109477,3110105,NO,628
chr7,159004371,159006532,NO,2161
chr3,124781399,124782683,NO,1284
chr12,131335280,131337650,NO,2370
chr22,33040152,33041133,NO,981
chr6,39855160,39856147,NO,987
chr15,22967918,22969180,NO,1262
chr18,60904230,60906282,NO,2052
chr9,66820114,66820354,NO,240
chr11,59548020,59555019,NO,6999
chrX,56829497,56830136,NO,639
chr15,73052798,73054083,NO,1285
chr2,87872463,87873377,NO,914
chr7,76635212,76636020,NO,808
chr11,128763373,128765551,NO,2178
chr1,233475846,233477601,NO,1755
chr18,20139345,20140256,NO,911
chr14,96912247,96912844,NO,597
chr10,112888063,112891474,NO,3411
chr3,18486002,18487250,NO,1248
chr2,30588367,30591521,NO,3154
chr3,52005099,52005736,NO,637
chr20,3022232,3022913,NO,681
chr5,150162067,150163337,NO,1270
chr11,48074175,48077540,NO,3365
chr15,75640691,75641443,NO,752
chr17,36714038,36715040,NO,1002
chr10,25350978,25351798,NO,820
chr3,128897779,128898802,NO,1023
chr16,3077789,3078355,NO,566
chr1,148241420,148247942,NO,6522
chr15,99395328,99397166,NO,1838
chr1,5463823,5464650,NO,827
chr6,34713147,34714227,NO,1080
chr2,87756610,87757411,NO,801
chr6,10720207,10720889,NO,682
chr18,55297220,55297963,NO,743
chr14,50236801,50237872,NO,1071
chr15,53740405,53746361,NO,5956
chr3,185275127,185277189,NO,2062
chr5,154162473,154164019,NO,1546
chr9,86046587,86047476,NO,889
chr19,49946274,49947131,NO,857
chr12,114336973,114338041,NO,1068
chr12,105392206,105393423,NO,1217
chrX,70401397,70402629,NO,1232
chr2,133339471,133340374,NO,903
chr9,32425866,32426976,NO,1110
chr10,73619879,73620900,NO,1021
chr22,18319705,18320780,NO,1075
chr7,57396444,57397084,NO,640
chrX,7049655,7062716,NO,13061
chr16,70095469,70096570,NO,1101
chr21,30449427,30450215,NO,788
chr20,60802453,60803106,NO,653
chr1,48306194,48307437,NO,1243
chr7,157361515,157362225,NO,710
chr21,38629885,38630602,NO,717
chr9,35695761,35697014,NO,1253
chr10,100029479,100030192,NO,713
chr12,120832102,120832818,NO,716
chr3,44480807,44481768,NO,961
chr1,205512275,205513259,NO,984
chr1,225600004,225601929,NO,1925
chr17,79533256,79534090,NO,834
chr17,77748153,77748782,NO,629
chr16,17299698,17300519,NO,821
chr11,30605508,30606437,NO,929
chr22,24698911,24699859,NO,948
chr17,27219945,27220669,NO,724
chr15,45623888,45637042,NO,13154
chr2,1111527,1112504,NO,977
chr20,62843604,62844648,NO,1044
chr1,120217903,120218814,NO,911
chr2,112250200,112251001,NO,801
chr1,153580854,153582090,NO,1236
chr16,53545449,53546109,NO,660
chr12,121716856,121717966,NO,1110
chr17,41115945,41116521,NO,576
chr6,14210944,14212064,NO,1120
chr16,85786446,85787247,NO,801
chr4,170262492,170263446,NO,954
chr17,49126934,49134827,NO,7893
chr10,12527157,12528180,NO,1023
chr12,11980144,11992234,NO,12090
chr19,14887114,14887861,NO,747
chr17,80174135,80174752,NO,617
chr12,45228296,45228939,NO,643
chr1,147994011,148000887,NO,6876
chr6,74276950,74296108,NO,19158
chr9,85834184,85835312,NO,1128
chr1,59478764,59479520,NO,756
chrX,130862802,130887152,NO,24350
chr4,16069255,16069903,NO,648
chr22,38504074,38504809,NO,735
chr6,27145198,27156653,NO,11455
chr12,125163951,125164706,NO,755
chr3,186780971,186782507,NO,1536
chr6,1335067,1336361,NO,1294
chr3,47865988,47867020,NO,1032
chr10,63594533,63598437,NO,3904
chr16,89632014,89632728,NO,714
chr4,89764188,89765190,NO,1002
chr2,109858769,109859831,NO,1062
chr2,131798149,131799110,NO,961
chr4,139831446,139832766,NO,1320
chr5,145357777,145359163,NO,1386
chr12,52316728,52317380,NO,652
chr1,59085374,59086443,NO,1069
chr1,237025462,237026892,NO,1430
chr4,54568646,54569539,NO,893
chrX,52004744,52005563,NO,819
chr10,11757545,11758578,NO,1033
chr8,102585801,102587076,NO,1275
chr16,1601181,1601568,NO,387
chr17,2952320,2952895,NO,575
chr9,78988003,78990004,NO,2001
chr9,14907328,14909136,NO,1808
chr11,124980950,124981578,NO,628
chr6,3231393,3232042,NO,649
chr9,132199558,132200299,NO,741
chr3,138945283,138947032,NO,1749
chr4,180979346,180980289,NO,943
chr1,160750863,160752268,NO,1405
chr17,11153102,11154176,NO,1074
chr7,72733589,72738776,NO,5187
chr8,133241554,133242563,NO,1009
chr20,17537585,17538340,NO,755
chr5,139620728,139621719,NO,991
chr14,56273498,56274745,NO,1247
chr16,4818180,4819215,NO,1035
chr9,130619896,130620837,NO,941
chr5,64331047,64331915,NO,868
chr3,123474635,123476448,NO,1813
chr10,88294712,88295760,NO,1048
chr6,14476836,14477488,NO,652
chr11,406672,407772,NO,1100
chr20,52684327,52684867,NO,540
chr17,4763218,4763541,NO,323
chr7,158609028,158611785,NO,2757
chr21,40899798,40900924,NO,1126
chr5,124242120,124243057,NO,937
chr7,99392127,99393059,NO,932
chr12,7000438,7001100,NO,662
chr14,23355731,23356539,NO,808
chr10,116267272,116267881,NO,609
chr1,42638195,42639088,NO,893
chr17,19410488,19411447,NO,959
chr1,62826883,62828268,NO,1385
chr1,57001261,57012064,NO,10803
chr2,7193900,7194388,NO,488
chr17,40956240,40958065,NO,1825
chrX,128811747,128812695,NO,948
chr2,114299025,114299908,NO,883
chr1,147806722,147807482,NO,760
chr1,229100094,229104831,NO,4737
chr16,50745853,50747219,NO,1366
chr20,30467153,30467863,NO,710
chr14,69152212,69153109,NO,897
chr12,6586776,6587836,NO,1060
chr15,40731062,40731937,NO,875
chr8,38322982,38324114,NO,1132
chr4,149124621,149138568,NO,13947
chr18,3296901,3297496,NO,595
chr13,23949172,23949712,NO,540
chr5,133248970,133250408,NO,1438
chr5,58218182,58218889,NO,707
chr1,236666314,236670234,NO,3920
chr1,182557745,182558500,NO,755
chr5,54103567,54104449,NO,882
chr1,227700823,227701015,NO,192
chr22,19836079,19838228,NO,2149
chr15,21987547,21988188,NO,641
chr15,68549028,68549699,NO,671
chr4,69923364,69924525,NO,1161
chr17,7253087,7253592,NO,505
chr13,34730470,34731329,NO,859
chr1,59057306,59058807,NO,1501
chr5,74952413,74965493,NO,13080
chr14,24776439,24777215,NO,776
chr15,83540058,83544926,NO,4868
chr16,46449585,46449980,NO,395
chr11,110247378,110248945,NO,1567
chr22,46410522,46411304,NO,782
chr6,169613319,169614084,NO,765
chr7,151773399,151774598,NO,1199
chr11,47255966,47256889,NO,923
chr14,75777341,75777990,NO,649
chr2,113938955,113939747,NO,792
chr2,237907348,237907858,NO,510
chr2,47093683,47094522,NO,839
chr1,29309994,29310790,NO,796
chr9,89986551,89996927,NO,10376
chr1,184761900,184764357,NO,2457
chr1,147718423,147719228,NO,805
chr1,234778778,234779483,NO,705
chr12,110117505,110124658,NO,7153
chr21,14342311,14342638,NO,327
chr15,76408385,76414723,NO,6338
chr5,95094154,95095056,NO,902
chr12,10306050,10306660,NO,610
chrX,47880501,47881333,NO,832
chr20,31865168,31866076,NO,908
chr15,70403798,70404426,NO,628
chr17,28088003,28088401,NO,398
chr16,10479628,10480403,NO,775
chr9,133615618,133616795,NO,1177
chr22,46462561,46463056,NO,495
chr3,114566875,114567808,NO,933
chr1,199416949,199418666,NO,1717
chr19,23432611,23433265,NO,654
chr7,130741483,130742075,NO,592
chr1,15780163,15780902,NO,739
chr7,25425220,25426097,NO,877
chr2,97267720,97268220,NO,500
chr11,10920884,10922098,NO,1214
chr13,33845408,33847031,NO,1623
chr3,128153916,128154565,NO,649
chr7,38350788,38351524,NO,736
chr18,53948955,53950273,NO,1318
chr21,37872059,37882963,NO,10904
chr1,160070818,160071505,NO,687
chrX,47372544,47373005,NO,461
chr16,81546815,81547431,NO,616
chr9,70009853,70010093,NO,240
chr9,136746411,136746872,NO,461
chr15,74392161,74392577,NO,416
chr13,44792765,44806276,NO,13511
chrX,152646816,152647955,NO,1139
chr6,113885557,113886435,NO,878
chr1,117397771,117398312,NO,541
chr17,27917954,27918752,NO,798
chr1,86071309,86078578,NO,7269
chr17,64370101,64370757,NO,656
chr5,172899552,172900340,NO,788
chr7,106125693,106126393,NO,700
chr4,53862272,53864024,NO,1752
chr13,110336923,110337908,NO,985
chr17,34091412,34091927,NO,515
chr6,71107015,71109481,NO,2466
chr14,96928103,96928729,NO,626
chr9,90328500,90329861,NO,1361
chr14,95773765,95774430,NO,665
chr2,165766940,165770711,NO,3771
chr22,30129521,30130026,NO,505
chr6,5458065,5458892,NO,827
chr1,15815431,15816195,NO,764
chr21,42542716,42543462,NO,746
chr1,151519780,151520755,NO,975
chr10,63808710,63809274,NO,564
chr15,20980879,20981515,NO,636
chr3,56788833,56792774,NO,3941
chr10,116172804,116173661,NO,857
chr10,30475454,30476805,NO,1351
chr3,9879562,9881007,NO,1445
chr3,128416990,128417883,NO,893
chr20,17909063,17909911,NO,848
chr10,123822187,123822961,NO,774
chr12,19459300,19459732,NO,432
chr8,144979777,144981042,NO,1265
chr15,69366282,69367021,NO,739
chr2,56266748,56268115,NO,1367
chr11,63918081,63918738,NO,657
chr5,137828096,137828739,NO,643
chr15,57959272,57978255,NO,18983
chr16,25184109,25189621,NO,5512
chr19,32852910,32863976,NO,11066
chr16,85455872,85456981,NO,1109
chr19,19475314,19475984,NO,670
chr3,113603737,113604168,NO,431
chr20,14965983,14967675,NO,1692
chr12,55808160,55808981,NO,821
chr22,38029966,38030356,NO,390
chr11,34846368,34848180,NO,1812
chr3,126720689,126721510,NO,821
chr8,29594848,29595828,NO,980
chr1,6277959,6279119,NO,1160
chr12,96440926,96442170,NO,1244
chr13,31019489,31020197,NO,708
chr9,35111040,35111602,NO,562
chr9,12814038,12818710,NO,4672
chr5,111673896,111674346,NO,450
chr22,21057069,21057536,NO,467
chr22,19107492,19108606,NO,1114
chr2,11969486,11970312,NO,826
chr11,62275760,62276651,NO,891
chr1,225039261,225040210,NO,949
chr17,41280705,41281957,NO,1252
chr17,77001527,77002374,NO,847
chr7,2415981,2416609,NO,628
chr1,181073957,181075082,NO,1125
chr9,97455051,97457309,NO,2258
chr11,112192047,112192557,NO,510
chr17,34838308,34838629,NO,321
chr2,1902299,1903039,NO,740
chr8,70602217,70602752,NO,535
chr19,6092119,6093153,NO,1034
chr2,74347415,74347893,NO,478
chr8,145688372,145689103,NO,731
chr11,117588185,117589234,NO,1049
chr11,45111153,45111677,NO,524
chr2,64290224,64291760,NO,1536
chr16,67246952,67247818,NO,866
chr16,85124258,85124898,NO,640
chr5,115949226,115950959,NO,1733
chr5,60541686,60551259,NO,9573
chr4,110839960,110851964,NO,12004
chr1,18790550,18791540,NO,990
chr15,65186482,65186936,NO,454
chr5,133750886,133752294,NO,1408
chr22,22068295,22068988,NO,693
chr3,149017770,149018690,NO,920
chr20,18524271,18525419,NO,1148
chr3,177062983,177063655,NO,672
chr6,163826630,163827349,NO,719
chr21,40394956,40395560,NO,604
chr16,84820154,84821019,NO,865
chr19,50175239,50175830,NO,591
chr9,69711056,69711235,NO,179
chr1,29564444,29565146,NO,702
chr15,64277552,64278253,NO,701
chr9,32386890,32394778,NO,7888
chr10,31073179,31074444,NO,1265
chr2,236377515,236378248,NO,733
chr12,14707363,14714174,NO,6811
chr22,27984538,27987929,NO,3391
chr5,177484756,177486015,NO,1259
chr6,110650675,110651625,NO,950
chr16,20878419,20890524,NO,12105
chr8,81732694,81733797,NO,1103
chr7,3234555,3235633,NO,1078
chr5,35238194,35247878,NO,9684
chr1,31319785,31320444,NO,659
chr5,77933423,77935123,NO,1700
chr2,69831436,69835525,NO,4089
chr19,11029996,11031027,NO,1031
chr2,238623762,238624478,NO,716
chr1,203661658,203662478,NO,820
chr7,3600078,3601322,NO,1244
chr10,77909614,77910188,NO,574
chr10,71183717,71184434,NO,717
chr22,30938061,30938708,NO,647
chr6,113953457,113954212,NO,755
chr8,28515347,28515976,NO,629
chr16,27729305,27730176,NO,871
chr1,228548354,228549049,NO,695
chr17,30334292,30335115,NO,823
chr21,37574878,37575896,NO,1018
chr16,54456453,54466994,NO,10541
chr8,145749294,145749889,NO,595
chr1,85763230,85764508,NO,1278
chr11,1884345,1885303,NO,958
chr19,39328876,39329628,NO,752
chr12,53364229,53364664,NO,435
chr7,65196443,65197049,NO,606
chr5,172141713,172142758,NO,1045
chr7,98248739,98249378,NO,639
chr19,48167690,48168125,NO,435
chr8,120189067,120190041,NO,974
chr1,65363305,65364662,NO,1357
chr4,1303060,1303798,NO,738
chr12,12185810,12186441,NO,631
chr1,145739061,145741152,NO,2091
chr22,39756425,39757077,NO,652
chr20,2505207,2506121,NO,914
chr11,76032691,76033568,NO,877
chr10,16482461,16483004,NO,543
chr1,120674149,120674979,NO,830
chr6,72892356,72892902,NO,546
chr11,118760382,118761379,NO,997
chr7,51037451,51038304,NO,853
chr7,100106627,100107394,NO,767
chr6,10838211,10838775,NO,564
chr1,148902670,148903116,NO,446
chr19,15403936,15406172,NO,2236
chr10,44819960,44820435,NO,475
chr11,642574,642870,NO,296
chr16,857192,857888,NO,696
chr3,194754551,194754991,NO,440
chr7,130626099,130626717,NO,618
chr18,12838261,12838735,NO,474
chr17,73979939,73981084,NO,1145
chr18,53829904,53835516,NO,5612
chr8,141109962,141110239,NO,277
chr2,220416597,220417506,NO,909
chr22,19974143,19974777,NO,634
chr1,38604446,38605010,NO,564
chr5,166405258,166405865,NO,607
chr19,1255599,1256242,NO,643
chr7,36076210,36077074,NO,864
chr7,152107737,152108130,NO,393
chr14,89680811,89693446,NO,12635
chr1,150622042,150623371,NO,1329
chr8,141517205,141517697,NO,492
chr16,27606938,27607671,NO,733
chr5,77889499,77891593,NO,2094
chr7,38375439,38381179,NO,5740
chr15,75591413,75591807,NO,394
chr2,208712104,208713323,NO,1219
chr6,126239358,126240791,NO,1433
chr7,99728279,99728882,NO,603
chr4,16141988,16143440,NO,1452
chr1,37999338,38000662,NO,1324
chr19,56075248,56076076,NO,828
chr8,28479570,28480625,NO,1055
chr14,21439188,21439764,NO,576
chr1,171639802,171640209,NO,407
chr19,48707186,48707677,NO,491
chr9,708235,709509,NO,1274
chr18,72913363,72914205,NO,842
chr8,61966553,61967306,NO,753
chr1,27049562,27050258,NO,696
chr9,93321301,93321826,NO,525
chr3,122479441,122480734,NO,1293
chr16,14034094,14034906,NO,812
chr14,76873717,76874585,NO,868
chr2,241912249,241913185,NO,936
chr20,48963337,48964436,NO,1099
chr1,71132090,71134040,NO,1950
chr11,95976490,95977250,NO,760
chr17,5014867,5015698,NO,831
chr6,31461752,31462312,NO,560
chr8,21905612,21906403,NO,791
chr4,68904118,68904463,NO,345
chr2,174890837,174891431,NO,594
chr8,6698494,6699193,NO,699
chr20,11667465,11668313,NO,848
chr14,70721168,70722047,NO,879
chr9,69064923,69065354,NO,431
chr3,149293414,149298269,NO,4855
chr18,54807857,54808672,NO,815
chr17,56708448,56709185,NO,737
chr14,64360852,64361380,NO,528
chr2,101851007,101856154,NO,5147
chr8,98776053,98776952,NO,899
chr10,5113381,5114161,NO,780
chr8,103970755,103979998,NO,9243
chr9,102021462,102021911,NO,449
chr5,139227488,139228342,NO,854
chr5,173632461,173633800,NO,1339
chr5,94976163,94977668,NO,1505
chr19,8570560,8571199,NO,639
chr4,81123102,81123876,NO,774
chr16,4974357,4975091,NO,734
chr12,58329633,58330232,NO,599
chr13,40754209,40755730,NO,1521
chr1,157271078,157272745,NO,1667
chr21,35319663,35320805,NO,1142
chr6,28350853,28351585,NO,732
chr22,29612683,29613485,NO,802
chr5,148865166,148866290,NO,1124
chr17,47592460,47593327,NO,867
chr10,52335679,52339764,NO,4085
chr2,168683586,168684398,NO,812
chr14,74300250,74300903,NO,653
chr1,109718711,109724611,NO,5900
chr2,67788579,67799777,NO,11198
chr9,75563043,75564420,NO,1377
chr10,33227418,33228174,NO,756
chr7,1196182,1196791,NO,609
chr13,46708887,46710077,NO,1190
chr7,151490432,151491372,NO,940
chr15,100622909,100623520,NO,611
chr9,114881493,114882501,NO,1008
chr22,45913170,45915164,NO,1994
chr2,242450282,242451379,NO,1097
chr3,195531200,195531778,NO,578
chr15,74358240,74358619,NO,379
chr10,46913677,46914366,NO,689
chr6,11229515,11229888,NO,373
chr17,18601207,18601786,NO,579
chr12,123469109,123469771,NO,662
chr7,55322797,55323697,NO,900
chr14,84440637,84441302,NO,665
chr18,77267366,77268054,NO,688
chr8,141801134,141801769,NO,635
chr15,85569440,85573728,NO,4288
chr1,15178420,15178967,NO,547
chr6,162476456,162479753,NO,3297
chr10,97234662,97237318,NO,2656
chr5,173399677,173400367,NO,690
chr4,77625300,77626256,NO,956
chr2,127534338,127535055,NO,717
chr20,4152406,4153342,NO,936
chr15,93695406,93696575,NO,1169
chr9,131057713,131058420,NO,707
chr12,131702724,131703834,NO,1110
chr19,7918351,7918918,NO,567
chr19,3284591,3285336,NO,745
chr2,132182249,132183207,NO,958
chr17,48255211,48255689,NO,478
chr3,125075816,125076546,NO,730
chr9,139776125,139776788,NO,663
chr14,93896561,93897495,NO,934
chr1,226776581,226777439,NO,858
chr6,109130627,109131342,NO,715
chr18,51767043,51767627,NO,584
chr13,34184635,34185551,NO,916
chrX,149693167,149694500,NO,1333
chr6,143166769,143167332,NO,563
chr8,126464042,126464748,NO,706
chr10,60616707,60617039,NO,332
chr3,47705022,47705622,NO,600
chr16,83960510,83961028,NO,518
chr16,4038251,4038907,NO,656
chr18,42939162,42940096,NO,934
chr3,133288605,133289964,NO,1359
chr1,236339625,236340420,NO,795
chr9,15295720,15296407,NO,687
chr14,50527866,50529086,NO,1220
chr1,1240024,1240825,NO,801
chr1,15796157,15796927,NO,770
chr7,100783245,100788005,NO,4760
chr8,123982149,123983335,NO,1186
chr6,27486780,27487200,NO,420
chr16,135033,135506,NO,473
chr3,111793787,111794485,NO,698
chr1,42128240,42129152,NO,912
chr2,232347371,232347896,NO,525
chr3,52333449,52334280,NO,831
chr22,46535689,46536295,NO,606
chr7,73120998,73121659,NO,661
chr14,106226248,106227338,NO,1090
chr11,68775292,68776384,NO,1092
chr3,185815681,185816376,NO,695
chr2,169112377,169113609,NO,1232
chr4,86646484,86647779,NO,1295
chr3,27674079,27675018,NO,939
chr2,101922833,101923260,NO,427
chr4,79455010,79456541,NO,1531
chr8,145681531,145681927,NO,396
chr1,235442175,235444047,NO,1872
chr6,41881789,41883199,NO,1410
chr8,27132000,27132606,NO,606
chr14,70109481,70110771,NO,1290
chr11,10844139,10844804,NO,665
chr2,109934271,109935310,NO,1039
chr19,48917394,48918243,NO,849
chr17,2339032,2340035,NO,1003
chr1,48428803,48430086,NO,1283
chr6,12957564,12958184,NO,620
chr1,15751918,15752517,NO,599
chr5,131792409,131793012,NO,603
chr10,134527095,134528264,NO,1169
chr17,73998906,73999856,NO,950
chr6,1833149,1841224,NO,8075
chr9,131555345,131555909,NO,564
chr15,101707825,101708433,NO,608
chr10,104387261,104387896,NO,635
chr1,83616655,83617415,NO,760
chr7,26554861,26555614,NO,753
chr7,33083047,33083999,NO,952
chr21,41009117,41009985,NO,868
chr16,78326748,78328342,NO,1594
chr1,116314135,116314695,NO,560
chr7,30182110,30189172,NO,7062
chr20,56324186,56328979,NO,4793
chr6,25671521,25675956,NO,4435
chr15,72929370,72929758,NO,388
chr4,187125398,187126219,NO,821
chr9,140382212,140382869,NO,657
chr2,38917742,38920376,NO,2634
chr14,70140253,70141360,NO,1107
chr10,89378095,89378639,NO,544
chr1,40310956,40312047,NO,1091
chr1,31976813,31977333,NO,520
chr22,23907652,23908336,NO,684
chr12,76347034,76354396,NO,7362
chr20,42999259,42999874,NO,615
chr1,15749318,15750152,NO,834
chr7,142461431,142462266,NO,835
chr19,18019998,18020669,NO,671
chr2,171551016,171551255,NO,239
chrX,149715971,149716747,NO,776
chr9,89071122,89085016,NO,13894
chr4,53779724,53780904,NO,1180
chr5,179266282,179266912,NO,630
chr5,1575514,1576508,NO,994
chrX,106953314,106954932,NO,1618
chr3,42113412,42114030,NO,618
chr1,229228591,229229159,NO,568
chr7,148684582,148685257,NO,675
chr1,14434784,14435642,NO,858
chr7,130696104,130697768,NO,1664
chr12,132534337,132535020,NO,683
chr1,226907348,226908211,NO,863
chr10,14645737,14646817,NO,1080
chr17,4812301,4813307,NO,1006
chr11,96072102,96072889,NO,787
chr20,4004378,4004991,NO,613
chr7,150069934,150070402,NO,468
chr11,48034991,48035552,NO,561
chr3,14160279,14160782,NO,503
chr17,19249522,19250258,NO,736
chr11,103573742,103575641,NO,1899
chr1,202555240,202559073,NO,3833
chr3,185959818,185960437,NO,619
chr10,114487632,114489771,NO,2139
chr19,42028271,42028863,NO,592
chr7,75779124,75779517,NO,393
chr11,86170660,86171694,NO,1034
chr1,157989111,157990041,NO,930
chr12,126641395,126642286,NO,891
chr8,102171527,102171976,NO,449
chr16,89648742,89649350,NO,608
chr4,170570885,170581879,NO,10994
chr10,90145283,90147748,NO,2465
chr9,74930064,74930993,NO,929
chr5,1089935,1090543,NO,608
chr16,68741300,68742275,NO,975
chr16,15139464,15140442,NO,978
chr16,14106833,14108037,NO,1204
chr11,9787611,9788110,NO,499
chr17,18965442,18966989,NO,1547
chr1,112901707,112902538,NO,831
chr22,46393575,46394066,NO,491
chr9,97684168,97685370,NO,1202
chr1,161052935,161053799,NO,864
chr19,3547841,3548724,NO,883
chrX,118615918,118616739,NO,821
chr17,73507624,73508317,NO,693
chr19,4800324,4800899,NO,575
chr11,30444349,30445224,NO,875
chr20,52740023,52740404,NO,381
chr14,85948178,85949091,NO,913
chr8,81805855,81806614,NO,759
chr7,76141318,76142036,NO,718
chr5,133523202,133524166,NO,964
chr22,18454547,18455588,NO,1041
chr12,94656140,94656614,NO,474
chrX,135991608,135992263,NO,655
chr12,56333865,56334437,NO,572
chr2,129251876,129252982,NO,1106
chr11,44606229,44606894,NO,665
chr19,48151337,48151910,NO,573
chr1,145473801,145474425,NO,624
chr20,61587340,61587710,NO,370
chr2,28925312,28926014,NO,702
chr7,150601267,150601694,NO,427
chr7,30590571,30591190,NO,619
chr19,13928314,13928819,NO,505
chr5,132352096,132353255,NO,1159
chr3,42922047,42922613,NO,566
chrX,47415656,47416115,NO,459
chr21,44985040,44985355,NO,315
chr17,20609445,20610553,NO,1108
chr1,15809634,15810079,NO,445
chr1,145435082,145436136,NO,1054
chr4,3448765,3449184,NO,419
chr15,72962926,72963403,NO,477
chr17,6455445,6456097,NO,652
chr1,214107372,214108118,NO,746
chr7,55201733,55202167,NO,434
chr15,37311721,37312557,NO,836
chr12,54145070,54145880,NO,810
chr6,166970491,166971009,NO,518
chr10,81184638,81185265,NO,627
chrX,119124723,119125851,NO,1128
chr10,99334806,99335230,NO,424
chr7,99942056,99942497,NO,441
chr18,56193380,56194026,NO,646
chr15,52519850,52521826,NO,1976
chr1,10875188,10876073,NO,885
chr5,142361600,142362464,NO,864
chr16,15993182,15994213,NO,1031
chr22,27773853,27774874,NO,1021
chr19,38513586,38514958,NO,1372
chr2,217403693,217404949,NO,1256
chr6,43692555,43693561,NO,1006
chr7,97761197,97763592,NO,2395
chr2,110402108,110402958,NO,850
chr10,98046916,98047532,NO,616
chr17,8076752,8077655,NO,903
chr22,44219027,44220234,NO,1207
chr8,95253995,95255151,NO,1156
chr13,114987930,114991672,NO,3742
chr2,242480181,242480675,NO,494
chr11,61256362,61256919,NO,557
chr2,182675651,182676266,NO,615
chr17,3543169,3544051,NO,882
chr19,47496179,47497012,NO,833
chr19,47479524,47480239,NO,715
chr5,133484961,133486200,NO,1239
chr3,183003658,183004316,NO,658
chr1,156130467,156130877,NO,410
chr15,63113612,63114463,NO,851
chr17,15795541,15797925,NO,2384
chr10,104837331,104838316,NO,985
chr22,46443363,46443903,NO,540
chr16,69924415,69925221,NO,806
chr2,19785,20435,NO,650
chr2,127803234,127804086,NO,852
chr8,81609892,81610796,NO,904
chr1,31375199,31375589,NO,390
chr16,16115625,16116161,NO,536
chr12,132396561,132397191,NO,630
chr7,151615149,151615903,NO,754
chr17,3433270,3434176,NO,906
chr3,196149834,196150600,NO,766
chr9,100266510,100267771,NO,1261
chr2,182701807,182702562,NO,755
chr15,43981687,43982268,NO,581
chr15,39765174,39765832,NO,658
chr17,30169994,30170877,NO,883
chr9,97370281,97371321,NO,1040
chr3,43811652,43812283,NO,631
chr1,217199311,217203751,NO,4440
chr7,105313879,105314642,NO,763
chr3,37316958,37317281,NO,323
chr6,78359835,78360537,NO,702
chr8,95956356,95957257,NO,901
chr12,119618134,119618816,NO,682
chr13,20133683,20135936,NO,2253
chr11,121229189,121234086,NO,4897
chr8,142216270,142217241,NO,971
chrX,111623883,111624510,NO,627
chr21,34189085,34190920,NO,1835
chr8,101881450,101882468,NO,1018
chr2,240220971,240221759,NO,788
chr3,11522070,11523632,NO,1562
chr2,106328426,106329795,NO,1369
chr9,4334208,4334999,NO,791
chr3,126006066,126007014,NO,948
chr17,14641305,14642341,NO,1036
chr13,33803073,33804506,NO,1433
chr22,21291020,21291669,NO,649
chr15,67174763,67176403,NO,1640
chr3,139144086,139145480,NO,1394
chr17,56591922,56592553,NO,631
chr9,94103343,94104617,NO,1274
chr6,25006777,25007419,NO,642
chr22,40393772,40394463,NO,691
chr17,64901033,64901660,NO,627
chr16,50816867,50817209,NO,342
chr11,116433997,116434664,NO,667
chr19,11133759,11134311,NO,552
chr7,142467255,142468006,NO,751
chr21,27369986,27371054,NO,1068
chr5,136639213,136639736,NO,523
chrX,48595749,48596373,NO,624
chr21,16493884,16494410,NO,526
chr18,46188268,46189042,NO,774
chr14,55240200,55240815,NO,615
chr13,59921060,59931229,NO,10169
chr15,50026860,50027743,NO,883
chr15,91556493,91557759,NO,1266
chr21,45626598,45627509,NO,911
chr8,134419752,134420182,NO,430
chr4,89212577,89213266,NO,689
chr3,184112925,184113485,NO,560
chr18,21544516,21545909,NO,1393
chr9,34072428,34073340,NO,912
chr8,126422668,126423428,NO,760
chr4,6887370,6888155,NO,785
chr17,46342774,46343359,NO,585
chr1,116694839,116695929,NO,1090
chr1,206732995,206734032,NO,1037
chr2,61666827,61667451,NO,624
chr16,25000045,25000642,NO,597
chr1,28623194,28623628,NO,434
chr2,28938878,28939650,NO,772
chr18,42276842,42277581,NO,739
chr18,20694406,20695478,NO,1072
chr10,45247791,45249069,NO,1278
chr6,160449442,160450911,NO,1469
chr16,66774937,66776133,NO,1196
chr14,92209867,92210944,NO,1077
chr21,44833549,44834296,NO,747
chr4,169989654,169991963,NO,2309
chr14,70409438,70410188,NO,750
chr2,62684194,62684654,NO,460
chr22,40342654,40343662,NO,1008
chr6,52382519,52383148,NO,629
chr8,49701496,49701922,NO,426
chr15,63050299,63051329,NO,1030
chr18,47948832,47952101,NO,3269
chr16,27571619,27572210,NO,591
chr17,58212395,58213048,NO,653
chr8,30659876,30660994,NO,1118
chr3,197616407,197617079,NO,672
chr21,40138738,40139296,NO,558
chr6,31009322,31010336,NO,1014
chr8,30026385,30027502,NO,1117
chr7,44952262,44952834,NO,572
chrX,69653849,69654404,NO,555
chr19,59024936,59025807,NO,871
chr11,84432019,84432442,NO,423
chr1,90308825,90309519,NO,694
chr3,195619752,195620310,NO,558
chr16,87397733,87398145,NO,412
chr10,5508021,5509246,NO,1225
chr6,43635998,43636479,NO,481
chr20,12073739,12075181,NO,1442
chr10,99443335,99444106,NO,771
chr9,100565781,100566425,NO,644
chr11,85856918,85863275,NO,6357
chr11,69785620,69786267,NO,647
chr2,26521849,26522995,NO,1146
chr1,95267756,95268933,NO,1177
chr9,16726730,16727416,NO,686
chr14,100437728,100438290,NO,562
chr8,102387834,102388922,NO,1088
chr12,52583323,52583951,NO,628
chr16,75277761,75278174,NO,413
chr12,1685323,1685975,NO,652
chr12,50333329,50334056,NO,727
chr2,174904265,174904748,NO,483
chr11,62211456,62212122,NO,666
chr7,53254883,53255221,NO,338
chr3,71757657,71758199,NO,542
chr8,27191657,27192801,NO,1144
chr12,117135364,117136103,NO,739
chr3,150244403,150256914,NO,12511
chr19,49181252,49182422,NO,1170
chr16,75250401,75250919,NO,518
chr1,31643360,31644081,NO,721
chr13,113339696,113341090,NO,1394
chr14,100915032,100915564,NO,532
chr4,53691038,53691989,NO,951
chr10,52177724,52178307,NO,583
chr15,55574729,55575847,NO,1118
chr16,31053313,31053734,NO,421
chr2,112677393,112678017,NO,624
chr6,36611003,36611526,NO,523
chr1,226189752,226190519,NO,767
chr2,1370346,1370893,NO,547
chr11,116679220,116679890,NO,670
chr10,25010255,25011101,NO,846
chr7,116269635,116271251,NO,1616
chr20,50727387,50727712,NO,325
chr19,39862787,39863904,NO,1117
chr22,43165638,43166175,NO,537
chr22,36369346,36370296,NO,950
chr9,570983,574210,NO,3227
chr22,46434311,46435191,NO,880
chr5,25190705,25191061,NO,356
chr20,61200494,61200882,NO,388
chr6,12314195,12315073,NO,878
chr1,15753155,15753587,NO,432
chr19,49668445,49669179,NO,734
chr7,37071800,37072384,NO,584
chr17,79109459,79109793,NO,334
chr15,99091500,99092327,NO,827
chr12,27904356,27905297,NO,941
chr2,64631027,64631845,NO,818
chr2,242400778,242401569,NO,791
chr6,143206195,143206783,NO,588
chr4,87860808,87862288,NO,1480
chr2,112173067,112173921,NO,854
chr5,172724516,172725124,NO,608
chr3,60086856,60087228,NO,372
chr19,1239741,1240309,NO,568
chr12,32027819,32030372,NO,2553
chr16,85185340,85186111,NO,771
chr1,226867538,226868027,NO,489
chr18,19821408,19822763,NO,1355
chr18,8341261,8342325,NO,1064
chr1,25524617,25525736,NO,1119
chr1,42928440,42929410,NO,970
chr22,47169982,47170713,NO,731
chr22,46453523,46454182,NO,659
chr9,80054551,80055442,NO,891
chr2,9352183,9352927,NO,744
chr8,17378855,17379311,NO,456
chr9,97316825,97317256,NO,431
chr4,170037385,170037789,NO,404
chr10,47395732,47396438,NO,706
chr8,145749925,145750499,NO,574
chr17,854837,855501,NO,664
chr22,46479531,46480242,NO,711
chr7,28893490,28893875,NO,385
chr20,48726585,48727553,NO,968
chr6,154914164,154914804,NO,640
chr12,120974918,120976682,NO,1764
chr1,213898612,213899070,NO,458
chr8,120932756,120933403,NO,647
chr17,12634171,12634614,NO,443
chr7,29294752,29296559,NO,1807
chr6,25369647,25370318,NO,671
chr11,518306,518860,NO,554
chr8,8153326,8154268,NO,942
chr2,201085378,201086074,NO,696
chr21,45471500,45472080,NO,580
chr6,154936785,154944520,NO,7735
chr8,131011433,131011771,NO,338
chr8,19173900,19174307,NO,407
chr16,30363687,30364392,NO,705
chr7,51206986,51208632,NO,1646
chr10,35080169,35081342,NO,1173
chr3,20122638,20123174,NO,536
chr14,104060368,104060971,NO,603
chr2,67076378,67077403,NO,1025
chr1,59858814,59859484,NO,670
chr10,126902686,126903367,NO,681
chr19,1565942,1566576,NO,634
chr2,53725833,53727498,NO,1665
chr12,1771860,1772436,NO,576
chr7,47675032,47676267,NO,1235
chr19,39355018,39356010,NO,992
chr3,111810214,111811119,NO,905
chr2,43540554,43541137,NO,583
chr12,121904679,121905185,NO,506
chr19,38308082,38308599,NO,517
chr17,56492629,56493100,NO,471
chr18,20839552,20840132,NO,580
chr4,8229619,8229970,NO,351
chr16,53118678,53119415,NO,737
chr1,1377119,1377715,NO,596
chr2,179739325,179739978,NO,653
chr21,38287879,38290255,NO,2376
chr6,53394528,53395207,NO,679
chr19,36822280,36823111,NO,831
chr1,94445558,94446351,NO,793
chr3,40128297,40138619,NO,10322
chr4,7912355,7912764,NO,409
chr7,48031255,48031932,NO,677
chr22,35827018,35827423,NO,405
chr2,163431188,163431852,NO,664
chr12,120525035,120525613,NO,578
chr19,8523333,8524359,NO,1026
chr10,44515590,44516601,NO,1011
chr6,137006808,137007226,NO,418
chr6,21022584,21023095,NO,511
chr17,55888166,55888868,NO,702
chr21,43758276,43758916,NO,640
chr7,101499955,101500520,NO,565
chr9,90255270,90256424,NO,1154
chr10,114871944,114872410,NO,466
chr6,30582130,30582675,NO,545
chr3,43042474,43043562,NO,1088
chr14,70783980,70784881,NO,901
chr17,42994662,42995196,NO,534
chr7,36984975,36985839,NO,864
chr6,33264955,33265788,NO,833
chr4,183817164,183817743,NO,579
chrX,101914552,101915282,NO,730
chr13,42121427,42121892,NO,465
chr17,74526061,74526593,NO,532
chr21,11055675,11056183,NO,508
chr16,23539137,23540083,NO,946
chr9,89885116,89885925,NO,809
chr2,121413850,121414882,NO,1032
chr7,44932987,44933893,NO,906
chr12,122434526,122435268,NO,742
chr3,195448715,195449818,NO,1103
chr6,2743876,2744765,NO,889
chr7,56077058,56077734,NO,676
chr16,48657217,48658001,NO,784
chr14,100794782,100795530,NO,748
chr5,55653947,55654870,NO,923
chr2,109597068,109597380,NO,312
chr1,94510096,94510532,NO,436
chr6,2225402,2226538,NO,1136
chr18,13381774,13383100,NO,1326
chr9,116231368,116238936,NO,7568
chr2,159946838,159947361,NO,523
chr6,152622775,152623594,NO,819
chr13,24001170,24002151,NO,981
chr3,133195875,133199461,NO,3586
chr4,24599752,24600221,NO,469
chr17,46072515,46073032,NO,517
chr9,14096222,14096829,NO,607
chr18,62388038,62388593,NO,555
chr4,39037508,39038788,NO,1280
chr14,92500952,92502339,NO,1387
chr8,30577092,30578612,NO,1520
chr12,1905945,1906585,NO,640
chr4,124272777,124273332,NO,555
chr11,70533992,70534434,NO,442
chr13,115069257,115070315,NO,1058
chr19,20959092,20959562,NO,470
chr8,54645282,54645884,NO,602
chr11,3888436,3889384,NO,948
chr1,41286941,41287376,NO,435
chr15,30459356,30460287,NO,931
chr12,120107327,120108044,NO,717
chr11,13666063,13667756,NO,1693
chr17,62773271,62774805,NO,1534
chr2,46219330,46220212,NO,882
chr17,65992178,65992692,NO,514
chr1,212433965,212435065,NO,1100
chr6,4359261,4359792,NO,531
chr18,10076668,10077185,NO,517
chr8,135777416,135778013,NO,597
chr22,17849582,17850222,NO,640
chr5,73234164,73235501,NO,1337
chr17,43205367,43206062,NO,695
chr17,45982896,45983413,NO,517
chrX,100794161,100794464,NO,303
chr21,43343903,43344196,NO,293
chr3,177702327,177702760,NO,433
chr19,39728101,39728980,NO,879
chr3,142894880,142895446,NO,566
chr1,86094393,86095222,NO,829
chr6,138018441,138019020,NO,579
chr5,138483835,138486307,NO,2472
chr15,32662463,32663394,NO,931
chr7,45729986,45730901,NO,915
chr4,77610224,77611079,NO,855
chr3,176624518,176625275,NO,757
chr12,12601915,12603340,NO,1425
chr7,107734381,107736176,NO,1795
chr9,129424632,129425420,NO,788
chr11,118895107,118895823,NO,716
chr19,3012606,3013124,NO,518
chr2,99354139,99354909,NO,770
chr6,36875088,36875930,NO,842
chr3,149969060,149973480,NO,4420
chr6,149082164,149082467,NO,303
chr6,114053672,114054241,NO,569
chr12,122191646,122192566,NO,920
chr2,132439684,132440285,NO,601
chr14,52511394,52512686,NO,1292
chr11,75274527,75275212,NO,685
chr20,2187879,2188397,NO,518
chr4,37456953,37457552,NO,599
chr11,117328281,117329315,NO,1034
chr11,12072221,12072866,NO,645
chr2,131484564,131485226,NO,662
chr9,88677769,88678317,NO,548
chr11,68658837,68659501,NO,664
chr20,25276396,25276733,NO,337
chr19,34429918,34430484,NO,566
chr5,587011,587465,NO,454
chr12,110197834,110198473,NO,639
chr15,102039765,102040859,NO,1094
chr21,36617552,36629430,NO,11878
chr1,6695217,6696302,NO,1085
chr1,159837327,159837792,NO,465
chr19,57454248,57454486,NO,238
chr14,55119381,55120037,NO,656
chr4,26031209,26031541,NO,332
chr12,93966374,93966770,NO,396
chr12,123445951,123447041,NO,1090
chr18,42357831,42359007,NO,1176
chr9,125138148,125138654,NO,506
chr1,203506446,203507308,NO,862
chr1,174846411,174846907,NO,496
chr19,46519651,46520115,NO,464
chr2,58478569,58478984,NO,415
chr1,174998143,174999129,NO,986
chr20,30198345,30198914,NO,569
chr18,54821566,54822147,NO,581
chr18,3710652,3711204,NO,552
chr20,45451288,45452478,NO,1190
chr1,15793855,15794271,NO,416
chr9,134420463,134420925,NO,462
chr17,31239125,31239982,NO,857
chr14,105446709,105447188,NO,479
chr5,149789573,149790066,NO,493
chr5,138467042,138467584,NO,542
chr18,20184546,20185387,NO,841
chr20,1900282,1901794,NO,1512
chr5,137001779,137008053,NO,6274
chr4,151644276,151645187,NO,911
chr14,97817337,97817718,NO,381
chr7,61055677,61055880,NO,203
chr2,33294812,33295636,NO,824
chr7,37982470,37983079,NO,609
chr3,146224746,146229806,NO,5060
chr7,142417394,142420337,NO,2943
chr6,112013850,112014284,NO,434
chr20,25840397,25840731,NO,334
chr22,46152865,46153396,NO,531
chr7,142484377,142484789,NO,412
chr1,228317329,228319457,NO,2128
chr1,11004080,11004899,NO,819
chr10,135333793,135334202,NO,409
chr3,194257703,194258342,NO,639
chr10,93567051,93567363,NO,312
chr6,35630716,35631616,NO,900
chr15,79280678,79281663,NO,985
chr2,75094860,75095526,NO,666
chr19,45299906,45300560,NO,654
chr15,42873440,42873814,NO,374
chr11,90705410,90705715,NO,305
chr7,2439644,2440162,NO,518
chr2,27304231,27304697,NO,466
chr22,47081739,47082530,NO,791
chr3,11812200,11812716,NO,516
chr2,71503649,71504319,NO,670
chr5,159716262,159716667,NO,405
chr10,72240429,72241167,NO,738
chr2,19172948,19173335,NO,387
chr12,52596659,52597060,NO,401
chr7,102709028,102709587,NO,559
chr1,167666506,167667190,NO,684
chr6,134489238,134491615,NO,2377
chr10,125823804,125824435,NO,631
chr20,32803513,32804100,NO,587
chr17,16328767,16329349,NO,582
chr6,121758516,121758909,NO,393
chr19,31210173,31210981,NO,808
chr17,71024057,71024977,NO,920
chr3,190024266,190024900,NO,634
chr17,15943987,15944933,NO,946
chr2,218881865,218882751,NO,886
chr7,50651792,50652597,NO,805
chr19,45454314,45454949,NO,635
chr1,233497527,233497966,NO,439
chr2,3045892,3046592,NO,700
chr17,61551160,61552455,NO,1295
chr11,23134795,23135331,NO,536
chr3,172234453,172235216,NO,763
chr17,78337673,78338392,NO,719
chr1,229306106,229307267,NO,1161
chr5,153738107,153738532,NO,425
chr10,47008906,47009519,NO,613
chr17,67043270,67044296,NO,1026
chr4,26361069,26361431,NO,362
chr10,93287937,93288546,NO,609
chr15,98631671,98632272,NO,601
chr12,15431915,15432449,NO,534
chr1,61803393,61804122,NO,729
chr22,28471261,28471927,NO,666
chr8,103741234,103741573,NO,339
chr7,1731692,1732207,NO,515
chr17,45144561,45145012,NO,451
chr2,110969683,110970142,NO,459
chr6,44231060,44231806,NO,746
chr1,173398524,173399411,NO,887
chrX,3615651,3616842,NO,1191
chr14,24743115,24743870,NO,755
chr1,17012507,17012766,NO,259
chr7,36698286,36699222,NO,936
chr9,110399590,110400106,NO,516
chr19,21751673,21752125,NO,452
chr14,89833445,89834170,NO,725
chr5,16866786,16867575,NO,789
chr20,36845566,36846025,NO,459
chr21,44425675,44426955,NO,1280
chr7,116712730,116713279,NO,549
chr20,48364087,48364955,NO,868
chr14,77330210,77330650,NO,440
chr1,120557172,120558459,NO,1287
chr3,141516350,141517548,NO,1198
chr3,49723670,49723995,NO,325
chr19,13960868,13961206,NO,338
chr13,96686652,96687182,NO,530
chr22,21590353,21592155,NO,1802
chr20,56186762,56187796,NO,1034
chr11,68205053,68205425,NO,372
chr13,24680164,24680898,NO,734
chr10,14695249,14695824,NO,575
chr3,128191674,128192419,NO,745
chr6,112364537,112365129,NO,592
chr9,139540583,139540897,NO,314
chr5,72576546,72577387,NO,841
chr2,131356959,131357504,NO,545
chr8,96112984,96125066,NO,12082
chr9,37692715,37693353,NO,638
chr20,4906430,4907148,NO,718
chr2,19302127,19303429,NO,1302
chr18,72956503,72959397,NO,2894
chr8,125784290,125784888,NO,598
chr10,70821465,70821925,NO,460
chr5,148340663,148342076,NO,1413
chr1,226168074,226168731,NO,657
chr8,17356121,17356818,NO,697
chr9,16100682,16101249,NO,567
chr15,85874453,85875141,NO,688
chr7,107592233,107592711,NO,478
chr10,5530408,5530949,NO,541
chr11,72122823,72123347,NO,524
chr17,56458421,56458876,NO,455
chr16,22243658,22244469,NO,811
chr5,177663294,177663784,NO,490
chr5,133887727,133888636,NO,909
chr8,128983404,128983659,NO,255
chr20,6193647,6194311,NO,664
chr4,154486130,154488262,NO,2132
chr4,185736215,185736794,NO,579
chr16,5026514,5027193,NO,679
chr10,121030563,121031188,NO,625
chr15,93421609,93422233,NO,624
chr20,1915602,1916134,NO,532
chr19,288851,289481,NO,630
chr20,47749713,47750332,NO,619
chr2,112342431,112343154,NO,723
chr12,132309785,132310205,NO,420
chr10,91134410,91134937,NO,527
chr2,55836424,55838486,NO,2062
chr20,24075972,24077011,NO,1039
chr1,228804537,228805160,NO,623
chr11,62480872,62481586,NO,714
chr10,375244,375791,NO,547
chr8,81279199,81279993,NO,794
chr7,73413814,73414147,NO,333
chr1,149992757,149994143,NO,1386
chr14,100222078,100222839,NO,761
chr8,102466871,102479218,NO,12347
chr19,35615209,35615566,NO,357
chr13,60217685,60219276,NO,1591
chr22,40904307,40906220,NO,1913
chr10,98478060,98478823,NO,763
chr1,224363419,224363690,NO,271
chr5,43396889,43397338,NO,449
chr21,26742700,26743204,NO,504
chr1,145262885,145264236,NO,1351
chr22,51007405,51008135,NO,730
chr3,11539672,11540520,NO,848
chr15,71570871,71572182,NO,1311
chr11,125245113,125246470,NO,1357
chr21,37749910,37750588,NO,678
chr2,85744101,85744587,NO,486
chr2,110552069,110552494,NO,425
chr1,27986003,27986627,NO,624
chr7,101044978,101045816,NO,838
chr3,53840827,53841350,NO,523
chr21,45358681,45359116,NO,435
chr19,19172184,19172630,NO,446
chr17,6923017,6923747,NO,730
chr12,105065871,105066511,NO,640
chr19,49377829,49378218,NO,389
chr13,111540003,111540754,NO,751
chr12,122070776,122071521,NO,745
chr8,102306904,102308262,NO,1358
chr7,22373298,22373923,NO,625
chr17,4151232,4151679,NO,447
chr6,113917913,113918649,NO,736
chr11,1990593,1990884,NO,291
chr10,126552757,126553525,NO,768
chr11,60897361,60898148,NO,787
chr2,47499209,47499705,NO,496
chr2,87834063,87834848,NO,785
chr13,60841739,60842183,NO,444
chr11,124746150,124746719,NO,569
chr20,1450101,1451189,NO,1088
chr3,72709637,72710414,NO,777
chr4,140940544,140943338,NO,2794
chr15,31572146,31572566,NO,420
chr9,85676029,85676781,NO,752
chr12,64429735,64433306,NO,3571
chr1,31136658,31137532,NO,874
chr15,100756043,100757052,NO,1009
chr22,40271278,40271602,NO,324
chr2,120192031,120192460,NO,429
chr2,220138970,220139486,NO,516
chr10,105518693,105519485,NO,792
chr16,67995179,67995960,NO,781
chr11,710680,711312,NO,632
chr16,79804061,79804933,NO,872
chr21,45304192,45304651,NO,459
chr8,1762015,1762838,NO,823
chr1,41807620,41808240,NO,620
chr10,89802139,89802504,NO,365
chr6,157417547,157417999,NO,452
chr2,239298616,239299053,NO,437
chr16,19195005,19196669,NO,1664
chr10,1258525,1258871,NO,346
chr22,21977810,21978185,NO,375
chr7,150671799,150672173,NO,374
chr17,65602476,65603451,NO,975
chr11,116891126,116891898,NO,772
chr7,73208056,73208456,NO,400
chr11,13360945,13361390,NO,445
chr20,43922215,43922591,NO,376
chr17,30629993,30630527,NO,534
chr5,68797642,68799482,NO,1840
chr7,56147044,56147634,NO,590
chr5,73497148,73497491,NO,343
chr8,8336170,8336800,NO,630
chr4,17491669,17492342,NO,673
chr1,85086298,85086803,NO,505
chr14,35871436,35872037,NO,601
chr11,45864920,45865847,NO,927
chr10,3389111,3389614,NO,503
chr5,118625137,118626248,NO,1111
chr1,48024700,48025212,NO,512
chr19,13944082,13944528,NO,446
chr11,122451650,122452200,NO,550
chr3,69249518,69250095,NO,577
chr6,17929400,17933666,NO,4266
chr15,91188647,91188965,NO,318
chr3,29494924,29495578,NO,654
chr14,91273477,91273987,NO,510
chr5,118661383,118661779,NO,396
chr18,52274391,52274900,NO,509
chr6,41031784,41032553,NO,769
chr3,186312352,186312929,NO,577
chr2,233983236,233984815,NO,1579
chr7,3560534,3561039,NO,505
chr20,37910898,37911912,NO,1014
chr14,34848669,34849323,NO,654
chr20,57570700,57571583,NO,883
chr10,44359520,44359974,NO,454
chrX,13396891,13397524,NO,633
chr4,72166194,72174634,NO,8440
chr13,112102981,112104135,NO,1154
chr13,76336681,76338706,NO,2025
chr11,128321150,128322081,NO,931
chr16,27200592,27201494,NO,902
chr6,89792134,89792969,NO,835
chr11,86451892,86452451,NO,559
chr2,87503053,87503766,NO,713
chr20,5046394,5054397,NO,8003
chr8,140969707,140970122,NO,415
chr9,95860635,95861034,NO,399
chr16,17316586,17317571,NO,985
chr7,47468294,47468694,NO,400
chr12,52370021,52370750,NO,729
chr22,35965168,35965579,NO,411
chr12,120890525,120892399,NO,1874
chr19,36369920,36370564,NO,644
chr11,65995458,65996627,NO,1169
chr10,93368305,93368930,NO,625
chr1,208011978,208012457,NO,479
chr17,44972093,44972883,NO,790
chr19,11805258,11805874,NO,616
chr11,73690994,73691809,NO,815
chr1,23805337,23805957,NO,620
chr20,22429730,22430343,NO,613
chr5,118607152,118609962,NO,2810
chr14,77653081,77653718,NO,637
chr3,124498707,124499072,NO,365
chr11,70795471,70795975,NO,504
chr3,193765087,193765673,NO,586
chr20,50006121,50006578,NO,457
chr9,74354363,74355234,NO,871
chr6,32987114,32987810,NO,696
chr9,124319689,124320157,NO,468
chr17,32562100,32562922,NO,822
chr16,3065495,3065880,NO,385
chr11,65835546,65836374,NO,828
chr1,34538262,34538863,NO,601
chr2,238522293,238523458,NO,1165
chr22,43832475,43832820,NO,345
chr10,115498296,115499666,NO,1370
chr2,60441144,60441633,NO,489
chr20,41223557,41224403,NO,846
chr1,151701580,151702341,NO,761
chr15,32357805,32358178,NO,373
chr3,55518889,55519287,NO,398
chr17,30454220,30455015,NO,795
chr10,71168668,71169181,NO,513
chr10,95332603,95333099,NO,496
chr11,130767325,130767666,NO,341
chr21,33721507,33721981,NO,474
chr11,65378401,65378798,NO,397
chr7,138663356,138663876,NO,520
chr17,77788644,77789358,NO,714
chr7,117854229,117854793,NO,564
chrX,24260660,24261221,NO,561
chr17,17409745,17410438,NO,693
chr4,88262752,88264186,NO,1434
chr1,142618685,142619173,NO,488
chr4,170170345,170173308,NO,2963
chr8,99177235,99177791,NO,556
chr21,45726655,45727329,NO,674
chrX,129091247,129091824,NO,577
chr16,25137245,25137759,NO,514
chr6,136389163,136389973,NO,810
chr3,124383430,124384269,NO,839
chr17,31303101,31303899,NO,798
chr3,124762319,124763065,NO,746
chr11,697606,698155,NO,549
chr10,530475,530993,NO,518
chr20,5802211,5802774,NO,563
chr4,87975294,87975634,NO,340
chr8,61626989,61627452,NO,463
chr12,27702542,27703288,NO,746
chr16,4763854,4764323,NO,469
chr14,34407357,34407912,NO,555
chr10,129283140,129283771,NO,631
chr10,98649164,98650176,NO,1012
chr12,65904587,65905605,NO,1018
chr22,44423097,44423445,NO,348
chr1,3796997,3797597,NO,600
chr11,12411662,12412707,NO,1045
chr1,48399762,48408285,NO,8523
chr11,17407671,17408196,NO,525
chr6,169556739,169557087,NO,348
chr13,103244451,103244859,NO,408
chr20,62719931,62720351,NO,420
chr14,103440585,103440834,NO,249
chr7,36751119,36751619,NO,500
chr1,87258435,87259007,NO,572
chr5,66462274,66462711,NO,437
chr1,232514012,232514682,NO,670
chr22,31451561,31451885,NO,324
chr8,4188652,4189308,NO,656
chr1,246771847,246772749,NO,902
chr3,186665763,186666129,NO,366
chr17,18553448,18553798,NO,350
chr8,21923927,21924438,NO,511
chr16,75249850,75250397,NO,547
chr2,174096073,174096729,NO,656
chr18,77772958,77773086,NO,128
chr12,52610935,52611369,NO,434
chr8,142402278,142403015,NO,737
chr5,106907449,106907956,NO,507
chr16,10672301,10672879,NO,578
chr2,119997824,119998642,NO,818
chr3,159481965,159482365,NO,400
chr9,117228677,117229147,NO,470
chr8,133910737,133911316,NO,579
chr2,46165855,46166258,NO,403
chr7,142462980,142463360,NO,380
chr10,137979,138452,NO,473
chr9,130102613,130103008,NO,395
chr9,34185288,34186057,NO,769
chr10,122705763,122706442,NO,679
chr22,25575233,25575634,NO,401
chr1,202779340,202779928,NO,588
chr20,48200357,48200854,NO,497
chr16,83847844,83848280,NO,436
chr11,28131670,28132209,NO,539
chr4,157919925,157926673,NO,6748
chr2,109899595,109899976,NO,381
chr10,100081096,100081408,NO,312
chr4,41144639,41145299,NO,660
chr19,58566284,58566996,NO,712
chr7,105857418,105857914,NO,496
chr7,157629665,157630004,NO,339
chr15,40268467,40269090,NO,623
chr15,77255905,77256296,NO,391
chr7,28930952,28931389,NO,437
chr3,197317027,197317495,NO,468
chr19,13075906,13076684,NO,778
chr4,25815456,25816379,NO,923
chr10,103124558,103124819,NO,261
chr6,30795813,30796357,NO,544
chr1,114347647,114348113,NO,466
chr16,16070759,16071049,NO,290
chr9,90283087,90283609,NO,522
chr15,30162958,30164011,NO,1053
chr7,35043520,35044008,NO,488
chr1,40733040,40733454,NO,414
chr1,1306871,1307391,NO,520
chr8,10872960,10873787,NO,827
chr15,100913275,100913620,NO,345
chr3,42518406,42518818,NO,412
chr5,60921675,60922111,NO,436
chr10,105204757,105205273,NO,516
chr9,94788626,94788979,NO,353
chr8,8421673,8422431,NO,758
chrX,132809516,132810229,NO,713
chr12,121602972,121603859,NO,887
chr1,65381446,65381836,NO,390
chr22,18060754,18061504,NO,750
chr12,12016289,12016939,NO,650
chr18,24337718,24338293,NO,575
chr5,138922795,138923443,NO,648
chr2,226895784,226896149,NO,365
chr2,202860789,202861159,NO,370
chr20,37678496,37678862,NO,366
chr20,52436599,52437161,NO,562
chr1,214297669,214299021,NO,1352
chr1,230321425,230322141,NO,716
chr16,29833711,29834158,NO,447
chr18,24091294,24091949,NO,655
chr2,28455971,28456332,NO,361
chr13,32519150,32519641,NO,491
chr7,72825004,72825583,NO,579
chr17,65386280,65386990,NO,710
chr10,91037769,91043739,NO,5970
chr4,185305565,185306184,NO,619
chr13,53584102,53584921,NO,819
chr11,2554678,2555039,NO,361
chr11,63532325,63533064,NO,739
chr17,18869116,18869582,NO,466
chr10,105492328,105492788,NO,460
chr17,1633900,1634433,NO,533
chr16,84210093,84210686,NO,593
chr15,93276979,93277707,NO,728
chr13,32501556,32504946,NO,3390
chr11,60763735,60764389,NO,654
chr19,1507917,1508305,NO,388
chr10,93316112,93317009,NO,897
chr16,67867457,67867830,NO,373
chr19,1273167,1273517,NO,350
chr17,79648543,79649262,NO,719
chr6,170493882,170494492,NO,610
chr9,89021885,89022560,NO,675
chr16,19764975,19765593,NO,618
chr14,77590071,77590639,NO,568
chr4,40925300,40926210,NO,910
chr3,64199520,64200188,NO,668
chr11,64766065,64766752,NO,687
chr20,47802315,47802805,NO,490
chr18,9015206,9015582,NO,376
chr22,36310893,36311735,NO,842
chr5,173381723,173383223,NO,1500
chr2,118943223,118944025,NO,802
chr16,10965047,10965991,NO,944
chr22,46438561,46439103,NO,542
chr2,120337278,120337836,NO,558
chr15,71629273,71629821,NO,548
chr14,105235095,105235408,NO,313
chr1,117538934,117539415,NO,481
chr4,46726367,46726639,NO,272
chr13,23270676,23270920,NO,244
chr3,45180631,45181238,NO,607
chr19,51004382,51004734,NO,352
chrX,10069988,10070492,NO,504
chrX,71840650,71841218,NO,568
chr9,132044630,132045362,NO,732
chr2,6326518,6327717,NO,1199
chr14,62217851,62218299,NO,448
chr3,194037915,194038316,NO,401
chr10,16874466,16875186,NO,720
chr2,9374429,9374876,NO,447
chr2,88997969,88999484,NO,1515
chr7,63498472,63498857,NO,385
chr2,47572159,47572765,NO,606
chr14,102672917,102673375,NO,458
chr17,42173106,42173677,NO,571
chr9,19403914,19404771,NO,857
chr8,134653842,134654600,NO,758
chr6,126264296,126264865,NO,569
chrX,46988669,46989266,NO,597
chr10,35057579,35057966,NO,387
chr2,218701899,218702316,NO,417
chr5,171538141,171538604,NO,463
chr14,76334735,76335364,NO,629
chr6,5205949,5206719,NO,770
chr8,37939010,37939589,NO,579
chr11,1283531,1283959,NO,428
chr12,52615873,52616374,NO,501
chr13,73823078,73823686,NO,608
chr17,61028247,61028491,NO,244
chr16,11591189,11591676,NO,487
chr3,103505156,103505567,NO,411
chr14,31528856,31529999,NO,1143
chr14,103726504,103727241,NO,737
chr5,14440826,14441445,NO,619
chr5,124223848,124224253,NO,405
chr5,79130816,79131236,NO,420
chr9,138903609,138903948,NO,339
chr9,90011424,90022849,NO,11425
chr16,89763332,89763730,NO,398
chr17,7117456,7118486,NO,1030
chr16,2276209,2276585,NO,376
chr20,5953254,5954729,NO,1475
chr9,2639879,2641765,NO,1886
chr6,129958310,129966912,NO,8602
chr14,30692660,30693978,NO,1318
chr10,111694653,111695130,NO,477
chr3,114425653,114438485,NO,12832
chr9,100503504,100504051,NO,547
chr6,29127531,29127985,NO,454
chr3,49843180,49843615,NO,435
chr11,86651056,86651817,NO,761
chr17,15608118,15608496,NO,378
chr15,89692776,89693277,NO,501
chr18,46307602,46308200,NO,598
chr18,75078764,75079240,NO,476
chr19,31842284,31842628,NO,344
chr3,26322748,26323284,NO,536
chr8,126653456,126653925,NO,469
chr12,3353073,3353723,NO,650
chr11,75133588,75133915,NO,327
chr4,40906777,40906999,NO,222
chr17,3906784,3907772,NO,988
chr12,129009193,129009757,NO,564
chr10,72147042,72147502,NO,460
chr9,38381351,38381962,NO,611
chr10,89445183,89446388,NO,1205
chr2,99374293,99374840,NO,547
chr5,5066165,5066757,NO,592
chr5,53829711,53830399,NO,688
chr15,29843287,29843692,NO,405
chr16,84676466,84676938,NO,472
chr19,53088044,53088799,NO,755
chr3,46853646,46854071,NO,425
chr14,73471851,73472376,NO,525
chr19,41269887,41270158,NO,271
chr19,53103880,53104301,NO,421
chr1,10117436,10118253,NO,817
chr6,710762,711394,NO,632
chr1,41364541,41365335,NO,794
chr1,116767269,116767965,NO,696
chr3,37809737,37810563,NO,826
chr2,30440434,30440857,NO,423
chr3,172468570,172469011,NO,441
chr15,79755392,79756532,NO,1140
chr10,86753215,86753778,NO,563
chr18,449389,449916,NO,527
chr3,40980381,40980963,NO,582
chr17,61896816,61897569,NO,753
chr1,209974555,209975615,NO,1060
chr15,86293922,86294394,NO,472
chr9,131012195,131012712,NO,517
chr11,94527326,94528100,NO,774
chr8,22530384,22530992,NO,608
chr14,68205542,68206172,NO,630
chr4,129228694,129231776,NO,3082
chr12,130554818,130555393,NO,575
chr8,19315392,19315789,NO,397
chr7,73843132,73843729,NO,597
chr6,12586016,12586330,NO,314
chr19,13944531,13944991,NO,460
chr7,100894999,100895596,NO,597
chrX,53024714,53025101,NO,387
chr22,38731905,38732202,NO,297
chr1,154520088,154520516,NO,428
chr16,15556256,15556684,NO,428
chr13,113582986,113583436,NO,450
chr6,170747291,170747656,NO,365
chr9,100908152,100908595,NO,443
chr8,127387122,127388360,NO,1238
chr17,1157121,1157486,NO,365
chr5,73944896,73948337,NO,3441
chr14,70081973,70082624,NO,651
chr18,375061,376290,NO,1229
chr11,127811442,127811711,NO,269
chr19,11453549,11453911,NO,362
chr12,133042981,133043531,NO,550
chr7,142453389,142454049,NO,660
chr20,49360822,49361487,NO,665
chr1,245209659,245210579,NO,920
chr5,34585938,34586461,NO,523
chr6,149353289,149353943,NO,654
chr14,102653615,102654156,NO,541
chr18,74331378,74331822,NO,444
chr5,81074464,81075580,NO,1116
chr19,20614638,20615042,NO,404
chr2,86860244,86860747,NO,503
chr2,74433517,74433806,NO,289
chr5,73838912,73839888,NO,976
chr6,21501041,21501756,NO,715
chr4,10058557,10058931,NO,374
chr1,9171093,9171452,NO,359
chr16,50237539,50238250,NO,711
chr6,105774057,105775664,NO,1607
chr6,152561793,152563037,NO,1244
chr9,128652038,128652528,NO,490
chr9,124851326,124851698,NO,372
chr16,1827747,1828046,NO,299
chr6,157469750,157470248,NO,498
chr5,39721411,39721842,NO,431
chr16,9005250,9005843,NO,593
chr1,209960417,209961098,NO,681
chr17,74222976,74223156,NO,180
chr2,121080903,121081248,NO,345
chr5,159784918,159785144,NO,226
chr1,17560430,17560686,NO,256
chr18,60845053,60845615,NO,562
chr11,129698097,129698690,NO,593
chr6,64168120,64168663,NO,543
chr1,64507955,64508835,NO,880
chr1,172291325,172291863,NO,538
chr22,21821795,21822719,NO,924
chr1,87691649,87692074,NO,425
chr2,85166918,85167471,NO,553
chr8,144524105,144524322,NO,217
chr6,109266716,109267374,NO,658
chr1,167789289,167789714,NO,425
chr5,116006985,116008677,NO,1692
chr9,12784746,12785231,NO,485
chr11,35385319,35385861,NO,542
chr8,142388685,142389011,NO,326
chr21,37254956,37255567,NO,611
chr9,140487024,140487474,NO,450
chr12,103279256,103279872,NO,616
chr7,121080990,121081210,NO,220
chr19,34796426,34798203,NO,1777
chr1,59448142,59448550,NO,408
chr8,12979528,12980922,NO,1394
chr22,38679771,38680277,NO,506
chr1,151445808,151446219,NO,411
chr11,46450656,46451041,NO,385
chr22,42062795,42063224,NO,429
chr10,119654,120008,NO,354
chr11,12807529,12808082,NO,553
chr19,17877269,17877797,NO,528
chr11,126002446,126002865,NO,419
chr19,49057310,49057827,NO,517
chr2,196978284,196978803,NO,519
chr10,104990167,104990744,NO,577
chr22,20099907,20100323,NO,416
chr4,75930415,75930948,NO,533
chr4,72383483,72383806,NO,323
chr3,87101718,87102043,NO,325
chr17,74413152,74413451,NO,299
chr3,8540458,8541422,NO,964
chr7,138775732,138780368,NO,4636
chr14,95651371,95651838,NO,467
chr2,177065860,177066169,NO,309
chr19,3141812,3142175,NO,363
chr6,158018654,158019206,NO,552
chr7,74050062,74050859,NO,797
chr12,12484533,12485487,NO,954
chr16,75254851,75255314,NO,463
chr17,79626196,79627359,NO,1163
chr9,78795329,78796500,NO,1171
chr15,29118417,29119107,NO,690
chr9,131123976,131124636,NO,660
chr10,46043595,46043995,NO,400
chr15,101548384,101548972,NO,588
chr1,214613055,214613702,NO,647
chr9,71708644,71709082,NO,438
chr6,150161640,150162133,NO,493
chr17,43275006,43275722,NO,716
chr7,139174550,139175057,NO,507
chr20,35520333,35520595,NO,262
chr7,91195198,91195595,NO,397
chr12,121366656,121367120,NO,464
chr17,73305222,73305649,NO,427
chr10,33562361,33562932,NO,571
chr3,46737827,46738251,NO,424
chr1,147735546,147735855,NO,309
chr1,109359105,109359641,NO,536
chr12,125609435,125609811,NO,376
chr21,29765285,29765747,NO,462
chr3,124353631,124355589,NO,1958
chr15,28340018,28340481,NO,463
chr5,141404347,141404779,NO,432
chr6,35328278,35328916,NO,638
chr7,98638169,98638679,NO,510
chr2,218196495,218196952,NO,457
chr14,65405603,65406264,NO,661
chr16,3415101,3415601,NO,500
chr1,153973333,153974933,NO,1600
chr8,142953244,142953536,NO,292
chr6,150559505,150559914,NO,409
chr9,16704700,16705593,NO,893
chr5,75840050,75840347,NO,297
chr17,48663595,48663981,NO,386
chr11,95901702,95902718,NO,1016
chr17,40176891,40177559,NO,668
chr6,134838146,134838899,NO,753
chr10,29716605,29716925,NO,320
chr16,29093278,29093901,NO,623
chr11,1553541,1553849,NO,308
chr22,19047373,19047937,NO,564
chr21,39030929,39031873,NO,944
chr10,120982151,120982724,NO,573
chr20,17743087,17743506,NO,419
chr6,2839756,2840263,NO,507
chr19,4117366,4117765,NO,399
chr20,25235848,25236188,NO,340
chr1,15786933,15787445,NO,512
chr7,139779138,139779647,NO,509
chr12,52622861,52623313,NO,452
chr5,169918697,169919404,NO,707
chr7,41744460,41744864,NO,404
chr21,46524531,46524872,NO,341
chr5,115745458,115746507,NO,1049
chr1,207979928,207980312,NO,384
chr5,168304175,168304637,NO,462
chr16,15723050,15723426,NO,376
chr19,15133623,15134159,NO,536
chr7,32708985,32709454,NO,469
chr16,75242777,75243212,NO,435
chr10,1016671,1017859,NO,1188
chr8,101859539,101860022,NO,483
chr11,46847987,46848409,NO,422
chr2,16209976,16210520,NO,544
chr6,40879928,40880553,NO,625
chr9,27379267,27379836,NO,569
chr3,13153466,13154323,NO,857
chr5,10663500,10664191,NO,691
chr6,17993184,17993446,NO,262
chr1,113931180,113931824,NO,644
chr6,160360643,160361145,NO,502
chr15,74226146,74226855,NO,709
chr8,38815108,38815620,NO,512
chr2,86023120,86023411,NO,291
chr18,7004027,7005181,NO,1154
chr5,14488913,14489219,NO,306
chr20,3440353,3441022,NO,669
chr12,96633296,96633648,NO,352
chr17,15563085,15563488,NO,403
chr7,31028462,31028904,NO,442
chr15,68564247,68564678,NO,431
chr6,130005185,130005993,NO,808
chr16,70955309,70955604,NO,295
chr1,214656534,214656799,NO,265
chr17,1363297,1363813,NO,516
chr6,169824865,169825315,NO,450
chr2,97439749,97440044,NO,295
chr10,97110573,97111623,NO,1050
chr8,131431784,131432063,NO,279
chr1,231370241,231370718,NO,477
chr16,2700695,2701612,NO,917
chr17,62317644,62318100,NO,456
chr7,5394137,5394546,NO,409
chr9,139466771,139467143,NO,372
chr1,246949050,246949361,NO,311
chr17,37729781,37730483,NO,702
chr11,117739969,117740316,NO,347
chr17,34110458,34111079,NO,621
chr16,3087909,3088477,NO,568
chr12,69198522,69199169,NO,647
chr3,127494495,127494927,NO,432
chr5,142886991,142887466,NO,475
chr6,155406373,155407445,NO,1072
chr19,47583111,47583641,NO,530
chr17,47794820,47795164,NO,344
chr14,21081702,21082017,NO,315
chr11,3096363,3096782,NO,419
chr3,125709225,125709768,NO,543
chr9,37565618,37567106,NO,1488
chr12,68141463,68141918,NO,455
chr1,41174624,41176379,NO,1755
chr4,27698209,27698311,NO,102
chr18,3173253,3175286,NO,2033
chr16,87904941,87905256,NO,315
chr5,35130028,35130655,NO,627
chr1,62728718,62729445,NO,727
chr1,26440217,26441184,NO,967
chr7,104829365,104829970,NO,605
chr14,64968419,64968808,NO,389
chr18,29465659,29465881,NO,222
chr13,45965158,45965605,NO,447
chr16,24788289,24788632,NO,343
chr11,888631,889006,NO,375
chr15,52024104,52024541,NO,437
chr15,32942537,32950653,NO,8116
chr7,63353425,63353749,NO,324
chr11,111886971,111887636,NO,665
chr3,171816498,171817515,NO,1017
chr2,129950417,129950919,NO,502
chr5,108748890,108749629,NO,739
chr11,62138437,62138907,NO,470
chr6,17096019,17096685,NO,666
chrX,48911072,48911633,NO,561
chr16,57791311,57791737,NO,426
chr7,130606045,130606698,NO,653
chr14,103149906,103150512,NO,606
chr11,68310846,68311346,NO,500
chr20,23186543,23186829,NO,286
chr9,131815051,131815624,NO,573
chrX,148606723,148607075,NO,352
chr2,135169012,135169730,NO,718
chr7,100932403,100932722,NO,319
chr7,137896959,137897350,NO,391
chr9,129986806,129987177,NO,371
chr18,479151,479830,NO,679
chr22,46493999,46494358,NO,359
chr14,95080339,95080736,NO,397
chr10,72091714,72092066,NO,352
chr14,105687189,105687527,NO,338
chr5,31638787,31639382,NO,595
chr1,100678720,100679119,NO,399
chr10,45142957,45143314,NO,357
chr11,47276300,47276854,NO,554
chr1,226684003,226684320,NO,317
chr10,130726126,130726460,NO,334
chr22,46454503,46454899,NO,396
chr9,98224716,98225256,NO,540
chr18,12271562,12272046,NO,484
chr13,43629295,43629826,NO,531
chr14,63904513,63905041,NO,528
chr6,3712696,3713164,NO,468
chr8,8735299,8735788,NO,489
chr1,15755911,15756423,NO,512
chr5,113391505,113391923,NO,418
chr11,9124840,9125537,NO,697
chr14,31560186,31560815,NO,629
chr16,23373903,23374450,NO,547
chr12,52457869,52458499,NO,630
chr17,17204050,17204496,NO,446
chr10,29228281,29228878,NO,597
chr19,20348687,20349283,NO,596
chr4,2415174,2415627,NO,453
chr12,110440866,110441398,NO,532
chr19,21621913,21623020,NO,1107
chr4,2578025,2585274,NO,7249
chr12,109248399,109248872,NO,473
chr11,17374973,17375458,NO,485
chr10,126389708,126390195,NO,487
chr3,183024452,183024886,NO,434
chr1,26069711,26070160,NO,449
chr15,86086857,86087419,NO,562
chr19,11434385,11435176,NO,791
chr16,14512445,14513215,NO,770
chr15,102305097,102305358,NO,261
chr6,27720736,27721162,NO,426
chr12,93788282,93788533,NO,251
chr13,51820612,51820944,NO,332
chr11,64387390,64387745,NO,355
chr2,242600154,242600775,NO,621
chr14,65536481,65537658,NO,1177
chr9,130370484,130370881,NO,397
chr10,79257570,79258113,NO,543
chr1,116710651,116711130,NO,479
chr14,25100223,25100670,NO,447
chr2,114634245,114634795,NO,550
chr6,157315765,157316390,NO,625
chr4,8508525,8508942,NO,417
chr10,65930527,65930898,NO,371
chr16,4919162,4919542,NO,380
chr14,23707140,23707711,NO,571
chr5,170932539,170932820,NO,281
chr16,9506661,9507116,NO,455
chr5,173287372,173287829,NO,457
chr18,3665813,3666264,NO,451
chr3,178225419,178226256,NO,837
chr8,102843862,102845504,NO,1642
chr3,99639839,99644739,NO,4900
chr10,1198712,1199079,NO,367
chr10,121655385,121656746,NO,1361
chr13,114942644,114942898,NO,254
chr19,36258296,36258827,NO,531
chr9,136653910,136654302,NO,392
chr5,14373790,14374276,NO,486
chr3,194930128,194930449,NO,321
chr10,105397990,105398340,NO,350
chr17,15812699,15813110,NO,411
chr11,7957809,7958346,NO,537
chr18,45820730,45821080,NO,350
chr17,76834606,76835068,NO,462
chr16,29955044,29955542,NO,498
chr22,27291077,27291684,NO,607
chr2,121334223,121334590,NO,367
chr8,18744170,18744545,NO,375
chr15,68934899,68935160,NO,261
chr9,75612351,75612850,NO,499
chr1,85603480,85608572,NO,5092
chr2,182725983,182726495,NO,512
chr8,129165380,129165727,NO,347
chr3,43204042,43204529,NO,487
chr2,86299267,86299703,NO,436
chr1,23076512,23076997,NO,485
chr1,15787894,15788373,NO,479
chr15,90208927,90209478,NO,551
chr19,58858729,58859008,NO,279
chr10,29607289,29607964,NO,675
chr6,36703168,36703606,NO,438
chr10,88852767,88853187,NO,420
chr17,9054133,9054551,NO,418
chr7,10515998,10516319,NO,321
chr17,80795595,80796175,NO,580
chr10,100220882,100221361,NO,479
chr11,65319206,65319634,NO,428
chr16,1185168,1185517,NO,349
chr9,131965160,131965518,NO,358
chr17,66470360,66470732,NO,372
chr12,72859816,72860325,NO,509
chr9,112279895,112280368,NO,473
chr5,75469956,75470199,NO,243
chr17,18094009,18094713,NO,704
chr9,88552136,88552864,NO,728
chr7,39872809,39873134,NO,325
chr2,169673651,169673961,NO,310
chr1,15776025,15776541,NO,516
chr2,171830186,171830592,NO,406
chr1,211643307,211643857,NO,550
chr7,149992696,149993100,NO,404
chr15,100339612,100339873,NO,261
chr2,162197425,162197902,NO,477
chr12,133485258,133485636,NO,378
chr8,121079990,121080434,NO,444
chr2,30497470,30497840,NO,370
chr9,27414084,27414581,NO,497
chr3,40919479,40919982,NO,503
chr1,19778456,19778743,NO,287
chr11,61690981,61691392,NO,411
chr7,151249260,151249605,NO,345
chr2,128658957,128659341,NO,384
chr2,239764642,239764896,NO,254
chr17,62293895,62294245,NO,350
chr1,41451893,41452286,NO,393
chr13,33753643,33754259,NO,616
chr3,32086944,32087423,NO,479
chr2,86098965,86099385,NO,420
chr3,127634244,127634601,NO,357
chr1,23919876,23920635,NO,759
chr2,159810578,159811244,NO,666
chr11,20002581,20003106,NO,525
chr22,18981590,18981941,NO,351
chr17,15545876,15546458,NO,582
chr9,98980084,98980532,NO,448
chr6,166418710,166419452,NO,742
chr6,106808560,106809145,NO,585
chr14,104190428,104190836,NO,408
chr4,7052188,7052684,NO,496
chr10,44277006,44277617,NO,611
chr17,80740660,80740964,NO,304
chr1,207490276,207490647,NO,371
chr17,80296672,80297114,NO,442
chr17,65542476,65543005,NO,529
chr2,109877314,109877783,NO,469
chr16,14379375,14379704,NO,329
chr16,89151184,89151691,NO,507
chr9,85662798,85663330,NO,532
chr2,128212607,128213269,NO,662
chr11,130033458,130034102,NO,644
chr15,77359215,77360615,NO,1400
chr11,130686720,130687336,NO,616
chr15,101728518,101729519,NO,1001
chr11,102337744,102338137,NO,393
chr9,98534661,98535382,NO,721
chr12,51765051,51765776,NO,725
chr9,77845047,77845402,NO,355
chr11,44010544,44011001,NO,457
chr11,46614903,46615704,NO,801
chr20,32321810,32322389,NO,579
chr8,142126528,142126952,NO,424
chr20,50073128,50073506,NO,378
chr12,4398370,4398691,NO,321
chr10,69656311,69656519,NO,208
chr1,226033283,226033717,NO,434
chr5,5313706,5314027,NO,321
chr2,235825417,235825822,NO,405
chr8,29361467,29361832,NO,365
chr1,229284141,229284734,NO,593
chr15,75614772,75615092,NO,320
chr5,142092785,142093162,NO,377
chr22,42224666,42225022,NO,356
chr12,104682312,104683013,NO,701
chr15,83565059,83565409,NO,350
chr6,42672525,42672921,NO,396
chr1,209920885,209921375,NO,490
chr5,66511167,66511868,NO,701
chr4,3123808,3124197,NO,389
chr12,32688080,32688568,NO,488
chr18,72209026,72209530,NO,504
chr14,103021655,103021965,NO,310
chr6,901147,901789,NO,642
chr12,63025626,63025899,NO,273
chr18,60117982,60118629,NO,647
chr12,57908794,57909106,NO,312
chr22,46446257,46446847,NO,590
chr2,25562300,25562671,NO,371
chr2,106231660,106231993,NO,333
chr19,47693551,47694108,NO,557
chr5,95674344,95674615,NO,271
chr1,70032870,70033388,NO,518
chr2,206723669,206724199,NO,530
chr10,125803991,125804255,NO,264
chr11,82763259,82766161,NO,2902
chr11,7597792,7598123,NO,331
chr20,44065336,44065706,NO,370
chr2,90383216,90383493,NO,277
chr2,91604704,91604981,NO,277
chr6,11830723,11831096,NO,373
chr15,31449800,31451489,NO,1689
chr2,231731900,231732274,NO,374
chr4,56263839,56265555,NO,1716
chr8,134527257,134527535,NO,278
chr5,6766857,6767231,NO,374
chr16,3788852,3789425,NO,573
chr18,28813797,28814188,NO,391
chr3,114611833,114622017,NO,10184
chr11,3284754,3285018,NO,264
chr11,3330583,3330847,NO,264
chr17,40805411,40805864,NO,453
chr7,90869090,90870038,NO,948
chr8,145164610,145165034,NO,424
chr6,157254357,157254883,NO,526
chr7,2861163,2861813,NO,650
chrX,149113841,149114386,NO,545
chr2,127461700,127463138,NO,1438
chr4,154373244,154373761,NO,517
chr17,45920765,45921214,NO,449
chr9,36209518,36209787,NO,269
chr14,102239400,102239985,NO,585
chr5,158522133,158522498,NO,365
chr3,12851331,12851879,NO,548
chr2,165694274,165695953,NO,1679
chr16,27527408,27527852,NO,444
chr1,214200114,214200746,NO,632
chr2,39731275,39731670,NO,395
chr17,39896199,39896745,NO,546
chr2,42789386,42789822,NO,436
chr3,51891455,51891730,NO,275
chr12,34831706,34831831,NO,125
chr22,20286682,20287069,NO,387
chr2,242616983,242617267,NO,284
chr5,32276205,32276594,NO,389
chr1,29211130,29211542,NO,412
chr19,1232209,1232682,NO,473
chr13,31379249,31379663,NO,414
chr11,67570754,67571005,NO,251
chr15,89158733,89159196,NO,463
chr18,20758114,20758576,NO,462
chr3,96495697,96496048,NO,351
chr9,33083141,33083387,NO,246
chr6,35133687,35134029,NO,342
chr9,101553794,101554207,NO,413
chr8,22034060,22034324,NO,264
chr2,88381837,88382428,NO,591
chr10,99355878,99356470,NO,592
chr10,79136739,79137070,NO,331
chr18,12313362,12314322,NO,960
chr20,31252548,31253135,NO,587
chr11,75092018,75100010,NO,7992
chr3,24562795,24563327,NO,532
chr2,192306235,192306819,NO,584
chr5,126565094,126565624,NO,530
chr1,65720215,65720766,NO,551
chr6,90894252,90894650,NO,398
chrX,153388732,153389483,NO,751
chr9,33849967,33850588,NO,621
chr19,22398223,22398546,NO,323
chr1,112533412,112534035,NO,623
chr5,56563198,56563642,NO,444
chr10,88174838,88175776,NO,938
chr11,74393020,74393276,NO,256
chr10,114820420,114820780,NO,360
chr16,22435676,22436547,NO,871
chr11,116706068,116706434,NO,366
chr3,171848190,171856016,NO,7826
chr2,217289859,217290134,NO,275
chr16,14004204,14004765,NO,561
chr6,135151101,135151395,NO,294
chr2,120160624,120160987,NO,363
chr12,122277600,122278033,NO,433
chr19,22806282,22806719,NO,437
chr21,37560477,37560809,NO,332
chr1,28827686,28828240,NO,554
chr7,117313528,117313911,NO,383
chr16,8569234,8570000,NO,766
chr7,30027292,30027670,NO,378
chr8,24075928,24076395,NO,467
chr15,48134474,48135377,NO,903
chr10,13919724,13920044,NO,320
chr10,52753101,52753622,NO,521
chr10,76513275,76513550,NO,275
chr22,45555477,45556169,NO,692
chr1,78462487,78463853,NO,1366
chr20,16555795,16556126,NO,331
chr11,6479112,6479626,NO,514
chr10,13158186,13158510,NO,324
chr12,110981411,110981909,NO,498
chr12,118627421,118627889,NO,468
chr7,152510970,152511340,NO,370
chr12,118240381,118240803,NO,422
chr9,74622701,74623005,NO,304
chr11,60425511,60425953,NO,442
chr17,75251397,75251768,NO,371
chr19,57828850,57829183,NO,333
chr1,35913655,35914447,NO,792
chr7,99814746,99815187,NO,441
chr10,33448898,33449410,NO,512
chr3,58456400,58456873,NO,473
chr14,93430166,93430752,NO,586
chr8,22210241,22210644,NO,403
chr14,95120409,95121016,NO,607
chrX,13016394,13016855,NO,461
chr2,158185973,158186323,NO,350
chr11,121799856,121801272,NO,1416
chr17,70335393,70335820,NO,427
chr3,40439451,40439966,NO,515
chr9,2816457,2816808,NO,351
chr2,191844685,191845286,NO,601
chr1,207020699,207021316,NO,617
chr10,82295459,82295826,NO,367
chr13,113667257,113667802,NO,545
chr2,197870228,197870869,NO,641
chr15,86163198,86163619,NO,421
chr11,67848893,67849238,NO,345
chr2,206840222,206840757,NO,535
chr15,39181014,39181407,NO,393
chr12,52624251,52624673,NO,422
chr11,122141765,122142210,NO,445
chr11,63986437,63987099,NO,662
chr7,90563261,90563662,NO,401
chr8,140800679,140801066,NO,387
chr10,128272301,128273042,NO,741
chr9,91568261,91568660,NO,399
chr15,69781638,69782435,NO,797
chr12,64349835,64350254,NO,419
chr7,72147545,72148320,NO,775
chr16,15684311,15685231,NO,920
chr11,94336173,94336632,NO,459
chr1,2689066,2689302,NO,236
chr13,29297967,29298182,NO,215
chr10,73357996,73358546,NO,550
chr19,47747099,47747621,NO,522
chr9,85212557,85213527,NO,970
chr9,124738296,124738771,NO,475
chr10,32232962,32233419,NO,457
chr17,75826804,75827104,NO,300
chr12,31803629,31803968,NO,339
chr8,81983965,81984512,NO,547
chr9,133464175,133464443,NO,268
chr4,186304515,186305398,NO,883
chr5,172233888,172234680,NO,792
chr10,4944930,4945336,NO,406
chr13,31248131,31248633,NO,502
chr12,34371556,34372029,NO,473
chr19,4829092,4829677,NO,585
chr2,86593487,86593883,NO,396
chr14,62082980,62083311,NO,331
chr17,33787304,33787695,NO,391
chr4,113626833,113627427,NO,594
chr17,68675340,68676084,NO,744
chr4,102112870,102113237,NO,367
chr2,168148821,168149436,NO,615
chr1,64971583,64972018,NO,435
chr16,69134135,69134666,NO,531
chr3,139961462,139962192,NO,730
chr16,1682285,1682786,NO,501
chr11,76842255,76842914,NO,659
chr10,32667445,32668110,NO,665
chr5,11384653,11385113,NO,460
chr19,752929,753219,NO,290
chr11,83435552,83436182,NO,630
chr17,73110322,73110810,NO,488
chr16,57875524,57876050,NO,526
chr16,81214642,81214990,NO,348
chr14,99991052,99991452,NO,400
chr2,70684074,70684341,NO,267
chr9,91145384,91145949,NO,565
chr2,8764321,8764710,NO,389
chr21,9954710,9954982,NO,272
chr20,57519888,57520318,NO,430
chr2,68063687,68064641,NO,954
chr15,86329491,86330007,NO,516
chr11,69152325,69152608,NO,283
chr1,12244654,12245047,NO,393
chr10,30356938,30357972,NO,1034
chr19,1264413,1264761,NO,348
chr8,142164328,142164682,NO,354
chr17,75920772,75921345,NO,573
chr4,131771216,131771783,NO,567
chr8,37696236,37696593,NO,357
chr17,19549212,19549623,NO,411
chr18,56609649,56609984,NO,335
chr5,172011396,172011942,NO,546
chrX,38922458,38923153,NO,695
chr12,52597257,52597541,NO,284
chr14,23372523,23373340,NO,817
chr22,50648036,50648444,NO,408
chr13,110874295,110874611,NO,316
chr16,3077174,3077670,NO,496
chr20,57482311,57483021,NO,710
chr1,142634914,142635135,NO,221
chr6,11368140,11368553,NO,413
chr7,64458152,64458587,NO,435
chr19,4328658,4328880,NO,222
chr12,11917126,11919744,NO,2618
chr10,82081246,82083303,NO,2057
chr7,152156949,152157437,NO,488
chr2,26497810,26498678,NO,868
chr1,26025867,26026453,NO,586
chr3,9175741,9176138,NO,397
chr20,52403397,52403721,NO,324
chr14,60864422,60864689,NO,267
chr1,165567595,165567989,NO,394
chr7,66593931,66594706,NO,775
chr9,2157606,2158575,NO,969
chr9,131831374,131831858,NO,484
chr6,38120037,38120318,NO,281
chr16,66906771,66907198,NO,427
chr9,120249959,120250337,NO,378
chr11,837023,837372,NO,349
chr9,80149749,80150234,NO,485
chr1,208328317,208328739,NO,422
chr20,34206713,34207145,NO,432
chr22,45732859,45733194,NO,335
chr12,57077281,57078938,NO,1657
chr10,115706894,115707460,NO,566
chr4,108747807,108748265,NO,458
chr22,46392894,46393326,NO,432
chr6,4316988,4317404,NO,416
chr3,149877307,149877769,NO,462
chr1,168802876,168803293,NO,417
chr1,226127060,226127389,NO,329
chr1,30155271,30155755,NO,484
chr7,142638244,142638706,NO,462
chr11,18742513,18742920,NO,407
chr1,8658293,8658707,NO,414
chr17,66958887,66959537,NO,650
chr18,13269567,13270198,NO,631
chr4,129349114,129349573,NO,459
chr16,3568850,3569224,NO,374
chr8,17706963,17708443,NO,1480
chr2,86176122,86176548,NO,426
chr1,55007952,55008578,NO,626
chr1,23946345,23946706,NO,361
chr14,27311464,27311877,NO,413
chr17,29752629,29752979,NO,350
chr14,99286180,99286533,NO,353
chr11,118111968,118112306,NO,338
chr12,110037912,110038336,NO,424
chr11,62162583,62162997,NO,414
chr1,26054047,26054393,NO,346
chr20,31278523,31278865,NO,342
chr22,32569257,32569607,NO,350
chr4,1581978,1582252,NO,274
chr16,19873009,19873235,NO,226
chr3,124926690,124927031,NO,341
chr6,167617137,167617831,NO,694
chr17,81010,81346,NO,336
chr11,78658240,78658594,NO,354
chr10,73004395,73004627,NO,232
chr15,74543670,74544059,NO,389
chr7,100951804,100952302,NO,498
chr1,227009815,227010127,NO,312
chr11,19747396,19747708,NO,312
chr5,124042676,124043223,NO,547
chr10,96990595,96990936,NO,341
chr3,193589815,193590253,NO,438
chr3,46908711,46909076,NO,365
chr17,40737158,40737481,NO,323
chr7,105931576,105932106,NO,530
chr3,187754381,187754812,NO,431
chr9,117012067,117012608,NO,541
chr3,126761758,126762335,NO,577
chr11,113906951,113907387,NO,436
chr3,71744051,71744565,NO,514
chr11,57319634,57320143,NO,509
chr6,36089175,36089439,NO,264
chr17,64713675,64714023,NO,348
chr13,41051999,41052682,NO,683
chr9,6037822,6038134,NO,312
chr22,39184552,39185094,NO,542
chrX,15317798,15320734,NO,2936
chr18,2984619,2985100,NO,481
chr1,10821798,10822187,NO,389
chr2,12597005,12597553,NO,548
chr8,146229738,146230296,NO,558
chr9,33762175,33762549,NO,374
chr12,25956103,25956321,NO,218
chr22,39260772,39261348,NO,576
chr9,80895998,80896464,NO,466
chr6,167733342,167734036,NO,694
chr5,139641279,139641637,NO,358
chr1,11779521,11779976,NO,455
chr10,134360622,134361066,NO,444
chr17,70396009,70396559,NO,550
chr19,575018,575449,NO,431
chr5,137937421,137937862,NO,441
chr19,44156268,44156667,NO,399
chr2,173983931,173984190,NO,259
chr7,47866777,47867174,NO,397
chr10,75361268,75361845,NO,577
chr8,81665321,81666283,NO,962
chr14,22025361,22025802,NO,441
chr9,110512017,110512497,NO,480
chr1,232561230,232561458,NO,228
chr3,124578064,124578398,NO,334
chr3,49685557,49686117,NO,560
chr6,160815279,160816043,NO,764
chr17,836353,836881,NO,528
chr1,151321898,151322202,NO,304
chr11,65868045,65868481,NO,436
chr6,148881087,148881479,NO,392
chr7,142654618,142655019,NO,401
chr1,89449992,89451172,NO,1180
chr6,20877891,20878320,NO,429
chr16,75276988,75277350,NO,362
chrX,136520362,136520643,NO,281
chr5,160078886,160079461,NO,575
chr2,43504019,43504509,NO,490
chr3,57934135,57934693,NO,558
chr13,33777104,33778512,NO,1408
chr17,1964777,1965111,NO,334
chr10,34367795,34368026,NO,231
chr2,239505538,239505905,NO,367
chr5,122764441,122764865,NO,424
chr9,80918100,80918776,NO,676
chr12,28722345,28722843,NO,498
chr14,103745486,103745759,NO,273
chr7,29376464,29376792,NO,328
chr15,64202316,64202796,NO,480
chr22,39474997,39475323,NO,326
chr7,158360085,158360623,NO,538
chr8,54605440,54605972,NO,532
chr1,6414278,6414749,NO,471
chr1,6642599,6642967,NO,368
chr6,15621854,15622266,NO,412
chr15,96807909,96808263,NO,354
chr11,906348,906664,NO,316
chr22,39707790,39708089,NO,299
chr9,73030,73406,NO,376
chr6,66804467,66804884,NO,417
chr19,19558714,19559111,NO,397
chr15,27051790,27052225,NO,435
chr12,53932052,53932561,NO,509
chr8,42497581,42498112,NO,531
chr1,116832913,116833478,NO,565
chr15,70147254,70147628,NO,374
chr8,17041194,17042234,NO,1040
chr6,158461801,158462121,NO,320
chr2,242172522,242172845,NO,323
chr15,58681271,58681594,NO,323
chr1,60204372,60204874,NO,502
chr15,40447556,40448214,NO,658
chr4,56304331,56304713,NO,382
chr1,230484342,230484767,NO,425
chr3,47463072,47463483,NO,411
chr2,111807908,111808445,NO,537
chr2,232161840,232162286,NO,446
chr16,1392695,1393042,NO,347
chr1,180549088,180584384,NO,35296
chr2,65432087,65432332,NO,245
chr7,157943924,157944222,NO,298
chr3,71439038,71439481,NO,443
chr10,133482540,133482859,NO,319
chr3,155027439,155027721,NO,282
chr19,40909879,40910270,NO,391
chr10,105554188,105554639,NO,451
chr2,192067506,192067859,NO,353
chr16,15575836,15576430,NO,594
chr11,68065294,68065761,NO,467
chr13,110900473,110900869,NO,396
chr6,34252636,34253057,NO,421
chr12,72487943,72488489,NO,546
chr21,45340343,45340700,NO,357
chr6,26572260,26572541,NO,281
chr19,11750652,11751130,NO,478
chr13,76279103,76279411,NO,308
chr5,124747271,124747607,NO,336
chr3,185000722,185001085,NO,363
chr1,33415133,33415457,NO,324
chr11,93300449,93300817,NO,368
chr2,86793320,86793730,NO,410
chr6,28806380,28806880,NO,500
chr13,52388965,52389486,NO,521
chr21,15457162,15457567,NO,405
chr18,2657774,2658177,NO,403
chr13,111560247,111560653,NO,406
chr3,187903491,187904044,NO,553
chr17,40433817,40434221,NO,404
chr2,161991259,161991626,NO,367
chr7,104563575,104563900,NO,325
chr8,81015525,81015998,NO,473
chr16,14051254,14051774,NO,520
chr11,59368942,59369403,NO,461
chr17,1835269,1835948,NO,679
chr18,76929967,76930343,NO,376
chr7,4832017,4832374,NO,357
chr8,37612522,37613078,NO,556
chr11,34255901,34256303,NO,402
chr22,31709511,31710055,NO,544
chr10,126321000,126321429,NO,429
chr11,81455916,81456145,NO,229
chr20,30410089,30410554,NO,465
chr1,24246486,24246868,NO,382
chr4,146296514,146296873,NO,359
chr1,207978259,207978812,NO,553
chr12,116963343,116963902,NO,559
chr15,82815079,82815391,NO,312
chr21,30591258,30591794,NO,536
chr21,34166919,34168032,NO,1113
chr10,112563773,112564228,NO,455
chr2,3353068,3353485,NO,417
chr5,139562377,139562948,NO,571
chr7,2799745,2800033,NO,288
chr1,15785927,15786448,NO,521
chr10,95664299,95664799,NO,500
chr13,96185920,96186311,NO,391
chr5,153681249,153681742,NO,493
chr1,167381179,167381550,NO,371
chr7,39894593,39894908,NO,315
chr9,44401776,44402209,NO,433
chr16,89937489,89937723,NO,234
chr9,37416623,37416893,NO,270
chr17,7893381,7893667,NO,286
chr20,43039383,43039946,NO,563
chr3,185677670,185678550,NO,880
chr17,30427898,30428468,NO,570
chr12,113737462,113737818,NO,356
chr17,18056931,18057290,NO,359
chr2,153246033,153246400,NO,367
chr2,96756787,96757384,NO,597
chr13,114099178,114099615,NO,437
chr1,229980201,229980659,NO,458
chr2,64957671,64958089,NO,418
chr22,18340908,18341211,NO,303
chr2,210359952,210361101,NO,1149
chr10,23688592,23688887,NO,295
chr11,47459245,47459852,NO,607
chr17,28590589,28591139,NO,550
chr10,123943056,123943504,NO,448
chr19,30136959,30137259,NO,300
chr7,155714799,155715286,NO,487
chr1,24507323,24507971,NO,648
chr4,111552871,111553190,NO,319
chr10,134805538,134805799,NO,261
chr2,7320989,7321397,NO,408
chr2,25453826,25454259,NO,433
chr2,55327265,55327653,NO,388
chr10,134471279,134471549,NO,270
chr5,76084088,76084477,NO,389
chr16,53407358,53407841,NO,483
chr22,35874133,35874493,NO,360
chr4,40421184,40421650,NO,466
chr12,67804595,67804847,NO,252
chr11,57566424,57567211,NO,787
chr18,45979410,45979791,NO,381
chr2,129214867,129215211,NO,344
chr11,71780822,71781250,NO,428
chr12,120851701,120852158,NO,457
chr6,88441275,88441666,NO,391
chr19,18429381,18429751,NO,370
chr2,73312559,73312898,NO,339
chr15,92410220,92410608,NO,388
chr2,21493581,21493879,NO,298
chr15,64307263,64307760,NO,497
chr9,46843675,46844108,NO,433
chr1,27264533,27264965,NO,432
chr19,13935644,13935823,NO,179
chr6,138866689,138867123,NO,434
chr16,11406718,11407180,NO,462
chr11,121972593,121972933,NO,340
chr1,204283450,204283796,NO,346
chr6,24980855,24981138,NO,283
chr9,130406713,130407165,NO,452
chr18,74568923,74569104,NO,181
chr20,19908837,19909435,NO,598
chr5,67488309,67488669,NO,360
chr8,145678570,145679006,NO,436
chr14,67895206,67895658,NO,452
chr22,26832693,26833066,NO,373
chr9,4148517,4149088,NO,571
chr17,60547911,60548729,NO,818
chr3,42821464,42821845,NO,381
chr10,72626321,72627399,NO,1078
chr19,58315052,58315454,NO,402
chr8,95177428,95177806,NO,378
chr4,38386988,38387411,NO,423
chr17,2592156,2592551,NO,395
chr6,47202137,47202575,NO,438
chr15,29928011,29928595,NO,584
chr13,44823672,44824180,NO,508
chr1,110777856,110778445,NO,589
chr11,101312553,101313086,NO,533
chr8,99738138,99738423,NO,285
chr20,25058359,25058771,NO,412
chr3,125903166,125903572,NO,406
chr5,73912200,73912488,NO,288
chr3,171886941,171887295,NO,354
chr4,16125015,16125384,NO,369
chr22,46443946,46444457,NO,511
chr1,158094045,158094528,NO,483
chr7,142473914,142474251,NO,337
chr6,15445716,15446221,NO,505
chr19,4895701,4896076,NO,375
chr10,77794061,77794359,NO,298
chr15,59968879,59969210,NO,331
chr1,222439399,222439874,NO,475
chr10,114090917,114091367,NO,450
chr10,72056225,72056818,NO,593
chr5,60954623,60955280,NO,657
chr15,34782603,34782982,NO,379
chr17,11361651,11361860,NO,209
chr13,50939764,50940185,NO,421
chr11,71874900,71875107,NO,207
chr10,124448621,124448991,NO,370
chr2,235732248,235732583,NO,335
chr21,47475863,47476189,NO,326
chr19,10163391,10163789,NO,398
chr15,93254938,93255173,NO,235
chr5,149519836,149520089,NO,253
chr3,169107744,169108245,NO,501
chr5,56732389,56732852,NO,463
chr1,15756570,15757101,NO,531
chr7,47221227,47221754,NO,527
chr14,34550735,34551132,NO,397
chr1,7516583,7517098,NO,515
chr15,52314411,52314709,NO,298
chr1,155944024,155944501,NO,477
chr8,12953335,12953953,NO,618
chr16,69091523,69092041,NO,518
chr4,106603942,106604412,NO,470
chr14,105399435,105399836,NO,401
chr1,110274672,110275022,NO,350
chr21,40982359,40982905,NO,546
chr6,109670916,109671340,NO,424
chr7,107634215,107634581,NO,366
chr15,99663878,99664338,NO,460
chr2,86066654,86066878,NO,224
chr11,65314294,65314599,NO,305
chr4,114823473,114823934,NO,461
chr11,49455798,49456202,NO,404
chr20,59760926,59761648,NO,722
chr3,123086732,123087075,NO,343
chr8,49340029,49340621,NO,592
chr9,114813178,114823712,NO,10534
chr15,24353553,24353829,NO,276
chr5,148699942,148700461,NO,519
chr22,46084326,46084694,NO,368
chr17,9934051,9934510,NO,459
chr5,114684405,114684824,NO,419
chr6,3309673,3310002,NO,329
chr11,120418832,120419264,NO,432
chr14,68008224,68008683,NO,459
chr2,109825580,109825971,NO,391
chr1,22196283,22196822,NO,539
chr7,47576795,47577192,NO,397
chr15,40748482,40748842,NO,360
chr8,135877319,135877643,NO,324
chr17,45579425,45580034,NO,609
chr17,75174694,75175162,NO,468
chr8,23848686,23849141,NO,455
chr17,41016347,41016711,NO,364
chr17,41080733,41081184,NO,451
chr18,72057123,72057491,NO,368
chr10,75579210,75579696,NO,486
chr7,158656477,158656801,NO,324
chr7,6065974,6066295,NO,321
chr22,39439002,39439309,NO,307
chr2,197157012,197157452,NO,440
chr2,95724834,95725304,NO,470
chr14,75632629,75633208,NO,579
chr14,76445324,76445747,NO,423
chr9,37403138,37403555,NO,417
chr20,11210332,11210655,NO,323
chr8,10191938,10192346,NO,408
chr10,119024663,119025034,NO,371
chr15,39650791,39651184,NO,393
chr12,64215576,64216006,NO,430
chr6,30069966,30070270,NO,304
chrX,10144464,10145027,NO,563
chr3,42158989,42159368,NO,379
chr6,162319969,162320269,NO,300
chr5,111979355,111979791,NO,436
chr1,229039204,229039526,NO,322
chr11,126243582,126243864,NO,282
chr3,61623027,61623503,NO,476
chr3,58633191,58633649,NO,458
chr7,97402470,97402875,NO,405
chr16,56662670,56663120,NO,450
chr8,29970986,29971422,NO,436
chr17,6949320,6949706,NO,386
chr14,50855003,50855390,NO,387
chr4,69746307,69746889,NO,582
chr10,99178796,99179213,NO,417
chr1,208376469,208376842,NO,373
chr5,44002293,44002688,NO,395
chr9,86785294,86785769,NO,475
chr11,27222924,27223450,NO,526
chr3,15649569,15651896,NO,2327
chr3,45037425,45037739,NO,314
chr8,102772075,102772487,NO,412
chr2,27318796,27319330,NO,534
chr10,29296895,29297239,NO,344
chr22,41633641,41634160,NO,519
chrX,73755886,73756419,NO,533
chr1,25032082,25032689,NO,607
chr8,74363565,74363995,NO,430
chr1,184265745,184266222,NO,477
chr16,1069139,1069453,NO,314
chr11,94509632,94509978,NO,346
chr19,11404564,11404970,NO,406
chr19,53700291,53700723,NO,432
chr11,48805106,48805209,NO,103
chr1,112462688,112462972,NO,284
chr4,146830852,146831261,NO,409
chr14,51863088,51863412,NO,324
chr7,157103384,157103755,NO,371
chr16,4870810,4871039,NO,229
chr16,2798939,2799396,NO,457
chr1,109646943,109647228,NO,285
chr10,12065860,12065986,NO,126
chr10,115742687,115743132,NO,445
chr10,119422804,119423195,NO,391
chr3,129162768,129163219,NO,451
chr3,37901558,37901974,NO,416
chr4,55097718,55098133,NO,415
chr3,81766259,81766687,NO,428
chr3,52126985,52127218,NO,233
chr11,65359453,65359868,NO,415
chr21,38145710,38146095,NO,385
chr6,28908212,28908714,NO,502
chr22,45949501,45949808,NO,307
chr8,34032524,34033102,NO,578
chr8,29522777,29523257,NO,480
chr12,107419967,107420227,NO,260
chr20,62865001,62865377,NO,376
chr13,113976448,113976745,NO,297
chr7,5676442,5677013,NO,571
chr11,12746196,12746650,NO,454
chr13,111064034,111064517,NO,483
chr18,13222668,13223104,NO,436
chr20,30530530,30530898,NO,368
chr9,100319587,100320086,NO,499
chr16,55537000,55537312,NO,312
chr2,97623050,97623444,NO,394
chr5,133912349,133912825,NO,476
chr3,122082788,122083163,NO,375
chr6,70530381,70530702,NO,321
chr1,181122111,181122529,NO,418
chr16,50943727,50944041,NO,314
chr18,46368547,46368921,NO,374
chr3,194592219,194592579,NO,360
chr8,145681058,145681427,NO,369
chr3,65582615,65582936,NO,321
chr1,224835260,224835699,NO,439
chr2,20729612,20729915,NO,303
chr5,1205067,1205744,NO,677
chr2,23704247,23704617,NO,370
chr1,117774780,117780361,NO,5581
chr15,101604524,101604911,NO,387
chr7,147850552,147851028,NO,476
chr9,14180486,14180977,NO,491
chr17,56736377,56736919,NO,542
chr2,88828711,88828944,NO,233
chr6,125519035,125519475,NO,440
chr15,62798320,62798647,NO,327
chr1,70952504,70952999,NO,495
chr9,15232643,15232948,NO,305
chr22,40551890,40552239,NO,349
chr8,67420271,67420540,NO,269
chr2,101461434,101461942,NO,508
chr17,78097951,78098669,NO,718
chr6,43822399,43822778,NO,379
chr5,73705107,73705477,NO,370
chr6,47387998,47388326,NO,328
chr15,37402873,37403252,NO,379
chr4,64215172,64215587,NO,415
chr9,139159205,139159640,NO,435
chr2,216979822,216980271,NO,449
chr13,20673656,20673849,NO,193
chr10,112155238,112155729,NO,491
chr21,36666292,36666848,NO,556
chr7,140339695,140340059,NO,364
chr10,123900222,123900638,NO,416
chr6,43095861,43096167,NO,306
chr1,39649745,39650109,NO,364
chr6,44457564,44457987,NO,423
chr10,124100966,124101327,NO,361
chr2,228626169,228626602,NO,433
chr12,59271124,59271598,NO,474
chr1,96000667,96001311,NO,644
chr12,104802423,104802968,NO,545
chr2,237611650,237612127,NO,477
chr18,12944523,12944971,NO,448
chr5,34466845,34467200,NO,355
chr17,80931923,80932407,NO,484
chr1,26249427,26249945,NO,518
chr22,46943012,46943415,NO,403
chr1,43913793,43914270,NO,477
chr13,21588281,21588588,NO,307
chr14,96571173,96571543,NO,370
chr2,127160449,127160737,NO,288
chr15,76256993,76257331,NO,338
chr8,143089707,143089979,NO,272
chr16,75278184,75278654,NO,470
chr16,5085663,5086006,NO,343
chr2,129133049,129133402,NO,353
chr9,112889811,112890160,NO,349
chr8,37159518,37159938,NO,420
chr5,139113549,139113832,NO,283
chr19,6765201,6765559,NO,358
chr16,81632613,81632950,NO,337
chr2,24562457,24562800,NO,343
chr12,26306543,26306998,NO,455
chr5,173100767,173101383,NO,616
chr19,16112614,16112962,NO,348
chr19,6201580,6201830,NO,250
chr4,144280546,144281124,NO,578
chr1,118301251,118301630,NO,379
chr1,231001546,231002242,NO,696
chr22,38653792,38654179,NO,387
chr5,123916599,123916956,NO,357
chr17,55648184,55648535,NO,351
chr7,4005098,4005433,NO,335
chr17,10445462,10445688,NO,226
chr7,134677588,134682203,NO,4615
chr7,26480681,26481241,NO,560
chr1,237176110,237176600,NO,490
chr2,236633406,236633799,NO,393
chr6,6856667,6857175,NO,508
chr19,23598366,23598612,NO,246
chr10,116423946,116424263,NO,317
chr7,134849749,134850039,NO,290
chr16,58096732,58097145,NO,413
chrX,53100929,53101288,NO,359
chr14,71221862,71222218,NO,356
chr19,831314,831633,NO,319
chr9,89336301,89336696,NO,395
chr1,236260543,236261173,NO,630
chr18,76287458,76287758,NO,300
chr22,18688311,18688421,NO,110
chrX,179131,179407,NO,276
chr18,60742224,60742685,NO,461
chr14,91784054,91784378,NO,324
chr15,72082689,72083081,NO,392
chr7,1524409,1524606,NO,197
chr14,51011974,51012531,NO,557
chr20,48388966,48389367,NO,401
chr3,145940354,145940802,NO,448
chr7,150808381,150808669,NO,288
chr22,41983468,41983829,NO,361
chr22,46022066,46022406,NO,340
chr17,48595769,48596314,NO,545
chr21,44375390,44375755,NO,365
chr11,10347679,10348228,NO,549
chr10,115323112,115323398,NO,286
chr6,128812770,128813318,NO,548
chr9,130007097,130007497,NO,400
chrX,39767074,39767528,NO,454
chr14,35825227,35825735,NO,508
chr1,36952301,36952707,NO,406
chr17,49174975,49175311,NO,336
chr8,146253047,146253261,NO,214
chr7,22295540,22295935,NO,395
chr1,33077544,33077910,NO,366
chr19,47793277,47793550,NO,273
chr17,38602974,38603349,NO,375
chr15,99459194,99459496,NO,302
chr1,16641737,16641985,NO,248
chr3,182982946,182983381,NO,435
chr17,61817196,61817450,NO,254
chr12,52657048,52657343,NO,295
chr7,116141610,116141858,NO,248
chr2,128599088,128599422,NO,334
chr2,91957073,91957520,NO,447
chr4,9155148,9155411,NO,263
chr12,27445791,27446332,NO,541
chr5,64398861,64399326,NO,465
chr11,7532548,7532998,NO,450
chr3,23816711,23816912,NO,201
chr17,1987210,1987670,NO,460
chr2,47453163,47453547,NO,384
chr5,173368703,173369125,NO,422
chr14,104129946,104130261,NO,315
chr19,7717175,7717573,NO,398
chr9,75596434,75598281,NO,1847
chr3,61833802,61834118,NO,316
chr15,83668938,83669403,NO,465
chr8,20982191,20982566,NO,375
chr22,20689455,20689565,NO,110
chr11,110056046,110056542,NO,496
chr4,69731451,69731850,NO,399
chr8,10708092,10708518,NO,426
chr18,47607427,47607928,NO,501
chr7,39170895,39171209,NO,314
chr8,71245318,71245727,NO,409
chr6,144636331,144636976,NO,645
chr1,95167798,95168203,NO,405
chr11,74292400,74293298,NO,898
chr19,30378297,30378545,NO,248
chr7,22603078,22603613,NO,535
chr10,33294229,33294763,NO,534
chr11,836200,836548,NO,348
chr4,26206754,26207246,NO,492
chr6,80579312,80579776,NO,464
chr2,43187357,43187760,NO,403
chr17,45177222,45177662,NO,440
chr14,74100669,74101054,NO,385
chr5,77857988,77859065,NO,1077
chr3,4574932,4575584,NO,652
chr18,77103563,77103861,NO,298
chr10,23354145,23354602,NO,457
chr2,237516476,237516892,NO,416
chr21,27497157,27497628,NO,471
chr1,245464688,245465016,NO,328
chr5,127389031,127389293,NO,262
chr7,22618048,22618412,NO,364
chr13,80511056,80511395,NO,339
chr10,21604088,21604469,NO,381
chr11,126264800,126265080,NO,280
chr5,10551688,10552114,NO,426
chr2,12872400,12872754,NO,354
chr1,40400082,40400693,NO,611
chr19,51228309,51228718,NO,409
chr6,150499332,150499626,NO,294
chr19,267089,267411,NO,322
chr17,16492334,16492838,NO,504
chr8,135805743,135806079,NO,336
chr7,30472810,30473214,NO,404
chr1,207979555,207979926,NO,371
chr22,38213826,38214141,NO,315
chr14,89818332,89818641,NO,309
chr1,11172696,11173029,NO,333
chr5,43105565,43106020,NO,455
chr11,14606075,14606554,NO,479
chr5,178702369,178702705,NO,336
chr7,22341785,22342352,NO,567
chr2,26414737,26414989,NO,252
chr17,63899029,63899411,NO,382
chr13,110489329,110489783,NO,454
chr3,15477870,15478091,NO,221
chr7,4228908,4229240,NO,332
chr5,57925337,57925678,NO,341
chr4,69537097,69537308,NO,211
chr2,67284612,67285131,NO,519
chr17,42008254,42008920,NO,666
chr13,45033952,45034142,NO,190
chr7,130910465,130910889,NO,424
chr6,139697978,139698348,NO,370
chr4,74535869,74536285,NO,416
chr7,8294412,8294840,NO,428
chr9,136272142,136272383,NO,241
chr10,135203799,135204076,NO,277
chr3,194408707,194409097,NO,390
chr9,140086453,140086898,NO,445
chr21,44529160,44529700,NO,540
chr19,33894289,33894678,NO,389
chr17,61787613,61787891,NO,278
chr1,8523664,8524092,NO,428
chr17,38109573,38110029,NO,456
chr3,52925160,52925676,NO,516
chr8,3961357,3961709,NO,352
chr19,47428547,47428958,NO,411
chr2,62416086,62416611,NO,525
chr14,50453580,50454024,NO,444
chr22,50769266,50769579,NO,313
chr18,47426388,47426825,NO,437
chr13,50654208,50654809,NO,601
chr12,95840291,95840722,NO,431
chr19,4536993,4537538,NO,545
chr7,31014009,31014473,NO,464
chr5,16539517,16539873,NO,356
chr3,185047966,185048563,NO,597
chr2,236462171,236462621,NO,450
chr11,13162148,13162567,NO,419
chr14,53387217,53387474,NO,257
chr7,22216716,22217281,NO,565
chr19,46119528,46120000,NO,472
chr11,711488,711736,NO,248
chr14,21776618,21776982,NO,364
chr1,173159418,173159861,NO,443
chr7,56355493,56355885,NO,392
chr2,220483519,220483793,NO,274
chr13,109568220,109568810,NO,590
chr1,151844400,151844854,NO,454
chr11,937822,938267,NO,445
chr2,56193525,56193867,NO,342
chr10,14415058,14415687,NO,629
chr3,187720936,187721954,NO,1018
chr12,53623945,53624468,NO,523
chr15,28050652,28050883,NO,231
chr7,116420633,116421310,NO,677
chr12,619191,619566,NO,375
chr19,9186581,9186865,NO,284
chr1,207949042,207949572,NO,530
chr19,10147808,10148122,NO,314
chr8,27415433,27415748,NO,315
chr22,21239951,21240374,NO,423
chr4,1127430,1130014,NO,2584
chr6,786068,786307,NO,239
chr9,139294761,139295193,NO,432
chr10,78193166,78193631,NO,465
chrX,45374904,45375405,NO,501
chr12,27346740,27346974,NO,234
chr2,56676280,56676599,NO,319
chr5,6900652,6901180,NO,528
chr6,139743525,139743894,NO,369
chr1,36599683,36599981,NO,298
chr19,8486641,8487031,NO,390
chr6,11763573,11767213,NO,3640
chr1,203738858,203739315,NO,457
chr6,36584648,36585050,NO,402
chr6,10528594,10529154,NO,560
chr2,159887227,159887720,NO,493
chr3,113417767,113418204,NO,437
chr4,170189949,170190349,NO,400
chr2,70784567,70785006,NO,439
chr19,34723462,34723774,NO,312
chr1,109782900,109783243,NO,343
chr17,45352924,45353255,NO,331
chr1,214217652,214218096,NO,444
chr11,107986008,107986293,NO,285
chr1,205902514,205902780,NO,266
chr7,154711418,154711756,NO,338
chr6,7480135,7480580,NO,445
chr21,37078115,37078528,NO,413
chr10,97054722,97055266,NO,544
chr6,26126220,26126548,NO,328
chr10,122954669,122955001,NO,332
chr13,77403813,77404173,NO,360
chr19,13945005,13945397,NO,392
chr1,15221338,15221840,NO,502
chr7,6217903,6218427,NO,524
chr5,135423973,135424358,NO,385
chr17,75117704,75118130,NO,426
chr13,80059128,80059469,NO,341
chr1,207970935,207971272,NO,337
chr6,13119606,13119939,NO,333
chr1,39174433,39174916,NO,483
chr20,33140987,33141371,NO,384
chr2,67876883,67877317,NO,434
chr1,155362550,155363752,NO,1202
chrX,153755521,153755884,NO,363
chr5,168569542,168569938,NO,396
chr18,20452957,20453295,NO,338
chr12,106514479,106514930,NO,451
chr1,208004137,208004676,NO,539
chr17,78992195,78992464,NO,269
chr1,55349107,55349566,NO,459
chr6,29876256,29876641,NO,385
chr3,156323835,156324224,NO,389
chr14,90087131,90087623,NO,492
chr6,11634818,11635252,NO,434
chr2,3699075,3699433,NO,358
chr1,174983760,174983969,NO,209
chr7,151629622,151630084,NO,462
chr11,709021,709389,NO,368
chr16,4550532,4550963,NO,431
chr19,5841809,5842122,NO,313
chr2,102358468,102358779,NO,311
chr3,44726825,44727200,NO,375
chr10,75725565,75725923,NO,358
chr9,72260270,72260701,NO,431
chr4,189659434,189659776,NO,342
chr8,19688138,19688345,NO,207
chr7,55133916,55134463,NO,547
chr12,12263829,12264144,NO,315
chr1,205617674,205618094,NO,420
chr17,30132542,30132998,NO,456
chr1,113683497,113683827,NO,330
chr11,3301718,3302039,NO,321
chr11,3347533,3347854,NO,321
chr7,102633100,102633547,NO,447
chr11,78756366,78756740,NO,374
chr11,3926903,3927385,NO,482
chr14,65647357,65647769,NO,412
chr10,105378339,105378762,NO,423
chr10,99502641,99502994,NO,353
chr11,12936544,12937091,NO,547
chr6,47120483,47121016,NO,533
chr5,171810575,171810840,NO,265
chr1,162184023,162184347,NO,324
chr7,98439259,98439708,NO,449
chr14,75406315,75406565,NO,250
chr6,137141294,137141566,NO,272
chr14,55765246,55765623,NO,377
chr1,203488818,203489306,NO,488
chr8,103922478,103922757,NO,279
chr9,73070888,73071447,NO,559
chr6,16110140,16110532,NO,392
chr2,102584010,102584385,NO,375
chr11,130389980,130390470,NO,490
chr2,97379893,97380194,NO,301
chr3,113871383,113871747,NO,364
chr20,34726932,34727243,NO,311
chr7,44823938,44824237,NO,299
chr20,55772761,55773173,NO,412
chr12,120925806,120926287,NO,481
chr1,1373911,1374288,NO,377
chr20,43576239,43576523,NO,284
chr1,85690735,85691052,NO,317
chr15,93571583,93572078,NO,495
chr20,39963488,39963876,NO,388
chr7,5280066,5280466,NO,400
chr17,57947538,57948091,NO,553
chr2,36711681,36711978,NO,297
chr1,156392231,156392566,NO,335
chr7,5313564,5314256,NO,692
chr9,109683228,109683929,NO,701
chrX,16143807,16144344,NO,537
chr11,94770802,94771153,NO,351
chr5,75878679,75878929,NO,250
chr4,118496986,118497357,NO,371
chr6,7113005,7113401,NO,396
chr15,22514199,22514595,NO,396
chr20,42833129,42833446,NO,317
chr5,142197824,142198028,NO,204
chr15,20499980,20500183,NO,203
chr18,13440693,13441101,NO,408
chr2,236322963,236323428,NO,465
chr14,99974601,99975107,NO,506
chr19,1232855,1233221,NO,366
chr6,161528337,161528736,NO,399
chr15,86106682,86108253,NO,1571
chr10,3537032,3537309,NO,277
chr11,73508580,73508912,NO,332
chr9,129277657,129277936,NO,279
chr3,192754016,192754189,NO,173
chr20,20724435,20724900,NO,465
chr9,12539196,12539569,NO,373
chr2,70556044,70556618,NO,574
chr6,111200350,111200625,NO,275
chr9,92817484,92817834,NO,350
chr6,110711237,110711543,NO,306
chr2,85551795,85552159,NO,364
chr10,20522111,20523116,NO,1005
chr11,61809554,61810029,NO,475
chr11,76080653,76081111,NO,458
chr14,102278425,102278913,NO,488
chr20,4057466,4057856,NO,390
chr17,30810377,30811000,NO,623
chr1,207981600,207981952,NO,352
chr8,124069957,124070303,NO,346
chr2,69486,69804,NO,318
chr3,129209357,129209673,NO,316
chr15,24733742,24733971,NO,229
chr9,41936453,41936721,NO,268
chr19,58912793,58913163,NO,370
chr16,56848415,56848881,NO,466
chr4,86419513,86419872,NO,359
chr20,48826716,48827135,NO,419
chrX,10013758,10014196,NO,438
chr1,212401507,212401876,NO,369
chr11,104982322,104982647,NO,325
chr12,117029717,117037492,NO,7775
chr22,43473352,43473626,NO,274
chr2,11529905,11530252,NO,347
chr4,186787083,186787530,NO,447
chr5,38467332,38467695,NO,363
chr1,220426695,220427015,NO,320
chr3,176484941,176485292,NO,351
chr14,64685067,64685355,NO,288
chr19,39603090,39603452,NO,362
chr7,142579613,142579971,NO,358
chrX,150042610,150042855,NO,245
chr22,47057157,47057517,NO,360
chr13,40845769,40846123,NO,354
chr3,33700976,33701395,NO,419
chr6,27870850,27871207,NO,357
chr17,40531149,40531736,NO,587
chr16,79471694,79472117,NO,423
chr17,27581778,27582174,NO,396
chr1,184655779,184656056,NO,277
chr17,75094425,75095003,NO,578
chr22,41706316,41706583,NO,267
chr9,33328623,33329056,NO,433
chr7,71545577,71546179,NO,602
chr13,45742719,45743018,NO,299
chr13,30151569,30152023,NO,454
chr19,14517163,14517496,NO,333
chr12,92492116,92492396,NO,280
chr14,107238930,107239112,NO,182
chr2,97573395,97573767,NO,372
chr4,114068196,114068577,NO,381
chr7,30733507,30733935,NO,428
chr10,30317713,30318026,NO,313
chr10,28552349,28552742,NO,393
chr12,51656464,51656849,NO,385
chr12,646761,647140,NO,379
chr3,128943958,128944388,NO,430
chr1,142890705,142891031,NO,326
chr21,36577896,36578186,NO,290
chr4,54751716,54752146,NO,430
chr19,4267534,4267874,NO,340
chr8,99082297,99082660,NO,363
chr13,28596910,28597330,NO,420
chr10,104565438,104565653,NO,215
chr5,116095623,116095811,NO,188
chr10,14338230,14338570,NO,340
chr10,48361175,48361546,NO,371
chr14,48389229,48389460,NO,231
chr1,15808690,15809296,NO,606
chr4,88235625,88236711,NO,1086
chr6,109103398,109103836,NO,438
chr7,142139163,142139485,NO,322
chr21,47459143,47459403,NO,260
chr13,43962654,43963067,NO,413
chr8,139684778,139685211,NO,433
chr10,99302192,99302712,NO,520
chr8,80997594,80997952,NO,358
chr7,21730794,21731143,NO,349
chr7,102004304,102004689,NO,385
chr8,74387266,74389144,NO,1878
chr9,33234261,33234770,NO,509
chr22,40993589,40993861,NO,272
chr15,84598931,84599478,NO,547
chr22,37130480,37130805,NO,325
chr7,149417088,149417526,NO,438
chr2,73334645,73334894,NO,249
chr6,30673468,30673680,NO,212
chr8,35383038,35383405,NO,367
chr3,10353444,10353792,NO,348
chr16,14761542,14762015,NO,473
chr1,15807438,15807776,NO,338
chr4,184751482,184752383,NO,901
chr16,10591576,10591945,NO,369
chr17,9004860,9005298,NO,438
chr3,20084831,20085270,NO,439
chr8,52945264,52945711,NO,447
chrX,79830110,79830535,NO,425
chr4,38451480,38451805,NO,325
chr15,81405989,81406328,NO,339
chr6,39307172,39307650,NO,478
chr15,24516424,24517287,NO,863
chr3,72201670,72202052,NO,382
chr5,55965591,55966032,NO,441
chr11,257926,258081,NO,155
chr3,70048704,70048969,NO,265
chr14,73736380,73736766,NO,386
chr12,116944392,116944737,NO,345
chr6,51990467,51990835,NO,368
chr19,7993980,7994450,NO,470
chr1,226730565,226730944,NO,379
chr10,88682113,88682545,NO,432
chr18,60104117,60104574,NO,457
chr9,94063770,94064168,NO,398
chr1,22000353,22000648,NO,295
chr9,4105688,4106064,NO,376
chr9,23452089,23452321,NO,232
chr12,29542176,29542434,NO,258
chr12,572045,572304,NO,259
chr22,39198827,39199113,NO,286
chr5,10537189,10537491,NO,302
chr10,36813140,36813385,NO,245
chr11,61879847,61880127,NO,280
chr15,26373678,26374045,NO,367
chr18,52364225,52364599,NO,374
chr15,22011245,22011466,NO,221
chr1,21023138,21023453,NO,315
chr5,92414177,92414607,NO,430
chr15,21004562,21004783,NO,221
chr2,121793486,121793783,NO,297
chr3,114170590,114170948,NO,358
chr14,94877709,94878256,NO,547
chr1,172400930,172401268,NO,338
chr4,83206198,83206527,NO,329
chr8,2055247,2055661,NO,414
chr10,95751549,95752051,NO,502
chr19,7559275,7559717,NO,442
chr1,207230237,207230551,NO,314
chr13,45988864,45989285,NO,421
chr7,47092522,47092761,NO,239
chr22,29313863,29314257,NO,394
chr10,72650725,72651199,NO,474
chr15,100256806,100257069,NO,263
chr17,17090140,17090459,NO,319
chr22,17965835,17966179,NO,344
chr1,41343295,41343782,NO,487
chr6,33601676,33602025,NO,349
chr1,159656900,159657347,NO,447
chr16,31027250,31027633,NO,383
chrX,130956158,130956509,NO,351
chr4,52775570,52776019,NO,449
chr9,19184179,19184556,NO,377
chr1,28594539,28594901,NO,362
chr5,177398136,177398448,NO,312
chr10,34987197,34987555,NO,358
chr1,17392290,17392529,NO,239
chr5,173209176,173209477,NO,301
chrX,112062374,112062575,NO,201
chr2,24587747,24588261,NO,514
chr17,46653418,46653825,NO,407
chr2,216922629,216923004,NO,375
chr12,4714055,4714376,NO,321
chr11,62658744,62659038,NO,294
chr1,165345439,165345666,NO,227
chr1,25848328,25848927,NO,599
chr1,167895757,167896010,NO,253
chr20,31427558,31427779,NO,221
chr6,15735683,15736017,NO,334
chr5,145322050,145329171,NO,7121
chr6,89760341,89760843,NO,502
chr12,112559689,112560060,NO,371
chr19,45327946,45328306,NO,360
chr5,79437158,79437604,NO,446
chr2,30788706,30789024,NO,318
chr11,12915161,12915614,NO,453
chrX,40333268,40333591,NO,323
chr19,57683642,57683954,NO,312
chr6,148762394,148762932,NO,538
chr3,187526499,187526898,NO,399
chr11,117072775,117073243,NO,468
chr4,1040243,1040620,NO,377
chr18,77409080,77409280,NO,200
chr5,46364651,46364799,NO,148
chr7,142482855,142483169,NO,314
chr5,135041398,135041715,NO,317
chr10,28108912,28109389,NO,477
chr7,71932140,71932367,NO,227
chr8,123799787,123800217,NO,430
chr20,62901303,62901631,NO,328
chr16,71549736,71550249,NO,513
chr6,44437707,44438009,NO,302
chr7,137627679,137628039,NO,360
chr1,28447607,28447887,NO,280
chr5,143715531,143715887,NO,356
chr7,29846277,29846616,NO,339
chr17,750637,750914,NO,277
chr17,33581201,33581465,NO,264
chr7,73084073,73084431,NO,358
chr15,68479774,68480151,NO,377
chr2,134918577,134919208,NO,631
chr1,197964038,197964424,NO,386
chr1,204310126,204310308,NO,182
chr15,45076611,45077063,NO,452
chr14,37970869,37971120,NO,251
chr21,38549278,38549581,NO,303
chr16,17469396,17469785,NO,389
chr8,48154918,48155116,NO,198
chr6,41569970,41570374,NO,404
chr7,57025774,57025988,NO,214
chr6,42870233,42870649,NO,416
chr5,16931524,16931873,NO,349
chr15,40417004,40417363,NO,359
chr3,195823480,195823909,NO,429
chr1,184831413,184832374,NO,961
chr8,67435046,67435426,NO,380
chr2,107231383,107231706,NO,323
chr12,104449577,104449983,NO,406
chr20,35583348,35583805,NO,457
chrX,106170529,106170986,NO,457
chr21,33310337,33310932,NO,595
chr3,188084021,188084388,NO,367
chr6,41751810,41752226,NO,416
chr1,24936875,24937265,NO,390
chr10,75743493,75743897,NO,404
chr1,228401050,228401382,NO,332
chr1,249239399,249239582,NO,183
chr20,52380597,52381070,NO,473
chr17,57411231,57411634,NO,403
chr7,138295570,138295895,NO,325
chr3,129295829,129296215,NO,386
chr3,123051038,123051426,NO,388
chr14,75549179,75549549,NO,370
chr9,34745141,34745420,NO,279
chr11,61497977,61498287,NO,310
chr10,45270122,45270470,NO,348
chrX,106919681,106920075,NO,394
chr8,123733863,123734325,NO,462
chr9,133565681,133566065,NO,384
chr21,41296752,41297116,NO,364
chr8,73735057,73735396,NO,339
chr15,79152384,79152680,NO,296
chr1,32093666,32094140,NO,474
chr20,25260376,25260970,NO,594
chr10,7424447,7424693,NO,246
chr17,67473462,67473799,NO,337
chr9,116648249,116648511,NO,262
chr7,43978789,43979252,NO,463
chr12,106539707,106540036,NO,329
chr10,110225905,110226325,NO,420
chr15,94700828,94701048,NO,220
chr19,30115883,30116407,NO,524
chr14,24511889,24512195,NO,306
chr12,92428565,92429113,NO,548
chr2,205529911,205530305,NO,394
chr4,5140426,5140791,NO,365
chr14,105499793,105500149,NO,356
chr21,44696016,44696246,NO,230
chr6,35658932,35659350,NO,418
chr10,98378619,98378967,NO,348
chr9,136113495,136113889,NO,394
chr3,118925507,118925869,NO,362
chr1,45731801,45732108,NO,307
chr22,46433820,46434271,NO,451
chr17,21414669,21415132,NO,463
chr10,15296486,15296996,NO,510
chr1,1377843,1378164,NO,321
chr12,52597551,52597837,NO,286
chr1,15678672,15679071,NO,399
chr18,55864770,55865204,NO,434
chr8,17178645,17179037,NO,392
chr17,21163847,21164112,NO,265
chrX,51638333,51638778,NO,445
chr17,216512,216828,NO,316
chr13,96149567,96149944,NO,377
chr1,19764457,19764758,NO,301
chr1,155043305,155043576,NO,271
chr13,41171655,41172172,NO,517
chr17,79214657,79215169,NO,512
chr17,73486438,73486820,NO,382
chr2,217437184,217437751,NO,567
chr20,5273426,5273629,NO,203
chr6,35285795,35286080,NO,285
chr12,107024051,107024421,NO,370
chr9,80940237,80940534,NO,297
chr11,61355463,61355857,NO,394
chr4,89659409,89659915,NO,506
chr1,165870181,165870511,NO,330
chr19,11692669,11692965,NO,296
chr1,242222395,242222569,NO,174
chr2,207275448,207275744,NO,296
chr13,80706917,80707313,NO,396
chr5,173930623,173931025,NO,402
chr13,24627981,24628296,NO,315
chr2,33281320,33281563,NO,243
chr11,691226,691579,NO,353
chr2,239922343,239922548,NO,205
chr17,49892142,49892826,NO,684
chr20,49794280,49794620,NO,340
chr15,96714348,96715350,NO,1002
chr16,79321140,79321430,NO,290
chr7,142466539,142466871,NO,332
chr5,58422948,58423327,NO,379
chr11,47745970,47746302,NO,332
chr11,116758975,116759208,NO,233
chr9,138136477,138136960,NO,483
chr17,70712075,70712412,NO,337
chr3,71212874,71213306,NO,432
chr4,6946082,6946439,NO,357
chr6,80310086,80310458,NO,372
chr1,116353945,116354315,NO,370
chr6,168595976,168596462,NO,486
chr4,141648266,141648655,NO,389
chr4,7931200,7931559,NO,359
chr5,68338986,68339327,NO,341
chr2,47008628,47009026,NO,398
chr16,16366364,16366671,NO,307
chr1,12026578,12026997,NO,419
chr13,98945655,98946239,NO,584
chr7,152201632,152201976,NO,344
chr5,174399470,174399836,NO,366
chr5,38666731,38667041,NO,310
chr12,14772486,14772924,NO,438
chr1,227107800,227108401,NO,601
chr3,183869261,183869467,NO,206
chr2,178449816,178450179,NO,363
chr19,38621065,38621294,NO,229
chr6,51942813,51943190,NO,377
chr19,48610850,48611080,NO,230
chr6,34625274,34625633,NO,359
chr8,49357381,49357629,NO,248
chr1,156867225,156867556,NO,331
chr1,15207159,15207575,NO,416
chr6,46349358,46349793,NO,435
chr14,100856016,100856342,NO,326
chr2,172878043,172878387,NO,344
chr18,11005386,11005738,NO,352
chr3,9358587,9359002,NO,415
chr8,41015530,41015825,NO,295
chr17,55113456,55114059,NO,603
chr16,18533179,18533486,NO,307
chr5,146556606,146556947,NO,341
chr7,24658058,24658498,NO,440
chr8,129209498,129209895,NO,397
chr3,9641071,9641382,NO,311
chr1,15781078,15781457,NO,379
chr14,69121489,69121905,NO,416
chr10,131994820,131995111,NO,291
chr2,85465222,85465618,NO,396
chr13,47064995,47065223,NO,228
chr1,168681387,168681660,NO,273
chr11,18237061,18237334,NO,273
chr1,95219117,95219632,NO,515
chr7,154072694,154072883,NO,189
chr12,72825773,72826090,NO,317
chr8,123772018,123772318,NO,300
chr9,27654883,27655185,NO,302
chr6,10319668,10319891,NO,223
chr4,79490723,79491058,NO,335
chr4,174616640,174616959,NO,319
chr20,48527042,48527294,NO,252
chr3,53225865,53226289,NO,424
chr8,141643486,141643924,NO,438
chr1,182286849,182287641,NO,792
chr1,172468948,172469353,NO,405
chrX,13096862,13097293,NO,431
chr20,33795739,33796138,NO,399
chr19,36389500,36389797,NO,297
chr12,16762872,16763259,NO,387
chr5,148317625,148317884,NO,259
chr22,33920533,33922663,NO,2130
chr2,171608185,171608355,NO,170
chr21,34641141,34641630,NO,489
chr4,154354549,154354773,NO,224
chr6,168366330,168366630,NO,300
chr12,94177607,94177873,NO,266
chr15,76050826,76051213,NO,387
chr15,39286286,39286604,NO,318
chr10,23137877,23138432,NO,555
chr11,111311158,111311709,NO,551
chr7,153756020,153756264,NO,244
chr10,80673110,80673520,NO,410
chr2,9970724,9971264,NO,540
chr7,99457866,99458166,NO,300
chr11,6375971,6376253,NO,282
chr19,48763317,48763608,NO,291
chr1,108208181,108208456,NO,275
chr6,144683268,144683584,NO,316
chr3,4941777,4942144,NO,367
chr7,65939257,65939449,NO,192
chr15,76489205,76489635,NO,430
chr19,11646438,11646958,NO,520
chr8,126588610,126588991,NO,381
chr15,64446273,64446617,NO,344
chr11,67058866,67059087,NO,221
chr1,161090161,161090522,NO,361
chr12,6888262,6888571,NO,309
chr7,47552792,47553071,NO,279
chr4,40476115,40476536,NO,421
chr2,26045067,26045364,NO,297
chr12,122332063,122332441,NO,378
chr7,38254644,38254886,NO,242
chr5,176973606,176974059,NO,453
chr4,40319074,40319612,NO,538
chr2,239165532,239165882,NO,350
chrX,70842267,70842645,NO,378
chr9,115494160,115494487,NO,327
chr12,22094108,22094480,NO,372
chr19,1258161,1258524,NO,363
chr16,4647029,4647314,NO,285
chr19,13929002,13929372,NO,370
chr17,65212231,65212630,NO,399
chr3,76784522,76784821,NO,299
chr3,46188485,46188717,NO,232
chr5,85756393,85756655,NO,262
chr17,21069401,21069794,NO,393
chr3,120136406,120136756,NO,350
chr18,52989694,52989992,NO,298
chr14,75614041,75614452,NO,411
chr8,81884493,81884883,NO,390
chr1,29583874,29584216,NO,342
chr16,14595561,14595934,NO,373
chr21,34658315,34658819,NO,504
chr12,68630524,68630888,NO,364
chr15,74934921,74935389,NO,468
chr5,138446296,138446615,NO,319
chr13,21833781,21834092,NO,311
chr3,149772872,149773231,NO,359
chr4,3786133,3786564,NO,431
chr6,15790868,15791334,NO,466
chr4,159969461,159969895,NO,434
chr13,43844199,43844502,NO,303
chr15,78236600,78236975,NO,375
chr9,90228495,90228824,NO,329
chr6,10099308,10099776,NO,468
chr6,148012192,148012444,NO,252
chr5,41433072,41433440,NO,368
chr6,76001110,76001475,NO,365
chr12,127630678,127630998,NO,320
chr9,2742041,2742560,NO,519
chr16,767051,767407,NO,356
chr17,42357278,42357603,NO,325
chr1,16339430,16339864,NO,434
chr22,24830397,24830724,NO,327
chr10,63777036,63777189,NO,153
chr2,88924951,88925241,NO,290
chr2,67157023,67157558,NO,535
chr18,10950608,10951013,NO,405
chr8,135746952,135747354,NO,402
chr2,96057619,96058017,NO,398
chr13,19567328,19567789,NO,461
chr6,114146679,114147171,NO,492
chr12,10658186,10658617,NO,431
chr10,7517339,7517667,NO,328
chr7,71732845,71733002,NO,157
chr3,66102002,66102331,NO,329
chr12,12681080,12686648,NO,5568
chr6,34439387,34439827,NO,440
chr9,99249001,99249295,NO,294
chr2,201577898,201578271,NO,373
chr1,200048351,200048911,NO,560
chr14,69756109,69756397,NO,288
chr10,53451097,53451461,NO,364
chr15,78152412,78152625,NO,213
chr7,112032093,112032343,NO,250
chr5,34001225,34001981,NO,756
chr9,90811976,90812185,NO,209
chr5,1540053,1540279,NO,226
chr17,40463882,40464292,NO,410
chr9,86955347,86955783,NO,436
chr20,43490149,43490578,NO,429
chr4,38015775,38016094,NO,319
chr1,146373699,146373995,NO,296
chr5,36690150,36690489,NO,339
chr2,122290657,122290980,NO,323
chr14,91554242,91554535,NO,293
chr15,30356376,30356635,NO,259
chr12,76419476,76419678,NO,202
chr9,119227099,119227608,NO,509
chr2,68227769,68227986,NO,217
chr6,36326197,36326535,NO,338
chr3,24414853,24415140,NO,287
chr6,160137403,160137804,NO,401
chr19,14618258,14618415,NO,157
chr9,93762016,93762329,NO,313
chr6,132699111,132699235,NO,124
chr4,1205685,1206099,NO,414
chr2,130502505,130502922,NO,417
chr3,183797595,183797822,NO,227
chr12,56132268,56132651,NO,383
chr12,30765915,30766370,NO,455
chr3,39949519,39950025,NO,506
chr6,71073759,71074020,NO,261
chrX,118006503,118006934,NO,431
chr7,142152927,142153094,NO,167
chr1,192873580,192873893,NO,313
chr4,40297278,40297589,NO,311
chr14,59219511,59219892,NO,381
chr1,150185944,150186413,NO,469
chr1,77165437,77165674,NO,237
chr1,28853576,28853916,NO,340
chr3,50621562,50622127,NO,565
chr7,47394774,47395099,NO,325
chr2,39836147,39836545,NO,398
chr4,152339002,152339253,NO,251
chr15,92321918,92322048,NO,130
chr14,21994145,21994437,NO,292
chr22,42765368,42765714,NO,346
chr10,14716578,14716980,NO,402
chr20,52294240,52294604,NO,364
chr4,120501068,120501390,NO,322
chr4,140883010,140883327,NO,317
chr7,24866035,24866354,NO,319
chr2,42949414,42949781,NO,367
chr1,1254188,1254744,NO,556
chr1,10588005,10588299,NO,294
chr10,104541101,104541355,NO,254
chrX,18904731,18905047,NO,316
chr9,116467981,116468950,NO,969
chr8,144301073,144301494,NO,421
chr22,46446851,46447169,NO,318
chr15,45601657,45601892,NO,235
chr8,8709339,8709648,NO,309
chr17,9742936,9743140,NO,204
chr3,41730273,41730750,NO,477
chr1,219606163,219606546,NO,383
chr15,93546303,93546523,NO,220
chr4,47928815,47929124,NO,309
chr1,183339026,183339353,NO,327
chr4,8052633,8053011,NO,378
chr2,138732802,138733715,NO,913
chr7,65772451,65772833,NO,382
chr6,15304011,15304427,NO,416
chr10,123313315,123313606,NO,291
chr10,6343520,6343791,NO,271
chr2,149981744,149982174,NO,430
chr7,26388015,26388321,NO,306
chr17,19172005,19172487,NO,482
chr13,103489359,103489562,NO,203
chr1,47272792,47273073,NO,281
chr9,99139892,99140302,NO,410
chr3,99744513,99744934,NO,421
chr11,120140517,120140729,NO,212
chr5,172443014,172443384,NO,370
chr8,96016172,96016542,NO,370
chr1,27527857,27528121,NO,264
chr14,102302501,102302790,NO,289
chr17,17022255,17022727,NO,472
chr16,67274522,67275036,NO,514
chr10,6128163,6128542,NO,379
chr1,9261465,9261752,NO,287
chr1,148604827,148605112,NO,285
chr11,118691337,118691777,NO,440
chr16,14327111,14327425,NO,314
chr11,129080685,129080983,NO,298
chr3,111643158,111643528,NO,370
chr11,835929,836181,NO,252
chr3,172042597,172042900,NO,303
chr4,124399909,124400199,NO,290
chr7,5526308,5526642,NO,334
chr18,61550178,61550526,NO,348
chr4,119947892,119948220,NO,328
chr10,98780312,98780693,NO,381
chr14,94684750,94684952,NO,202
chr1,112191938,112192173,NO,235
chr6,44017788,44018140,NO,352
chr2,46414288,46414588,NO,300
chr11,11457842,11458190,NO,348
chr3,54925270,54925589,NO,319
chrX,43552810,43553143,NO,333
chr5,147217413,147217685,NO,272
chr9,35258568,35258907,NO,339
chr8,97803716,97804081,NO,365
chr6,131689732,131690039,NO,307
chr16,84875570,84875911,NO,341
chr1,223895255,223895686,NO,431
chr1,155017116,155017454,NO,338
chr6,36797903,36798200,NO,297
chrX,154376402,154376975,NO,573
chr7,151433738,151433977,NO,239
chr15,90818273,90818567,NO,294
chr17,8188595,8189082,NO,487
chr6,150731036,150731299,NO,263
chr3,74692452,74693008,NO,556
chr11,44875995,44876332,NO,337
chr5,139929179,139929548,NO,369
chr16,29836143,29836687,NO,544
chr6,130029231,130029655,NO,424
chr4,143470339,143470823,NO,484
chr5,98115277,98115607,NO,330
chr16,20397230,20397776,NO,546
chr6,74098760,74099081,NO,321
chrX,16900925,16901310,NO,385
chr1,231210861,231211267,NO,406
chr16,57400973,57401349,NO,376
chr12,13079803,13080265,NO,462
chr2,170361244,170361589,NO,345
chr14,96129636,96130036,NO,400
chr10,35283792,35284264,NO,472
chr16,2262763,2263208,NO,445
chr21,48119405,48119588,NO,183
chr14,64535985,64549462,NO,13477
chr8,134262048,134262390,NO,342
chr6,41424132,41424471,NO,339
chr5,67830082,67830537,NO,455
chr1,32166914,32167329,NO,415
chr15,40803518,40803846,NO,328
chr2,242567083,242567355,NO,272
chr12,25034580,25034864,NO,284
chr4,188735965,188736273,NO,308
chr11,15217178,15217783,NO,605
chr2,1839271,1839609,NO,338
chr13,50134796,50135186,NO,390
chr5,60524320,60524791,NO,471
chr6,106936841,106937274,NO,433
chr6,150621159,150621524,NO,365
chr9,97609496,97609835,NO,339
chr8,145697958,145698341,NO,383
chr20,19787565,19787854,NO,289
chr6,26141769,26142129,NO,360
chr3,71060291,71060664,NO,373
chr3,101403198,101403402,NO,204
chr6,690316,690576,NO,260
chr7,55000873,55001214,NO,341
chr11,118308897,118309236,NO,339
chr2,224725758,224726075,NO,317
chr5,102090965,102091229,NO,264
chrX,49165797,49166128,NO,331
chr1,159721768,159722100,NO,332
chr3,177216114,177216500,NO,386
chr11,120002662,120002996,NO,334
chr2,235111771,235111999,NO,228
chr6,46066338,46066707,NO,369
chr11,66133638,66133901,NO,263
chr1,46109537,46109867,NO,330
chr12,52624720,52625242,NO,522
chr14,81769823,81770390,NO,567
chr10,129099241,129099509,NO,268
chr4,40459632,40459974,NO,342
chr2,64539162,64539640,NO,478
chr14,68831577,68831979,NO,402
chr3,9130425,9130797,NO,372
chr19,51589710,51590054,NO,344
chr7,108101510,108102050,NO,540
chr1,212068742,212069284,NO,542
chr1,165615228,165615604,NO,376
chr9,99153498,99153923,NO,425
chr14,76278406,76278770,NO,364
chr6,108977449,108977713,NO,264
chr5,172247239,172247516,NO,277
chr1,15800465,15800849,NO,384
chr1,68838909,68839108,NO,199
chr4,77491321,77491747,NO,426
chr11,120302418,120302667,NO,249
chr14,98535898,98536273,NO,375
chr17,78166269,78166570,NO,301
chr10,31892008,31892506,NO,498
chr22,41465184,41465444,NO,260
chr7,104694213,104694455,NO,242
chr4,90116501,90117751,NO,1250
chr14,95612872,95613150,NO,278
chr1,31122638,31122909,NO,271
chr10,6297652,6298091,NO,439
chr8,42398842,42399239,NO,397
chr15,70637109,70637425,NO,316
chr2,3492648,3493041,NO,393
chr17,7920256,7920754,NO,498
chr16,11809149,11809639,NO,490
chr1,169860348,169860684,NO,336
chr2,34467044,34467550,NO,506
chr11,120198082,120198412,NO,330
chr3,53512839,53513204,NO,365
chr9,123497377,123497955,NO,578
chr6,114022829,114023280,NO,451
chr10,3978624,3978928,NO,304
chr15,20849374,20849582,NO,208
chr17,8323295,8323713,NO,418
chr5,74907121,74907539,NO,418
chr1,40265075,40265416,NO,341
chr19,4672722,4672912,NO,190
chr11,1902512,1903030,NO,518
chr11,63516174,63516270,NO,96
chr5,135191437,135191593,NO,156
chr22,30216910,30217172,NO,262
chr15,92237734,92238058,NO,324
chr12,46603779,46604167,NO,388
chr7,99235807,99236626,NO,819
chr1,229409294,229409560,NO,266
chr20,43951806,43952024,NO,218
chr7,28449074,28449455,NO,381
chr12,93985110,93985467,NO,357
chr5,149646558,149646974,NO,416
chr7,142976189,142976478,NO,289
chr6,166062953,166063198,NO,245
chr9,136596585,136596944,NO,359
chr10,12447847,12448330,NO,483
chr11,67347012,67347584,NO,572
chr18,395686,396174,NO,488
chr1,230867061,230867384,NO,323
chr19,5934061,5934326,NO,265
chr4,154392742,154393015,NO,273
chr9,111863178,111863392,NO,214
chr1,28112580,28112915,NO,335
chr8,23347668,23348061,NO,393
chr18,12679846,12680041,NO,195
chr2,162364118,162364399,NO,281
chr3,107700554,107700970,NO,416
chr15,31352922,31353334,NO,412
chr1,116088633,116088999,NO,366
chr6,47102260,47102599,NO,339
chr5,400376,400598,NO,222
chr18,23836300,23836505,NO,205
chr6,43118238,43118507,NO,269
chr3,129279727,129280135,NO,408
chr9,108061889,108062296,NO,407
chr8,142068251,142068665,NO,414
chr16,84787088,84787302,NO,214
chr4,68311676,68311917,NO,241
chr14,96030207,96030502,NO,295
chr12,125049089,125049418,NO,329
chr8,145685697,145685945,NO,248
chr8,1571407,1571578,NO,171
chr2,233366009,233366318,NO,309
chr11,46003533,46003673,NO,140
chr22,45693649,45693888,NO,239
chr3,52073636,52073982,NO,346
chr15,61095630,61095927,NO,297
chrX,2628108,2628426,NO,318
chr18,45666189,45666523,NO,334
chr13,110676569,110676904,NO,335
chr18,11905468,11905993,NO,525
chr12,65926453,65926759,NO,306
chr3,126701523,126701750,NO,227
chr4,2916274,2916680,NO,406
chr5,65750132,65750463,NO,331
chr11,68180348,68180581,NO,233
chr12,109063948,109064329,NO,381
chr3,30637671,30638040,NO,369
chr14,65023583,65023827,NO,244
chr12,8371513,8371731,NO,218
chr1,94188143,94188485,NO,342
chr16,64294973,64295235,NO,262
chr10,80402109,80402364,NO,255
chr10,62738205,62738498,NO,293
chrX,47986580,47987003,NO,423
chr1,109076366,109076736,NO,370
chr3,24537985,24538394,NO,409
chr6,4103001,4103367,NO,366
chr10,6321795,6322159,NO,364
chr1,36766259,36766559,NO,300
chr6,21538393,21538709,NO,316
chr11,85985504,85985725,NO,221
chr3,73671370,73671837,NO,467
chr3,112726495,112726730,NO,235
chr9,38339309,38339761,NO,452
chr10,71575076,71575426,NO,350
chr5,42992707,42993042,NO,335
chr12,14947484,14947667,NO,183
chr9,117798396,117798637,NO,241
chr3,36949890,36950190,NO,300
chr22,34249608,34249968,NO,360
chr3,13323246,13323624,NO,378
chr9,109518116,109518501,NO,385
chr13,51086662,51086981,NO,319
chr7,21469897,21470227,NO,330
chr4,75480675,75481042,NO,367
chr3,107317636,107317976,NO,340
chr7,32626073,32626364,NO,291
chr6,166019820,166020129,NO,309
chr1,174871412,174871681,NO,269
chr10,89839088,89839582,NO,494
chr4,4504383,4504814,NO,431
chr15,57939760,57940056,NO,296
chr7,113728168,113728456,NO,288
chr15,91951919,91952319,NO,400
chr2,201731645,201731939,NO,294
chr14,25435015,25435300,NO,285
chr21,38571675,38572017,NO,342
chr18,55396240,55396632,NO,392
chrX,39441103,39441394,NO,291
chr1,47789971,47790295,NO,324
chr17,4132972,4133266,NO,294
chr5,54932846,54933145,NO,299
chr6,11251592,11251981,NO,389
chr11,86303672,86304042,NO,370
chr1,228918825,228919205,NO,380
chr2,223680241,223680521,NO,280
chr4,24474366,24474630,NO,264
chr13,34679110,34679316,NO,206
chr22,24642994,24643235,NO,241
chr2,85153857,85154216,NO,359
chr10,88545785,88546104,NO,319
chr11,61793179,61793518,NO,339
chr5,717165,717613,NO,448
chr12,118374605,118374956,NO,351
chr22,36232325,36232754,NO,429
chr16,4396002,4396346,NO,344
chr4,115536492,115536842,NO,350
chr1,204547324,204547621,NO,297
chr9,114783500,114783826,NO,326
chr12,27426064,27426437,NO,373
chr5,118638958,118639344,NO,386
chr14,61906162,61906536,NO,374
chr3,45624499,45624845,NO,346
chr6,36747982,36748365,NO,383
chr2,235771660,235772175,NO,515
chr14,75694235,75694402,NO,167
chr4,22502401,22502780,NO,379
chr1,113607010,113607111,NO,101
chr20,49063641,49063982,NO,341
chr10,106060295,106060695,NO,400
chr12,133346857,133347139,NO,282
chr8,145100382,145100674,NO,292
chr14,35162476,35162780,NO,304
chr19,54600029,54600382,NO,353
chr14,56672406,56672592,NO,186
chr11,73239667,73240013,NO,346
chr5,39969521,39969942,NO,421
chrX,100705334,100705635,NO,301
chr18,72938689,72939066,NO,377
chr14,101146546,101146856,NO,310
chr13,31060320,31060799,NO,479
chr5,178914202,178914402,NO,200
chr7,75318114,75318358,NO,244
chr3,148579800,148580148,NO,348
chr12,51488187,51488413,NO,226
chr4,78169456,78169965,NO,509
chr1,20085102,20085340,NO,238
chr7,99867308,99867571,NO,263
chr8,134356599,134356898,NO,299
chr1,64412395,64412952,NO,557
chr1,27675568,27675995,NO,427
chr22,39093423,39093786,NO,363
chr5,60971222,60971614,NO,392
chr8,126478892,126479219,NO,327
chr16,57184901,57185245,NO,344
chr5,16809232,16809580,NO,348
chr11,60619884,60620222,NO,338
chr19,10990030,10990376,NO,346
chr2,11164497,11164867,NO,370
chr21,45005686,45006054,NO,368
chr10,86768550,86768860,NO,310
chr9,4084295,4084639,NO,344
chrX,102024062,102024406,NO,344
chr1,184742643,184742999,NO,356
chr1,43938517,43938929,NO,412
chr7,47826672,47827001,NO,329
chr12,64312124,64312410,NO,286
chr13,45890457,45890784,NO,327
chr16,1003865,1004087,NO,222
chr7,66501975,66502373,NO,398
chr4,78063519,78063865,NO,346
chr10,73272712,73273123,NO,411
chr10,98797421,98797778,NO,357
chr9,72003018,72003412,NO,394
chr7,102483255,102483511,NO,256
chr11,13073730,13074009,NO,279
chr16,75264471,75264933,NO,462
chr15,38915180,38915502,NO,322
chr18,32847007,32847446,NO,439
chr4,146570914,146571088,NO,174
chr1,95526548,95526802,NO,254
chr5,16379043,16379348,NO,305
chr1,8940608,8941059,NO,451
chr3,179362070,179362363,NO,293
chr3,8524773,8525204,NO,431
chr4,346688,346894,NO,206
chr4,143300850,143301165,NO,315
chr10,23399962,23400204,NO,242
chr5,75791419,75791672,NO,253
chr5,6733038,6733584,NO,546
chr4,106888309,106888559,NO,250
chr12,14094415,14094693,NO,278
chrX,17050198,17050542,NO,344
chr13,20934559,20935032,NO,473
chr4,105338190,105338526,NO,336
chr5,144888824,144889211,NO,387
chr22,31998677,31998957,NO,280
chr8,123840648,123841017,NO,369
chr13,40911207,40911592,NO,385
chr10,77561866,77562167,NO,301
chr6,130341672,130341907,NO,235
chr10,43972172,43972315,NO,143
chr2,219509047,219509495,NO,448
chr22,22191899,22192225,NO,326
chr2,55206373,55206554,NO,181
chr1,68809616,68809864,NO,248
chr2,183533259,183533622,NO,363
chr2,242003109,242003503,NO,394
chr9,108818079,108818305,NO,226
chr6,134521741,134521970,NO,229
chr10,98417941,98418403,NO,462
chr13,114148025,114148356,NO,331
chr5,179740913,179741351,NO,438
chr3,58311504,58311775,NO,271
chr20,60645134,60645438,NO,304
chr5,80542584,80542955,NO,371
chr10,14033229,14033589,NO,360
chr17,71338495,71338702,NO,207
chr16,31727188,31727444,NO,256
chr2,203638843,203639190,NO,347
chr3,178038371,178038725,NO,354
chr19,59010825,59011180,NO,355
chr12,39538934,39539253,NO,319
chr8,96670907,96671292,NO,385
chr9,4500809,4501119,NO,310
chr11,57405777,57406121,NO,344
chr1,165844931,165845242,NO,311
chr17,37158837,37159157,NO,320
chr14,25379199,25379514,NO,315
chr21,37670199,37670564,NO,365
chr6,54242097,54242297,NO,200
chr5,72974689,72974955,NO,266
chr10,18083409,18083758,NO,349
chr7,47009324,47009659,NO,335
chr9,133374936,133375366,NO,430
chr5,126184139,126184436,NO,297
chr3,44090192,44090591,NO,399
chr2,203554484,203554667,NO,183
chr11,47530853,47531182,NO,329
chr11,86259050,86259236,NO,186
chr20,30791989,30792578,NO,589
chr12,34846875,34846999,NO,124
chr2,135068356,135068581,NO,225
chr1,184874532,184874898,NO,366
chr6,31695856,31696173,NO,317
chr8,125539742,125540162,NO,420
chr20,25291192,25291582,NO,390
chr10,32437886,32438182,NO,296
chr15,102182686,102182929,NO,243
chr7,154501551,154502022,NO,471
chr15,84523812,84524134,NO,322
chr18,9854400,9854778,NO,378
chr15,68890407,68890638,NO,231
chr3,75707986,75708280,NO,294
chr10,14116149,14116464,NO,315
chr5,123828188,123828466,NO,278
chr5,123392914,123393184,NO,270
chr6,37693373,37693763,NO,390
chr5,55575190,55575668,NO,478
chr19,19702225,19702619,NO,394
chr1,116745866,116746217,NO,351
chr15,101661983,101662384,NO,401
chr16,50188744,50189028,NO,284
chr6,149064967,149065327,NO,360
chr11,115835788,115836154,NO,366
chr12,72670528,72670897,NO,369
chr18,61802144,61802453,NO,309
chr7,142475739,142476049,NO,310
chr12,75601219,75601446,NO,227
chr8,101278716,101278933,NO,217
chr19,21152622,21153022,NO,400
chr20,48581490,48581886,NO,396
chr1,211035455,211035759,NO,304
chr12,25075060,25075316,NO,256
chr7,120792050,120792417,NO,367
chr11,27912505,27912651,NO,146
chr2,75743939,75744261,NO,322
chr10,44795922,44796331,NO,409
chr22,16374542,16374743,NO,201
chr1,95428475,95428814,NO,339
chr6,168251529,168251863,NO,334
chr13,42221957,42222285,NO,328
chr21,9664512,9664726,NO,214
chr21,36117270,36117553,NO,283
chr10,22614600,22614933,NO,333
chr6,77499591,77499998,NO,407
chr5,95582927,95583356,NO,429
chr9,137298527,137298999,NO,472
chr1,23673816,23673989,NO,173
chr2,234633823,234633986,NO,163
chr2,165567307,165567674,NO,367
chr16,29796352,29796596,NO,244
chr5,55354101,55354469,NO,368
chr1,220295118,220295382,NO,264
chr11,35257916,35258411,NO,495
chr10,101039624,101040057,NO,433
chr17,70657801,70658177,NO,376
chr15,92000009,92000288,NO,279
chr9,79398954,79399118,NO,164
chr16,25235775,25236091,NO,316
chr2,38458002,38458264,NO,262
chr22,43500315,43500550,NO,235
chr7,65210768,65211244,NO,476
chr7,33011646,33012031,NO,385
chr5,159592002,159592271,NO,269
chr10,4973658,4974225,NO,567
chr5,101490895,101491111,NO,216
chr1,26421222,26421587,NO,365
chr6,111333465,111333698,NO,233
chr14,20106921,20107122,NO,201
chr18,19862171,19862512,NO,341
chr7,142448287,142448919,NO,632
chr11,12504589,12504870,NO,281
chr13,84440455,84440749,NO,294
chr14,105818194,105818571,NO,377
chr16,11678213,11678756,NO,543
chr7,141395788,141396128,NO,340
chr17,15686228,15686577,NO,349
chr3,125916413,125916724,NO,311
chr13,50796810,50797082,NO,272
chr15,31528535,31528892,NO,357
chr16,53778355,53778573,NO,218
chrX,45629438,45629699,NO,261
chr12,132674642,132675059,NO,417
chr7,111394620,111394956,NO,336
chr1,148766857,148767142,NO,285
chr10,112432038,112432396,NO,358
chr2,101792297,101792629,NO,332
chr18,46014416,46014792,NO,376
chr2,242072184,242072498,NO,314
chr13,111270149,111270485,NO,336
chr2,153028418,153028712,NO,294
chr14,91305422,91305730,NO,308
chr3,122787677,122788018,NO,341
chr10,43140938,43141331,NO,393
chr9,129948887,129949259,NO,372
chr11,66374653,66374993,NO,340
chr7,142115379,142115618,NO,239
chr3,50560842,50561129,NO,287
chr5,145236216,145236425,NO,209
chr9,89131365,89131886,NO,521
chr2,163332404,163332686,NO,282
chr5,40734927,40735275,NO,348
chr8,97016656,97017007,NO,351
chr12,52629548,52629971,NO,423
chr2,165418016,165420020,NO,2004
chr19,58270621,58270857,NO,236
chr1,204491700,204491935,NO,235
chr3,72356210,72356436,NO,226
chr1,23866346,23866625,NO,279
chr10,119822495,119822838,NO,343
chr1,116257305,116257642,NO,337
chr7,73601745,73602006,NO,261
chr10,97068318,97068728,NO,410
chr18,21048889,21049225,NO,336
chr4,142253562,142253782,NO,220
chr15,69850076,69850630,NO,554
chr8,29463665,29463882,NO,217
chr5,10502492,10502835,NO,343
chr18,74028598,74028768,NO,170
chr4,187321558,187321923,NO,365
chr11,109479552,109479725,NO,173
chr19,5539684,5539842,NO,158
chr1,94781323,94781652,NO,329
chr3,127833310,127833586,NO,276
chr10,112544164,112544426,NO,262
chr5,149236870,149237186,NO,316
chr11,712536,712924,NO,388
chr5,150593431,150593820,NO,389
chr11,106048090,106048456,NO,366
chr3,29800797,29801085,NO,288
chr6,114465934,114466225,NO,291
chr3,71354908,71355396,NO,488
chr1,109189628,109189933,NO,305
chr12,64292757,64293185,NO,428
chr16,29821203,29821531,NO,328
chr1,43796649,43796883,NO,234
chr19,34828322,34828589,NO,267
chr1,171226588,171226912,NO,324
chr2,69809425,69809760,NO,335
chr1,1488434,1488687,NO,253
chr7,142453001,142453312,NO,311
chr7,77395501,77395731,NO,230
chr5,62348678,62349004,NO,326
chr12,50648439,50648770,NO,331
chr10,32209808,32210085,NO,277
chr2,198171326,198171682,NO,356
chr3,183981226,183981431,NO,205
chr19,27789626,27789741,NO,115
chr13,46964423,46964729,NO,306
chr2,85940160,85940495,NO,335
chr17,3641130,3641502,NO,372
chr9,33415766,33416127,NO,361
chr18,47655354,47655696,NO,342
chr19,22320671,22321117,NO,446
chr19,18246502,18246783,NO,281
chr18,55379463,55379788,NO,325
chr3,108016777,108017147,NO,370
chr14,76114443,76114802,NO,359
chr10,65024906,65025206,NO,300
chr13,42184449,42184746,NO,297
chr6,163145903,163146139,NO,236
chr7,55783122,55783507,NO,385
chr15,31317095,31317315,NO,220
chr17,40550464,40550765,NO,301
chr5,10439812,10440112,NO,300
chr14,73146387,73146626,NO,239
chr7,913528,913810,NO,282
chr1,223276207,223276639,NO,432
chr3,109403909,109404266,NO,357
chr9,132725097,132725407,NO,310
chr15,59621470,59621857,NO,387
chrX,18693127,18693403,NO,276
chr13,113260486,113260861,NO,375
chr6,16805455,16805694,NO,239
chr1,59218756,59219087,NO,331
chr2,191224709,191225048,NO,339
chr1,219361615,219361854,NO,239
chr17,63367266,63367619,NO,353
chr16,56979188,56979641,NO,453
chr12,132354410,132354610,NO,200
chr16,29838262,29838621,NO,359
chr2,63808756,63809110,NO,354
chr16,69798124,69798339,NO,215
chr15,28370096,28370319,NO,223
chr18,60992564,60992898,NO,334
chr18,21932094,21932298,NO,204
chr3,197454822,197455056,NO,234
chr11,126286637,126286941,NO,304
chr4,37473551,37473845,NO,294
chr7,134053870,134054225,NO,355
chr21,40338195,40338512,NO,317
chr17,412825,413043,NO,218
chr17,44081296,44081722,NO,426
chr11,14560157,14560405,NO,248
chr20,35459818,35460054,NO,236
chr17,66511507,66511694,NO,187
chr1,117916666,117916876,NO,210
chr1,48341430,48341822,NO,392
chr5,21491609,21491877,NO,268
chr10,14131127,14131483,NO,356
chr19,10949828,10950221,NO,393
chr10,53973181,53973559,NO,378
chr14,58705686,58705977,NO,291
chr15,64927213,64927448,NO,235
chr2,238065044,238065298,NO,254
chr22,35793372,35793691,NO,319
chr15,39548399,39548716,NO,317
chr7,156111934,156112319,NO,385
chr1,206881407,206881687,NO,280
chr17,26489737,26489940,NO,203
chr19,40237442,40237793,NO,351
chr12,68104082,68104515,NO,433
chr9,71468223,71468585,NO,362
chr8,70772389,70772780,NO,391
chr11,125155818,125156150,NO,332
chr5,72901045,72901418,NO,373
chr3,71074333,71074604,NO,271
chr8,81719396,81719652,NO,256
chrX,23522824,23523187,NO,363
chr3,63710695,63710994,NO,299
chr7,74026697,74027061,NO,364
chr4,174490604,174490809,NO,205
chr1,224626302,224626525,NO,223
chr12,13288726,13289104,NO,378
chr2,120082106,120082393,NO,287
chr2,16798735,16799133,NO,398
chr5,143584905,143585242,NO,337
chr19,50223230,50223468,NO,238
chr4,1675499,1675692,NO,193
chr10,3116416,3116928,NO,512
chr1,15779362,15779669,NO,307
chr3,32511047,32511361,NO,314
chr4,25640864,25641132,NO,268
chr11,27402817,27403136,NO,319
chr10,3792201,3792524,NO,323
chr11,35325832,35326176,NO,344
chr2,169769460,169769791,NO,331
chr5,61032084,61032355,NO,271
chr1,839824,840066,NO,242
chr12,107742706,107743003,NO,297
chr11,45294686,45295021,NO,335
chr6,15367899,15368242,NO,343
chr4,184462951,184463199,NO,248
chr3,75263589,75263809,NO,220
chr15,45678705,45679026,NO,321
chr1,32485810,32486004,NO,194
chr7,17572969,17573220,NO,251
chr4,40787890,40788075,NO,185
chr10,111635683,111635914,NO,231
chr17,38853010,38853245,NO,235
chr18,60088182,60088613,NO,431
chr14,93316044,93316446,NO,402
chr5,124317828,124318126,NO,298
chr3,32301116,32301289,NO,173
chr10,96035785,96036103,NO,318
chr14,100276277,100276553,NO,276
chr10,73450010,73450249,NO,239
chr1,42886600,42886934,NO,334
chr5,124820501,124820960,NO,459
chr5,73209325,73209538,NO,213
chr8,42270242,42270559,NO,317
chr5,35095934,35096289,NO,355
chr1,60060066,60060395,NO,329
chr15,28505914,28506167,NO,253
chr1,7158657,7158961,NO,304
chr22,46453097,46453417,NO,320
chr5,176696537,176696867,NO,330
chr6,106859543,106859935,NO,392
chr7,142470576,142471036,NO,460
chr6,170554605,170554985,NO,380
chr20,10057719,10058063,NO,344
chr1,183850522,183850825,NO,303
chr1,168770301,168770545,NO,244
chr8,108995177,108995388,NO,211
chr2,208008591,208008879,NO,288
chr3,57063715,57064005,NO,290
chr19,39376633,39376883,NO,250
chr2,192731403,192731865,NO,462
chr4,5367749,5368066,NO,317
chr6,21045131,21045416,NO,285
chr16,9141894,9142206,NO,312
chr2,131834872,131835137,NO,265
chr12,94207303,94207644,NO,341
chr1,211957569,211957838,NO,269
chr18,3771652,3771916,NO,264
chr4,184360087,184360492,NO,405
chr6,166667387,166667610,NO,223
chr10,25190796,25191048,NO,252
chr11,19463598,19463922,NO,324
chr6,39345887,39346322,NO,435
chr2,151001095,151001330,NO,235
chr11,20048838,20049157,NO,319
chr9,99984770,99984982,NO,212
chr15,67007673,67008012,NO,339
chr6,24381033,24381305,NO,272
chr3,75690508,75690782,NO,274
chr17,76371231,76371459,NO,228
chr8,24366668,24366929,NO,261
chr1,165721674,165721849,NO,175
chr5,14207489,14207724,NO,235
chr1,95292320,95292539,NO,219
chr21,36153923,36154288,NO,365
chr20,33608598,33608994,NO,396
chr2,13677957,13678168,NO,211
chr9,100298314,100298718,NO,404
chr10,130653943,130654405,NO,462
chr1,24798583,24799154,NO,571
chr4,41122220,41122604,NO,384
chr2,53435921,53436242,NO,321
chr4,778785,778980,NO,195
chr1,164653063,164653294,NO,231
chr9,111389070,111389362,NO,292
chr13,95911065,95911419,NO,354
chr7,122831122,122831479,NO,357
chr17,70973253,70973657,NO,404
chr4,49180010,49180198,NO,188
chr9,591883,592239,NO,356
chr3,3749488,3749910,NO,422
chr3,156966616,156966931,NO,315
chr12,95398,95668,NO,270
chr2,165678724,165679056,NO,332
chr12,10367551,10367987,NO,436
chr15,67041969,67042390,NO,421
chr5,36878884,36879166,NO,282
chrX,46763334,46763634,NO,300
chr16,67458340,67458739,NO,399
chr18,60419338,60425163,NO,5825
chr9,135257297,135257710,NO,413
chr16,48281176,48281501,NO,325
chr6,298706,299212,NO,506
chr5,95322555,95322927,NO,372
chr18,10798621,10798925,NO,304
chr1,76191704,76192044,NO,340
chr5,179496855,179497151,NO,296
chr9,761245,761599,NO,354
chr7,142449369,142450017,NO,648
chr19,54038426,54038732,NO,306
chr8,19523014,19523314,NO,300
chr16,69646536,69646796,NO,260
chr10,73649177,73649476,NO,299
chr9,94933638,94933848,NO,210
chr17,47807760,47808109,NO,349
chr1,16420592,16421023,NO,431
chr10,31836619,31836823,NO,204
chr10,33330703,33331111,NO,408
chr9,131159275,131159561,NO,286
chr10,47656020,47656390,NO,370
chr10,114852968,114853290,NO,322
chr19,40771907,40772182,NO,275
chr7,152242332,152242632,NO,300
chr19,3989889,3990107,NO,218
chr18,29294376,29294558,NO,182
chr6,111060390,111060625,NO,235
chr15,89974216,89974394,NO,178
chr6,140400663,140400911,NO,248
chr14,24411728,24411893,NO,165
chr12,105599282,105599551,NO,269
chr21,17907424,17907766,NO,342
chr7,106267044,106267368,NO,324
chr17,19994656,19995037,NO,381
chr6,136968676,136969071,NO,395
chr3,149058098,149058447,NO,349
chr3,180012859,180013187,NO,328
chr11,8305225,8305480,NO,255
chr9,86601868,86602190,NO,322
chr14,75355426,75355767,NO,341
chr3,152026111,152026518,NO,407
chr5,20366901,20367281,NO,380
chr12,51634598,51634917,NO,319
chr10,4322985,4323251,NO,266
chrX,108297320,108297871,NO,551
chr6,76445316,76445679,NO,363
chr2,28092770,28093057,NO,287
chr1,33446570,33446906,NO,336
chr13,111024009,111024246,NO,237
chr1,15769866,15770136,NO,270
chr10,104274273,104274772,NO,499
chr2,235208551,235208756,NO,205
chr18,52612948,52613295,NO,347
chr4,143326220,143326615,NO,395
chr14,88655379,88655748,NO,369
chr1,1789997,1790223,NO,226
chr20,25521230,25521465,NO,235
chr12,8601888,8602132,NO,244
chr2,7100612,7100947,NO,335
chrX,154027844,154028108,NO,264
chr7,149438832,149439144,NO,312
chr1,15753840,15754189,NO,349
chr6,3990988,3991490,NO,502
chr4,9693304,9693525,NO,221
chr12,56351617,56351973,NO,356
chrX,13138580,13138880,NO,300
chr11,13033866,13034094,NO,228
chr4,26828281,26828608,NO,327
chr15,67651692,67652084,NO,392
chr13,24723103,24723413,NO,310
chr6,155223160,155223298,NO,138
chr14,59721433,59721839,NO,406
chr1,238315426,238315626,NO,200
chr2,120514482,120514756,NO,274
chrX,36975738,36976151,NO,413
chrX,65041846,65042102,NO,256
chr19,54523349,54523631,NO,282
chr1,41920372,41920713,NO,341
chrX,153049176,153049393,NO,217
chr16,31463875,31464123,NO,248
chr11,835450,835737,NO,287
chr2,28958878,28959280,NO,402
chr2,145280373,145280655,NO,282
chr19,45129579,45129875,NO,296
chr15,64011437,64011760,NO,323
chr3,114819001,114819427,NO,426
chr4,87915795,87916199,NO,404
chr10,112314254,112314537,NO,283
chr6,80235041,80235347,NO,306
chr2,210103728,210105514,NO,1786
chr4,38622895,38623319,NO,424
chr14,50108295,50108638,NO,343
chr20,47562604,47563018,NO,414
chr18,68044511,68044975,NO,464
chr18,77447711,77448114,NO,403
chr11,3950835,3951342,NO,507
chr2,46020851,46021321,NO,470
chr5,15009032,15009411,NO,379
chr4,41540706,41540934,NO,228
chr10,60212022,60212222,NO,200
chr14,68850997,68851285,NO,288
chr2,135222911,135223285,NO,374
chr17,48801012,48801174,NO,162
chr11,76511459,76511791,NO,332
chr11,50651144,50651244,NO,100
chr7,105359264,105359681,NO,417
chr2,203000911,203001097,NO,186
chr12,123735652,123735898,NO,246
chr11,1961000,1961227,NO,227
chr11,62436877,62437356,NO,479
chr2,201185154,201185408,NO,254
chr11,30554931,30555214,NO,283
chr6,53166718,53166949,NO,231
chr14,76760519,76760905,NO,386
chr19,7616077,7616383,NO,306
chr1,48901361,48901552,NO,191
chr5,38106159,38106410,NO,251
chr1,109268817,109269130,NO,313
chr10,126364183,126364404,NO,221
chr9,108040810,108041106,NO,296
chr12,3866064,3866439,NO,375
chr13,111719789,111720165,NO,376
chr18,22598580,22598782,NO,202
chr11,10293698,10293911,NO,213
chr10,18045662,18045921,NO,259
chr10,17798679,17798938,NO,259
chr4,26175237,26175728,NO,491
chr8,48540302,48540654,NO,352
chr12,43030790,43031107,NO,317
chr3,64598612,64598946,NO,334
chr3,90211989,90212192,NO,203
chr3,108064601,108064995,NO,394
chr3,186650308,186650600,NO,292
chr5,167696590,167696801,NO,211
chr6,1515473,1515816,NO,343
chr20,390456,396772,NO,6316
chr1,231035846,231036066,NO,220
chrX,86664182,86664514,NO,332
chr12,59160063,59160448,NO,385
chr3,94226315,94226531,NO,216
chr15,70385545,70385861,NO,316
chr15,48104090,48104497,NO,407
chr19,18058193,18058508,NO,315
chr1,235459758,235460046,NO,288
chr7,69942292,69942631,NO,339
chr2,211404306,211404773,NO,467
chr2,169630134,169636668,NO,6534
chr6,119069816,119070149,NO,333
chr1,160216407,160216715,NO,308
chr1,230561754,230562026,NO,272
chrX,72179364,72179562,NO,198
chr15,64813376,64813681,NO,305
chr8,15114475,15114682,NO,207
chr3,114586283,114586581,NO,298
chr5,36657993,36658441,NO,448
chr2,88650343,88650678,NO,335
chr11,119185483,119185824,NO,341
chr20,25117298,25117582,NO,284
chr6,34641355,34641732,NO,377
chr5,128776033,128776402,NO,369
chr12,100517271,100517521,NO,250
chr9,137537454,137537727,NO,273
chr12,26885521,26885730,NO,209
chr7,37240974,37241339,NO,365
chr3,94367531,94367779,NO,248
chr17,21934790,21935059,NO,269
chr16,80752910,80753290,NO,380
chr17,46949314,46949735,NO,421
chr1,15786540,15786801,NO,261
chr17,68130154,68130383,NO,229
chr10,63843150,63843376,NO,226
chr13,100562249,100562519,NO,270
chr7,43961475,43961823,NO,348
chr16,47545861,47546073,NO,212
chr11,122496792,122497118,NO,326
chr13,22247743,22247983,NO,240
chr17,2659227,2659570,NO,343
chr10,102586927,102587189,NO,262
chr4,188301300,188301533,NO,233
chr6,25035582,25035889,NO,307
chr6,56264149,56264402,NO,253
chr16,30953441,30953858,NO,417
chr16,53530575,53530740,NO,165
chr8,67467927,67468239,NO,312
chr12,117068524,117068880,NO,356
chr8,21050380,21050730,NO,350
chr5,54733641,54733966,NO,325
chr3,161133660,161133984,NO,324
chr11,287006,287355,NO,349
chr3,48441070,48441405,NO,335
chrX,77275132,77275433,NO,301
chr9,75140423,75140664,NO,241
chr17,55609358,55609650,NO,292
chr22,28369266,28369484,NO,218
chr7,143582079,143582315,NO,236
chr2,227001542,227001839,NO,297
chr4,141267326,141267636,NO,310
chr15,100671787,100672068,NO,281
chr1,202995245,202995542,NO,297
chr7,30224139,30224512,NO,373
chr15,30336644,30336927,NO,283
chr3,149190142,149190441,NO,299
chr19,14230381,14230618,NO,237
chr16,82037828,82038179,NO,351
chr20,33627858,33628197,NO,339
chr2,174436791,174437057,NO,266
chr14,104285867,104286209,NO,342
chr9,131466603,131466909,NO,306
chr17,9989264,9989520,NO,256
chr17,79588324,79588574,NO,250
chr10,120949794,120950126,NO,332
chr9,88708834,88709212,NO,378
chr22,24920174,24920494,NO,320
chr3,81865804,81866253,NO,449
chr2,48093131,48093343,NO,212
chr19,17153217,17153348,NO,131
chr14,103404197,103404440,NO,243
chr14,64139854,64140151,NO,297
chr11,111266004,111266360,NO,356
chr1,151792489,151792844,NO,355
chr2,218096485,218096705,NO,220
chr1,213154733,213155001,NO,268
chr6,22828645,22828967,NO,322
chr13,74340014,74340541,NO,527
chr3,43334614,43340090,NO,5476
chr8,126606015,126606369,NO,354
chr18,60816508,60816808,NO,300
chr1,8908661,8909054,NO,393
chr6,137969615,137969985,NO,370
chrX,119148498,119148729,NO,231
chr1,117659592,117659912,NO,320
chr10,44492983,44493215,NO,232
chr3,23907374,23907798,NO,424
chr6,158749628,158749961,NO,333
chr2,211095229,211095609,NO,380
chr4,135543438,135543726,NO,288
chr13,22681259,22681810,NO,551
chr3,185762890,185763265,NO,375
chr7,65608168,65608460,NO,292
chr15,85523023,85523274,NO,251
chr19,23695031,23695261,NO,230
chr2,44472367,44472677,NO,310
chr2,25963980,25964280,NO,300
chr4,86717990,86718217,NO,227
chr5,118373521,118373853,NO,332
chr2,239078353,239078632,NO,279
chr17,7400143,7400383,NO,240
chr1,95415407,95415761,NO,354
chr4,76976050,76976300,NO,250
chr18,10265053,10265322,NO,269
chr9,107669955,107670151,NO,196
chr20,11963541,11963821,NO,280
chr1,110546641,110547033,NO,392
chr3,188490485,188490812,NO,327
chr17,64383690,64384001,NO,311
chr20,18485334,18485583,NO,249
chr3,184499274,184499483,NO,209
chr3,171783903,171784208,NO,305
chr7,139471836,139472178,NO,342
chr7,151191209,151191574,NO,365
chr15,91659376,91659691,NO,315
chr2,241490967,241491273,NO,306
chr10,3559101,3559347,NO,246
chr4,55147225,55147544,NO,319
chr17,28049737,28050147,NO,410
chr10,3710540,3710882,NO,342
chr20,33906077,33906425,NO,348
chr1,206769328,206769705,NO,377
chr2,191747980,191748217,NO,237
chr7,56605442,56605807,NO,365
chr1,92244871,92245207,NO,336
chr3,138316054,138316351,NO,297
chr11,129481755,129482057,NO,302
chr11,95779092,95779437,NO,345
chr12,52616408,52616718,NO,310
chr1,78688936,78689221,NO,285
chr5,34182621,34182792,NO,171
chr1,231275900,231276242,NO,342
chr15,85297356,85297695,NO,339
chr10,127416157,127416405,NO,248
chr18,3044957,3045306,NO,349
chr14,55944363,55944791,NO,428
chr7,18520531,18520703,NO,172
chr15,77453095,77453359,NO,264
chr16,58161239,58161513,NO,274
chr12,93381516,93381941,NO,425
chr2,3653237,3653586,NO,349
chr16,72236754,72237100,NO,346
chr7,149119011,149119265,NO,254
chr9,74373387,74373713,NO,326
chr20,37228308,37228529,NO,221
chr16,2438554,2439023,NO,469
chr8,75036567,75036828,NO,261
chr5,96049812,96050121,NO,309
chr5,49441249,49441374,NO,125
chr21,43286447,43286685,NO,238
chr2,86411614,86411893,NO,279
chr17,70049619,70049930,NO,311
chr5,68747317,68747629,NO,312
chr6,138226331,138226692,NO,361
chr15,73921345,73921655,NO,310
chr8,49561938,49562287,NO,349
chr1,35835986,35836244,NO,258
chr9,66500531,66500652,NO,121
chr7,134040830,134041143,NO,313
chr4,139255718,139256234,NO,516
chr1,85049422,85049672,NO,250
chr9,34374369,34374729,NO,360
chr5,65985433,65985772,NO,339
chr18,21464947,21465247,NO,300
chr20,25096483,25096755,NO,272
chr12,125182555,125182883,NO,328
chr1,117314608,117314981,NO,373
chr1,207998027,207998411,NO,384
chr12,1427877,1428178,NO,301
chr2,230937371,230937621,NO,250
chr17,44910727,44910959,NO,232
chr10,28768303,28768562,NO,259
chr3,124597891,124598216,NO,325
chr5,138750271,138750548,NO,277
chr4,184557727,184558027,NO,300
chr20,6593238,6593552,NO,314
chr1,12392884,12393239,NO,355
chr12,66290270,66290538,NO,268
chr22,39113967,39114269,NO,302
chr5,87897598,87897785,NO,187
chr6,170231978,170232330,NO,352
chr2,165596714,165596924,NO,210
chr9,92049665,92049935,NO,270
chr22,17089888,17090083,NO,195
chr10,13200344,13200737,NO,393
chr17,60730177,60730463,NO,286
chr21,44631172,44631455,NO,283
chr15,58208488,58208812,NO,324
chr14,73992976,73993390,NO,414
chr12,109187609,109187813,NO,204
chr17,33349557,33349888,NO,331
chr9,85103417,85103679,NO,262
chr3,79355471,79355802,NO,331
chrX,23093675,23093889,NO,214
chr19,48851479,48851810,NO,331
chrX,7170216,7170505,NO,289
chr15,74838174,74838624,NO,450
chr12,22234241,22234427,NO,186
chr20,10531091,10531445,NO,354
chr8,145805607,145805948,NO,341
chrX,150017242,150017506,NO,264
chr8,11647208,11647553,NO,345
chr6,42409422,42409696,NO,274
chr6,56536419,56536600,NO,181
chr1,234634982,234635285,NO,303
chr9,119081395,119081587,NO,192
chr19,29135099,29135412,NO,313
chr10,118421961,118422253,NO,292
chr21,33856928,33857238,NO,310
chr17,8577315,8577591,NO,276
chr18,55487137,55487507,NO,370
chr16,81763961,81764250,NO,289
chr7,56034490,56034762,NO,272
chr1,8157264,8157591,NO,327
chr2,120453346,120453664,NO,318
chr6,43238356,43238674,NO,318
chr2,70256769,70257122,NO,353
chr3,195285591,195285903,NO,312
chr7,47235344,47235701,NO,357
chr1,22836082,22836282,NO,200
chr10,28999811,29000236,NO,425
chr19,58070889,58071299,NO,410
chr2,54830479,54830760,NO,281
chr3,43764357,43764679,NO,322
chr8,125370911,125371220,NO,309
chr22,43108052,43108287,NO,235
chr17,71224151,71224453,NO,302
chr16,9489922,9490195,NO,273
chrX,130926859,130927109,NO,250
chr5,135081901,135082134,NO,233
chr3,48055155,48055470,NO,315
chr15,59547930,59548137,NO,207
chr21,36013777,36013946,NO,169
chr6,16747951,16748236,NO,285
chr2,191364755,191365010,NO,255
chr11,18210492,18210654,NO,162
chr13,35324523,35324744,NO,221
chr12,129302001,129302213,NO,212
chr3,193269378,193269698,NO,320
chr11,74277468,74277861,NO,393
chr17,65072441,65072770,NO,329
chr8,49584318,49584536,NO,218
chr12,15976816,15976993,NO,177
chr6,132157951,132158230,NO,279
chr15,52000406,52000836,NO,430
chr1,104122906,104123281,NO,375
chr5,56482339,56482581,NO,242
chr2,122312683,122312902,NO,219
chr3,8723137,8723291,NO,154
chr6,13678574,13678964,NO,390
chr12,100897168,100897470,NO,302
chr14,32741333,32741552,NO,219
chr11,133994997,133995250,NO,253
chr5,919203,919517,NO,314
chrX,1439948,1440150,NO,202
chr2,71114628,71114962,NO,334
chr6,129480501,129480742,NO,241
chr16,75262105,75262448,NO,343
chr15,56299335,56299550,NO,215
chr22,29811312,29811550,NO,238
chr12,16555190,16555506,NO,316
chr4,2850173,2850432,NO,259
chr20,48841461,48841869,NO,408
chr13,24173423,24173730,NO,307
chr20,48253424,48253709,NO,285
chr1,213006860,213007113,NO,253
chr16,47381296,47381473,NO,177
chr3,134138232,134138542,NO,310
chr19,34780220,34780393,NO,173
chr11,30509887,30510227,NO,340
chr20,39904051,39904306,NO,255
chr3,184208979,184209216,NO,237
chr7,142483434,142483694,NO,260
chr2,85568692,85569087,NO,395
chr3,136714022,136714450,NO,428
chr7,46173350,46173568,NO,218
chr22,25447957,25448157,NO,200
chr5,142520113,142520423,NO,310
chr12,123649392,123649567,NO,175
chr8,37370209,37370492,NO,283
chr3,120397214,120397721,NO,507
chr18,42305777,42306062,NO,285
chr20,10594640,10594849,NO,209
chr4,153878925,153879228,NO,303
chr2,62429213,62429405,NO,192
chr2,36806495,36806766,NO,271
chr12,43150222,43150571,NO,349
chr12,99423826,99424191,NO,365
chr1,120202335,120202730,NO,395
chr1,15791049,15791421,NO,372
chr2,173913253,173913585,NO,332
chr10,33486401,33486719,NO,318
chr2,101760165,101760371,NO,206
chr4,78485724,78486025,NO,301
chr15,92424827,92425072,NO,245
chr18,45578772,45579048,NO,276
chr7,130757455,130757767,NO,312
chr21,32546127,32546386,NO,259
chr10,61755394,61755623,NO,229
chr20,290933,291211,NO,278
chrX,33059365,33059598,NO,233
chr1,167012982,167013433,NO,451
chr15,53363957,53364272,NO,315
chr4,186613192,186613452,NO,260
chr2,56070155,56070415,NO,260
chr2,71974415,71974815,NO,400
chr2,38852430,38852582,NO,152
chr2,218723681,218723936,NO,255
chr1,24283765,24284031,NO,266
chr18,73179,73502,NO,323
chr4,56220943,56221098,NO,155
chr1,2523989,2524329,NO,340
chr9,86938547,86938996,NO,449
chr1,33477101,33477367,NO,266
chr5,94745897,94746158,NO,261
chr7,128809173,128809527,NO,354
chr17,46918905,46919265,NO,360
chr7,132066470,132066719,NO,249
chr11,85906139,85906465,NO,326
chr6,98011702,98011877,NO,175
chr6,131614565,131614895,NO,330
chr14,61965573,61965927,NO,354
chr17,65465642,65465813,NO,171
chr2,65145014,65145426,NO,412
chr5,76519565,76519794,NO,229
chr3,185527247,185527430,NO,183
chr13,24213722,24213944,NO,222
chr6,34382751,34383160,NO,409
chr6,107473861,107474063,NO,202
chr2,32426568,32426845,NO,277
chr19,37178009,37178379,NO,370
chr12,51417653,51417934,NO,281
chr9,18775739,18776111,NO,372
chr1,84898997,84899205,NO,208
chr3,171398536,171398749,NO,213
chr2,220263467,220263741,NO,274
chr19,446100,446314,NO,214
chr1,231127831,231128206,NO,375
chr15,70669192,70669434,NO,242
chr7,107651327,107651633,NO,306
chr10,3678417,3678645,NO,228
chr21,15309610,15309889,NO,279
chr6,160122798,160123049,NO,251
chr15,66096626,66096872,NO,246
chr3,155866793,155867157,NO,364
chr12,101993592,102002764,NO,9172
chr1,184453531,184453838,NO,307
chr12,126073850,126073952,NO,102
chr20,3321226,3321540,NO,314
chr8,19535962,19536240,NO,278
chr15,80386511,80386764,NO,253
chr13,111049952,111050238,NO,286
chr4,74469013,74469349,NO,336
chr12,121266593,121266788,NO,195
chr14,61951367,61951696,NO,329
chr1,68111168,68111544,NO,376
chr11,13229283,13229526,NO,243
chr20,42184888,42185225,NO,337
chr9,73711841,73712037,NO,196
chr6,90057606,90057916,NO,310
chr19,38548869,38549184,NO,315
chr2,184862789,184863069,NO,280
chr8,123870238,123870465,NO,227
chr10,30894634,30894923,NO,289
chr2,60707428,60707729,NO,301
chr5,55045202,55045473,NO,271
chr1,184806234,184806585,NO,351
chr2,23807401,23807578,NO,177
chr4,22601350,22601557,NO,207
chr11,86060917,86061099,NO,182
chr6,56557523,56557827,NO,304
chr5,98361441,98361673,NO,232
chr4,149095634,149095828,NO,194
chr15,50086218,50086448,NO,230
chr1,94166801,94167027,NO,226
chr20,62465942,62466155,NO,213
chr11,107702050,107702296,NO,246
chr10,116441455,116441741,NO,286
chr5,136550899,136554835,NO,3936
chr19,7309441,7309674,NO,233
chr9,107031427,107031673,NO,246
chr15,79625149,79625453,NO,304
chr6,144968688,144968969,NO,281
chr4,75954225,75954507,NO,282
chr4,40365286,40365679,NO,393
chr5,106878658,106879008,NO,350
chr12,15101562,15101839,NO,277
chr7,17138781,17139103,NO,322
chr13,26552656,26552854,NO,198
chr10,30655243,30655414,NO,171
chr15,52407972,52408344,NO,372
chr15,91137440,91137769,NO,329
chr14,51939957,51940253,NO,296
chr2,201523134,201523498,NO,364
chr13,98798927,98799159,NO,232
chr1,36723676,36723922,NO,246
chr19,1725282,1725541,NO,259
chr5,115880824,115881053,NO,229
chr18,71833763,71834058,NO,295
chr3,10316190,10316413,NO,223
chr2,204444382,204444823,NO,441
chr16,5257100,5257296,NO,196
chr2,112704432,112704668,NO,236
chr8,66951269,66951580,NO,311
chr1,113760137,113760431,NO,294
chr3,182963103,182963366,NO,263
chr4,25930485,25930767,NO,282
chr22,31926491,31926787,NO,296
chr7,94505227,94505442,NO,215
chr20,32969461,32969626,NO,165
chr14,68658176,68658403,NO,227
chr16,27295431,27295611,NO,180
chr20,49078588,49078858,NO,270
chr8,81838681,81839027,NO,346
chr12,104576979,104577378,NO,399
chr12,16684545,16684774,NO,229
chr13,21056691,21056928,NO,237
chr11,60917684,60918017,NO,333
chr11,19842812,19849054,NO,6242
chr5,35479400,35479728,NO,328
chr1,162253585,162253959,NO,374
chr8,118917520,118917816,NO,296
chr7,111442334,111442556,NO,222
chr16,10835689,10835991,NO,302
chr2,19243456,19243737,NO,281
chr11,44655853,44656045,NO,192
chr10,28733142,28733463,NO,321
chr1,236925466,236925725,NO,259
chr5,32785628,32785903,NO,275
chr7,142472738,142473096,NO,358
chr15,57588794,57589055,NO,261
chr2,87075584,87075706,NO,122
chr6,64515809,64516089,NO,280
chr4,87999450,87999659,NO,209
chr21,44802647,44802888,NO,241
chr18,32123718,32123949,NO,231
chr6,24323199,24323535,NO,336
chr1,61545527,61545897,NO,370
chr22,47482538,47482800,NO,262
chr9,97896633,97896836,NO,203
chr1,118197582,118197942,NO,360
chrX,129113937,129114173,NO,236
chr19,11735491,11735681,NO,190
chr2,34930965,34931339,NO,374
chr6,160231912,160232213,NO,301
chr7,37190550,37190879,NO,329
chr21,45604944,45605238,NO,294
chr5,126200144,126200294,NO,150
chr11,108345431,108345778,NO,347
chr7,39657089,39657229,NO,140
chr6,132591899,132592165,NO,266
chrX,133683294,133683521,NO,227
chr10,78397792,78398116,NO,324
chr18,13191961,13192258,NO,297
chr3,145873927,145874218,NO,291
chr20,42930777,42931184,NO,407
chr16,22383396,22383661,NO,265
chr6,108274170,108274420,NO,250
chr9,2559240,2559523,NO,283
chr12,60130430,60130848,NO,418
chrX,50388697,50389048,NO,351
chr8,80872232,80872619,NO,387
chr1,172238827,172239108,NO,281
chr10,76728530,76728803,NO,273
chr6,90075885,90076063,NO,178
chr2,19740625,19740933,NO,308
chrX,40936139,40936321,NO,182
chr19,7289135,7289415,NO,280
chr5,58592497,58592816,NO,319
chr7,45030237,45030562,NO,325
chr16,70292040,70292289,NO,249
chr2,47955876,47956047,NO,171
chr8,81062181,81062406,NO,225
chrX,109310657,109310984,NO,327
chr6,86863855,86864173,NO,318
chr5,108988216,108988531,NO,315
chr18,56722330,56722631,NO,301
chr11,76221528,76221788,NO,260
chr15,78202880,78203103,NO,223
chr7,27386753,27387142,NO,389
chr10,104209086,104209368,NO,282
chr1,114744187,114744463,NO,276
chr1,227619397,227619597,NO,200
chr9,111034644,111034918,NO,274
chr20,33510879,33511299,NO,420
chr11,70885751,70885990,NO,239
chr2,135690856,135691201,NO,345
chr15,66207738,66208083,NO,345
chr7,23724923,23725218,NO,295
chr11,35165507,35165840,NO,333
chr17,2251134,2251379,NO,245
chr2,196477104,196477341,NO,237
chr21,37854088,37854406,NO,318
chr7,86475596,86475901,NO,305
chr6,144799678,144799901,NO,223
chr3,150089468,150089796,NO,328
chr5,174035949,174036154,NO,205
chr7,98028032,98028380,NO,348
chr6,166999980,167000169,NO,189
chr4,108654615,108654821,NO,206
chr10,17836515,17836771,NO,256
chr4,83552324,83552609,NO,285
chr12,56422550,56422785,NO,235
chr2,122226626,122226888,NO,262
chr5,90422543,90422833,NO,290
chr19,21879944,21880163,NO,219
chr6,168332379,168332729,NO,350
chr8,86868677,86868890,NO,213
chr9,6785739,6785958,NO,219
chr10,123071590,123071936,NO,346
chr16,56443039,56443273,NO,234
chr4,125675247,125675716,NO,469
chr3,9464606,9464846,NO,240
chr9,127487703,127487921,NO,218
chr2,190351778,190351986,NO,208
chr3,170026048,170026255,NO,207
chr14,28733660,28733870,NO,210
chr15,69581638,69581841,NO,203
chr4,150108362,150108527,NO,165
chr15,101807660,101808032,NO,372
chr6,47150041,47150377,NO,336
chr6,16769515,16769820,NO,305
chr8,17403145,17403392,NO,247
chr2,159860259,159860449,NO,190
chr8,86915328,86915630,NO,302
chr11,17353726,17354137,NO,411
chr19,39745755,39746013,NO,258
chr11,74123981,74124259,NO,278
chr7,21620110,21620492,NO,382
chr3,172059850,172060193,NO,343
chr8,56832160,56832389,NO,229
chr1,161214525,161214720,NO,195
chr20,23962668,23962906,NO,238
chr9,22124670,22124849,NO,179
chr4,169799344,169799556,NO,212
chr4,72124997,72125310,NO,313
chrX,149381772,149382052,NO,280
chr11,58399122,58399426,NO,304
chr9,110011444,110011737,NO,293
chr6,24005915,24006236,NO,321
chr4,185373260,185373459,NO,199
chr2,135485269,135485550,NO,281
chr4,129582047,129582355,NO,308
chr2,169039567,169039858,NO,291
chr20,46197271,46197483,NO,212
chr18,42518480,42518783,NO,303
chr1,144520067,144520200,NO,133
chr18,57684686,57684889,NO,203
chr5,95535689,95535978,NO,289
chr11,26849041,26849313,NO,272
chr13,50513052,50513351,NO,299
chr18,9330638,9330796,NO,158
chr6,21731541,21731818,NO,277
chr15,46636367,46636684,NO,317
chr2,98896911,98897255,NO,344
chr5,130715560,130715850,NO,290
chr6,46957998,46958298,NO,300
chr21,27306986,27307393,NO,407
chr6,83781024,83781276,NO,252
chr1,46051846,46052088,NO,242
chr2,171386824,171387183,NO,359
chr7,101360732,101360945,NO,213
chr3,159818485,159818699,NO,214
chr6,119451481,119451690,NO,209
chr18,21782110,21782359,NO,249
chr8,141489489,141489681,NO,192
chr21,37632574,37632841,NO,267
chr3,192874839,192875089,NO,250
chr3,64427175,64427525,NO,350
chr2,120145511,120145744,NO,233
chr15,46121767,46122008,NO,241
chr16,32823080,32823277,NO,197
chr8,79674593,79674859,NO,266
chr9,2466862,2467062,NO,200
chr2,107117137,107117259,NO,122
chr2,42538505,42538717,NO,212
chr3,169150087,169150332,NO,245
chr16,14191463,14191736,NO,273
chr10,112029484,112029711,NO,227
chr22,38260105,38260387,NO,282
chr3,65857127,65857409,NO,282
chr11,60470779,60470926,NO,147
chr1,142949672,142949854,NO,182
chr14,56066154,56066399,NO,245
chr1,63156273,63156731,NO,458
chr4,154064381,154064588,NO,207
chr17,4267937,4268153,NO,216
chr8,38539700,38539892,NO,192
chr4,25536433,25536716,NO,283
chr13,96439392,96439680,NO,288
chr10,112633779,112634004,NO,225
chr3,84163908,84164103,NO,195
chr16,71535735,71535959,NO,224
chr4,40066945,40067248,NO,303
chr11,119377487,119377643,NO,156
chr8,141765426,141765715,NO,289
chr21,29628932,29629164,NO,232
chrX,44093117,44093364,NO,247
chr3,96068102,96068363,NO,261
chr11,111630829,111631069,NO,240
chr4,77380661,77380907,NO,246
chr5,54170295,54170573,NO,278
chr6,76410324,76410525,NO,201
chr1,2929374,2929610,NO,236
chr1,68773033,68773609,NO,576
chr4,185209009,185209322,NO,313
chr2,223906418,223906656,NO,238
chr7,6993193,6993405,NO,212
chr12,72846500,72846745,NO,245
chr15,40245656,40245779,NO,123
chr5,1778552,1778803,NO,251
chr9,131495774,131495975,NO,201
chr9,33391893,33392079,NO,186
chr10,51595224,51595433,NO,209
chr2,228331377,228331681,NO,304
chr20,33064055,33064325,NO,270
chr6,71874686,71874908,NO,222
chr2,139032902,139033241,NO,339
chr2,153261977,153262257,NO,280
chr6,131718759,131719029,NO,270
chr1,65002634,65002891,NO,257
chr12,89900398,89900627,NO,229
chr18,57169375,57169599,NO,224
chr11,75755965,75756263,NO,298
chr21,47311878,47312119,NO,241
chr6,24778434,24778679,NO,245
chr12,95607631,95607907,NO,276
chr8,50507319,50507506,NO,187
chr6,167846450,167846674,NO,224
chr18,4756052,4756229,NO,177
chrX,24278936,24279159,NO,223
chr12,123307599,123307825,NO,226
chr16,8587932,8588140,NO,208
chr7,92053822,92054083,NO,261
chr1,41617806,41618027,NO,221
chr11,35843586,35843833,NO,247
chr12,133175295,133175512,NO,217
chr19,47049584,47049895,NO,311
chr11,44264729,44265005,NO,276
chr1,36020897,36021080,NO,183
chr21,44617142,44617363,NO,221
chr11,8411282,8411593,NO,311
chr1,235665549,235665788,NO,239
chr7,47186724,47187003,NO,279
chr18,56005435,56005708,NO,273
chr11,43430241,43430544,NO,303
chr8,23948425,23948696,NO,271
chr8,23075056,23075274,NO,218
chr13,49761715,49761942,NO,227
chr20,10403729,10404032,NO,303
chr9,104088571,104088816,NO,245
chr10,62874641,62874808,NO,167
chr18,31400494,31400749,NO,255
chr9,86226621,86226887,NO,266
chr1,22358048,22358354,NO,306
chr11,123016584,123016829,NO,245
chr19,54278727,54278961,NO,234
chr1,200149728,200150020,NO,292
chr17,55185221,55185507,NO,286
chr7,142389203,142389586,NO,383
chr14,73049712,73050015,NO,303
chrX,131614640,131614921,NO,281
chr1,43761026,43761270,NO,244
chr8,145686521,145687044,NO,523
chr14,82003004,82003279,NO,275
chr7,17029798,17030020,NO,222
chr11,27376098,27376312,NO,214
chr2,46795716,46796021,NO,305
chr10,64996530,64996753,NO,223
chr22,40582255,40582513,NO,258
chr4,71600088,71600392,NO,304
chr6,29604081,29604355,NO,274
chr5,132561998,132562295,NO,297
chr5,124268833,124269148,NO,315
chr2,135405208,135405509,NO,301
chr10,115241076,115241334,NO,258
chr1,215742531,215742765,NO,234
chr11,93478315,93478527,NO,212
chr13,73995353,73995665,NO,312
chr1,39239440,39239675,NO,235
chr17,38380084,38380309,NO,225
chr12,26180722,26181001,NO,279
chr2,200942159,200942384,NO,225
chr10,13801254,13801542,NO,288
chr3,119367009,119367349,NO,340
chr14,68034655,68034883,NO,228
chr3,121907953,121908216,NO,263
chr3,46627838,46628078,NO,240
chr13,100849517,100849719,NO,202
chr14,30375562,30375816,NO,254
chr1,120096622,120096946,NO,324
chr12,104613758,104614009,NO,251
chr1,237766401,237766605,NO,204
chr1,247611345,247611585,NO,240
chrX,1498306,1498540,NO,234
chr12,31004322,31004453,NO,131
chr5,124014174,124014464,NO,290
chr2,129276675,129276844,NO,169
chr12,56519808,56520027,NO,219
chr1,86010708,86010912,NO,204
chr12,56304079,56304310,NO,231
chr16,1880409,1880670,NO,261
chr8,63436132,63436366,NO,234
chrX,45918756,45919085,NO,329
chr1,172328048,172328334,NO,286
chr17,59285953,59286236,NO,283
chr2,167996966,167997260,NO,294
chr2,15039023,15039334,NO,311
chr6,80373533,80373750,NO,217
chr18,47492723,47492970,NO,247
chr13,73535246,73535495,NO,249
chr10,110067838,110068045,NO,207
chr4,6993243,6993629,NO,386
chr9,134553088,134553341,NO,253
chr1,78277395,78277630,NO,235
chr10,17777661,17777885,NO,224
chr11,69283488,69283605,NO,117
chr12,40620663,40620952,NO,289
chr11,58442359,58442691,NO,332
chr21,18814546,18814789,NO,243
chr8,42771082,42771299,NO,217
chr9,134199345,134199567,NO,222
chr5,126338396,126338648,NO,252
chr7,5441033,5441282,NO,249
chr17,19564002,19564281,NO,279
chr12,50595768,50596016,NO,248
chr17,68049661,68049912,NO,251
chr10,115781060,115781263,NO,203
chr7,46047344,46047591,NO,247
chr5,150134159,150134470,NO,311
chr1,42806659,42806999,NO,340
chr5,133274999,133275253,NO,254
chr9,96229678,96229975,NO,297
chr14,91895055,91895277,NO,222
chr15,20372871,20373041,NO,170
chr15,21379465,21379635,NO,170
chr9,123472288,123472539,NO,251
chr10,111717243,111717541,NO,298
chr9,3225056,3225226,NO,170
chr16,13177978,13178262,NO,284
chr19,45379066,45379291,NO,225
chr8,141932891,141933111,NO,220
chr13,39837738,39837935,NO,197
chr3,11702497,11702788,NO,291
chr15,88295596,88295826,NO,230
chr17,44322695,44322898,NO,203
chr1,9615524,9615800,NO,276
chr17,32221277,32221422,NO,145
chr14,69560913,69561176,NO,263
chr6,34779461,34779707,NO,246
chr8,42029142,42029303,NO,161
chr4,9104615,9104827,NO,212
chr4,43553463,43553647,NO,184
chr4,63682380,63682559,NO,179
chr15,81272233,81272541,NO,308
chr10,28752483,28752734,NO,251
chr12,40225499,40225734,NO,235
chr6,73470058,73470309,NO,251
chr2,223618167,223618406,NO,239
chr7,3258817,3259069,NO,252
chr3,41900930,41901148,NO,218
chr7,45103277,45103489,NO,212
chr13,52165882,52166115,NO,233
chr19,42992702,42992935,NO,233
chr6,138825649,138825869,NO,220
chr8,11791293,11791470,NO,177
chr6,90140235,90140467,NO,232
chr1,15766788,15767046,NO,258
chr2,160571176,160571371,NO,195
chr6,109380682,109380983,NO,301
chr4,39516539,39516772,NO,233
chr16,68943078,68943328,NO,250
chr5,107200256,107200484,NO,228
chr4,2432266,2432496,NO,230
chr1,228857616,228857872,NO,256
chr2,175428678,175428941,NO,263
chr1,185540092,185540286,NO,194
chr4,114426314,114426464,NO,150
chrX,48331935,48332192,NO,257
chr17,31281815,31282148,NO,333
chr5,54826485,54826774,NO,289
chr1,228771293,228771460,NO,167
chr14,64061775,64061952,NO,177
chr1,148193165,148193462,NO,297
chr13,99187795,99188085,NO,290
chr8,108441402,108441599,NO,197
chr8,101303070,101303304,NO,234
chr2,227598235,227598555,NO,320
chr10,24626283,24626458,NO,175
chr2,131186071,131186300,NO,229
chr4,108792538,108792736,NO,198
chr3,182456741,182457039,NO,298
chr18,14431043,14431214,NO,171
chrX,45842843,45843111,NO,268
chr5,601729,602023,NO,294
chr7,104123094,104123375,NO,281
chr5,124380338,124380629,NO,291
chr15,61013258,61013468,NO,210
chrX,75249407,75249627,NO,220
chr7,6052555,6052816,NO,261
chr6,159331717,159331999,NO,282
chr16,73299803,73300074,NO,271
chr17,27531428,27531668,NO,240
chr15,62838231,62838493,NO,262
chr7,4876094,4876258,NO,164
chr4,106507064,106507331,NO,267
chr4,95394648,95394858,NO,210
chr1,146676357,146676561,NO,204
chr4,87934921,87935132,NO,211
chr6,47282967,47283172,NO,205
chr17,73348161,73348350,NO,189
chr2,63849972,63850185,NO,213
chr16,71787844,71788011,NO,167
chrX,13898529,13898707,NO,178
chr2,34902696,34902960,NO,264
chr14,50908248,50908466,NO,218
chr19,5987594,5987853,NO,259
chr12,92812519,92812760,NO,241
chr2,44495039,44495248,NO,209
chr1,205585565,205585808,NO,243
chr6,11901289,11901511,NO,222
chr10,127567707,127567919,NO,212
chr2,242209990,242210364,NO,374
chr6,128765239,128765438,NO,199
chr21,42955350,42955573,NO,223
chr13,41470141,41470336,NO,195
chr4,54421210,54421442,NO,232
chr16,53186321,53186546,NO,225
chr3,197381614,197381824,NO,210
chr5,139420028,139420248,NO,220
chr15,62379761,62380067,NO,306
chr15,24389766,24389978,NO,212
chr3,195361860,195362070,NO,210
chr3,48415672,48415825,NO,153
chr3,172313067,172313276,NO,209
chr10,116330983,116331231,NO,248
chr4,16035901,16036251,NO,350
chr1,227406978,227407150,NO,172
chr7,6521175,6521397,NO,222
chr4,39992661,39992886,NO,225
chr7,95220458,95220619,NO,161
chr2,131450361,131450590,NO,229
chr15,37101028,37101300,NO,272
chr19,47003756,47003971,NO,215
chr18,6541112,6541360,NO,248
chr3,185135421,185135566,NO,145
chr15,57307658,57307849,NO,191
chr10,75950426,75950714,NO,288
chr8,17750420,17750658,NO,238
chr12,6905214,6905394,NO,180
chr7,50936836,50937119,NO,283
chr4,37903699,37903937,NO,238
chr17,68851713,68852002,NO,289
chr5,53341465,53341684,NO,219
chr2,79236718,79237016,NO,298
chr15,20448437,20448558,NO,121
chr2,37158018,37158220,NO,202
chr21,18835004,18835238,NO,234
chr3,188067394,188067781,NO,387
chr10,48952283,48952499,NO,216
chr15,50643622,50643816,NO,194
chr8,96832267,96832407,NO,140
chr9,36530029,36530185,NO,156
chr3,64887396,64887544,NO,148
chr3,106051760,106051945,NO,185
chr5,93768985,93769194,NO,209
chr4,185926006,185926393,NO,387
chr2,46501099,46501340,NO,241
chr2,71438210,71438407,NO,197
chr10,18024661,18024849,NO,188
chr1,142797004,142797138,NO,134
chr5,55128364,55128554,NO,190
chr4,83627556,83627786,NO,230
chr19,49087361,49087574,NO,213
chr8,81122406,81122627,NO,221
chrX,63178605,63178829,NO,224
chr19,53243745,53243958,NO,213
chr12,117552430,117552645,NO,215
chr9,91986784,91986937,NO,153
chr7,55617591,55617890,NO,299
chr7,43528202,43528538,NO,336
chr2,106778443,106778691,NO,248
chr18,8284574,8284766,NO,192
chr15,84841220,84841349,NO,129
chr3,105743976,105744151,NO,175
chr14,75485672,75485902,NO,230
chr1,173840487,173840700,NO,213
chr5,49513758,49513861,NO,103
chr6,135078847,135079052,NO,205
chr7,133762227,133762366,NO,139
chr3,49430826,49430990,NO,164
chr1,179103539,179103756,NO,217
chr11,111734844,111735056,NO,212
chr1,64184231,64184454,NO,223
chr4,174173236,174186377,NO,13141
chr1,22091673,22091884,NO,211
chr2,68019943,68020102,NO,159
chr1,38550578,38550858,NO,280
chr4,22698058,22698311,NO,253
chr11,66770452,66770713,NO,261
chr10,36406705,36406959,NO,254
chr1,57036790,57037024,NO,234
chr2,160600739,160600948,NO,209
chr3,39422358,39422627,NO,269
chr12,59319624,59319863,NO,239
chr7,129615404,129615644,NO,240
chr1,85871143,85871312,NO,169
chr14,30219715,30219850,NO,135
chr8,117466364,117466501,NO,137
chr1,61039827,61040045,NO,218
chr2,66693603,66693818,NO,215
chr10,24329111,24329324,NO,213
chr6,148776841,148776986,NO,145
chr11,102183911,102184119,NO,208
chr13,41591431,41591623,NO,192
chr14,68406980,68407193,NO,213
chr9,114678782,114678993,NO,211
chr8,54624980,54625228,NO,248
chr14,100256994,100257200,NO,206
chr9,35553618,35553833,NO,215
chr20,8075210,8075413,NO,203
chr22,25081826,25082033,NO,207
chr22,18789257,18789384,NO,127
chr4,140455738,140455964,NO,226
chr22,35992914,35993195,NO,281
chr6,36912122,36912395,NO,273
chr17,40400972,40401187,NO,215
chr4,88025291,88025471,NO,180
chrX,13220415,13220592,NO,177
chr4,74456180,74456414,NO,234
chr1,85729126,85729361,NO,235
chr9,71588672,71588858,NO,186
chr15,72301872,72302052,NO,180
chr11,2098268,2098455,NO,187
chr7,65372105,65372251,NO,146
chr15,100159388,100159568,NO,180
chr18,21192504,21192685,NO,181
chr5,14798449,14798602,NO,153
chr12,7792088,7792344,NO,256
chr1,151467177,151467365,NO,188
chr11,106698510,106698739,NO,229
chr19,53038724,53038909,NO,185
chr20,8142192,8142412,NO,220
chr6,111784049,111784299,NO,250
chr2,225350402,225350583,NO,181
chr3,114119265,114127874,NO,8609
chr1,153493222,153493487,NO,265
chr1,169477656,169477871,NO,215
chr2,236211379,236211488,NO,109
chr4,79103021,79103335,NO,314
chr5,16972766,16972926,NO,160
chr17,19092589,19092711,NO,122
chr10,25368137,25368380,NO,243
chr1,60358699,60358888,NO,189
chr15,45654225,45654428,NO,203
chr15,52944157,52944367,NO,210
chr22,21795323,21795445,NO,122
chr22,21847985,21848107,NO,122
chr18,13539865,13540082,NO,217
chr2,158236887,158237019,NO,132
chr6,140187962,140188064,NO,102
chr8,64088892,64089019,NO,127
chr12,106563760,106563938,NO,178
chr15,50764618,50764727,NO,109
chr14,90802789,90802973,NO,184
chr3,122990481,122990739,NO,258
chr12,127861155,127861246,NO,91
chr13,50432168,50432373,NO,205
chr19,16022469,16022688,NO,219
chr3,185255138,185255358,NO,220
chr21,44582778,44583030,NO,252
chr2,190787870,190795845,NO,7975
chr11,48859321,48859451,NO,130
chrX,61839197,61839378,NO,181
chr8,46852380,46852562,NO,182
chrX,100446243,100446478,NO,235
chr2,29594541,29594788,NO,247
chr20,29811889,29812151,NO,262
chr6,119558523,119558837,NO,314
chr16,34022471,34022819,NO,348
chr11,85194955,85195317,NO,362
chrX,58561211,58561576,NO,365
chr14,88237430,88237963,NO,533
chr9,66833052,66834032,NO,980
chr10,42364485,42365538,NO,1053
chr11,51568234,51570165,NO,1931
chr12,46844074,46850129,NO,6055
chr11,51582930,51589037,NO,6107
chr7,61967133,61973361,NO,6228
chr6,58773583,58780202,NO,6619
chr1,121478512,121485470,NO,6958
chr19,27731749,27739048,NO,7299
chr13,106636834,106644441,NO,7607
chr18,18512616,18520456,NO,7840
chr4,149319054,149327312,NO,8258
chr17,22253149,22261685,NO,8536
chr4,49141583,49151932,NO,10349
chr7,92428470,92438936,NO,10466
chr15,71807705,71818364,NO,10659
chr16,33952112,33964290,NO,12178
chr1,168837353,168849901,NO,12548
chr4,78619267,78632444,NO,13177
chr10,42529130,42545307,NO,16177
chr2,133011789,133031117,NO,19328
chr2,92269382,92320492,NO,51110
