chrom,start,end,label,length
chr10,80826312,81011321,YES,185009
chr22,36673389,36878803,YES,205414
chr5,172140827,172339100,YES,198273
chr5,131742827,131839339,YES,96512
chr17,75307597,75474335,YES,166738
chr2,43384755,43505014,YES,120259
chr11,65183170,65199235,YES,16065
chr14,74178732,74270118,YES,91386
chr19,39125292,39227218,YES,101926
chr1,15205073,15394239,YES,189166
chr19,12887992,12908156,YES,20164
chr10,73469918,73543411,YES,73493
chr14,69228932,69284176,YES,55244
chr5,42989815,43020989,YES,31174
chr15,96843842,96906957,YES,63115
chr15,31615818,31691322,YES,75504
chr2,218654085,218820251,YES,166166
chr10,126299681,126433753,YES,134072
chr10,104327161,104439526,YES,112365
chr20,45882388,45991983,YES,109595
chr19,1247161,1263746,YES,16585
chr7,47445110,47688412,YES,243302
chr1,149820689,149835176,YES,14487
chr11,305604,321480,YES,15876
chr11,128547730,128674908,YES,127178
chr5,149833084,149934386,YES,101302
chr5,150384579,150487202,YES,102623
chr9,73012331,73054379,YES,42048
chr14,77488562,77519353,YES,30791
chr19,13250784,13293314,YES,42530
chr1,12192119,12269873,YES,77754
chr1,207977067,208097699,YES,120632
chr9,137206068,137350365,YES,144297
chr20,48875475,49040728,YES,165253
chr12,122224123,122245944,YES,21821
chr11,67029903,67058464,YES,28561
chr17,38449927,38521596,YES,71669
chr19,3335604,3460671,YES,125067
chr3,50264192,50307591,YES,43399
chr4,2787781,2871422,YES,83641
chr2,47166605,47317287,YES,150682
chr17,7736407,7749153,YES,12746
chr17,2293537,2322404,YES,28867
chr12,111834497,111889016,YES,54519
chr17,76300144,76392491,YES,92347
chr11,126180027,126350902,YES,170875
chr17,17575849,17697957,YES,122108
chr1,235047447,235184560,YES,137113
chr8,56791158,56923065,YES,131907
chr18,74764213,74846481,YES,82268
chr1,203236410,203297730,YES,61320
chr1,21580511,21672651,YES,92140
chr2,87742275,87840521,YES,98246
chr2,112167275,112265338,YES,98063
chr12,12866446,12902978,YES,36532
chr1,234718030,234755038,YES,37008
chr11,47395223,47423653,YES,28430
chr21,46285297,46352978,YES,67681
chr1,226819675,226928230,YES,108555
chr2,54781785,54902053,YES,120268
chr6,35685386,35701546,YES,16160
chr16,70712223,70788701,YES,76478
chr4,185249012,185375665,YES,126653
chr2,145130003,145282757,YES,152754
chr15,78282054,78380843,YES,98789
chr14,75682603,75782496,YES,99893
chr1,16151643,16178674,YES,27031
chr16,75263633,75360817,YES,97184
chr5,139013628,139091138,YES,77510
chr16,30193768,30223544,YES,29776
chr10,82202995,82296531,YES,93536
chr2,28550197,28654694,YES,104497
chr1,1580287,1626802,YES,46515
chr10,17241096,17281461,YES,40365
chr9,116246081,116384529,YES,138448
chr19,4038465,4116315,YES,77850
chr22,32924386,33042194,YES,117808
chr19,45220837,45274190,YES,53353
chr11,118740160,118801658,YES,61498
chr3,30645931,30738218,YES,92287
chr12,125382818,125426120,YES,43302
chr10,74055284,74097586,YES,42302
chr9,132198838,132263265,YES,64427
chr8,134497637,134585612,YES,87975
chr9,95854400,95911870,YES,57470
chr14,35801163,35884913,YES,83750
chr5,180212189,180260348,YES,48159
chr19,17178020,17268278,YES,90258
chr6,32934442,32942915,YES,8473
chr10,3782361,3829280,YES,46919
chr2,201979298,201998523,YES,19225
chr9,117102202,117161085,YES,58883
chr3,129276421,129347496,YES,71075
chr12,109195477,109256632,YES,61155
chr2,240138138,240264806,YES,126668
chr13,110867956,111024738,YES,156782
chr2,7049304,7212915,YES,163611
chr2,68941941,69039345,YES,97404
chr15,75067418,75093118,YES,25700
chr6,108878290,108920388,YES,42098
chr19,16426178,16495681,YES,69503
chr11,64615532,64656139,YES,40607
chr15,63765733,63817965,YES,52232
chr11,3845961,3927658,YES,81697
chr22,46464500,46478345,YES,13845
chr10,116061503,116188000,YES,126497
chr19,39895487,39906539,YES,11052
chr19,2540170,2665032,YES,124862
chr15,74665943,74746940,YES,80997
chr10,43885672,43917163,YES,31491
chr7,5452391,5482021,YES,29630
chr2,128377348,128434025,YES,56677
chr1,120556680,120613296,YES,56616
chr21,40330663,40396565,YES,65902
chr22,50318743,50364874,YES,46131
chr4,15002732,15007279,YES,4547
chr11,114002172,114070056,YES,67884
chr13,24789870,24857528,YES,67658
chr9,33101205,33169185,YES,67980
chr15,45002117,45024424,YES,22307
chr10,73977971,74038633,YES,60662
chr21,45536349,45595253,YES,58904
chr2,232570308,232582993,YES,12685
chr10,101279132,101311763,YES,32631
chr1,8402965,8526709,YES,123744
chr17,56405024,56422576,YES,17552
chr19,16176386,16207654,YES,31268
chr19,39317647,39361559,YES,43912
chr21,34727703,34815231,YES,87528
chr17,38245731,38288198,YES,42467
chr9,91966302,92152561,YES,186259
chr3,14412738,14505941,YES,93203
chr8,103794677,103823428,YES,28751
chr13,111351220,111369087,YES,17867
chr12,120652744,120706560,YES,53816
chr17,75092740,75185725,YES,92985
chr14,35014636,35026884,YES,12248
chr17,42274631,42313009,YES,38378
chr6,26155495,26174177,YES,18682
chr11,72298216,72354348,YES,56132
chr12,89716946,89750065,YES,33119
chr15,90541987,90613479,YES,71492
chr2,238578743,238648133,YES,69390
chr16,84619435,84652084,YES,32649
chr1,156449690,156481292,YES,31602
chr16,11654160,11735522,YES,81362
chr6,163807473,163838211,YES,30738
chr1,45267069,45293107,YES,26038
chr15,89164229,89201122,YES,36893
chr10,106076112,106111573,YES,35461
chr3,187453660,187468535,YES,14875
chr18,3446430,3459373,YES,12943
chr8,142096012,142175600,YES,79588
chr11,128321055,128400876,YES,79821
chr17,80151233,80206390,YES,55157
chr6,30646545,30659763,YES,13218
chr12,48193009,48227460,YES,34451
chr20,48502151,48533649,YES,31498
chr13,50695611,50726890,YES,31279
chr3,13034839,13064190,YES,29351
chr7,104651659,104656477,YES,4818
chr5,175955712,175982824,YES,27112
chr17,79359992,79404792,YES,44800
chr17,62979767,63075264,YES,95497
chr9,123608424,123699232,YES,90808
chr12,58225070,58293483,YES,68413
chr2,157175951,157200273,YES,24322
chr11,122525489,122627902,YES,102413
chr1,19732444,19836199,YES,103755
chrX,75361714,75372936,YES,11222
chr5,43033770,43045098,YES,11328
chr17,47784522,47855673,YES,71151
chr16,81476575,81556319,YES,79744
chr10,70803350,70853702,YES,50352
chr11,10601404,10698321,YES,96917
chr1,19220846,19283970,YES,63124
chr17,6915093,6928612,YES,13519
chr10,99077202,99095584,YES,18382
chr3,5017557,5029450,YES,11893
chr8,101961707,101966379,YES,4672
chr21,40410977,40480144,YES,69167
chr19,14466190,14499993,YES,33803
chr19,47596434,47617839,YES,21405
chr9,130815896,130867116,YES,51220
chr20,30249304,30315703,YES,66399
chr22,50710240,50753899,YES,43659
chr2,207995760,208033518,YES,37758
chr17,36577103,36623337,YES,46234
chr17,8053783,8061087,YES,7304
chr12,6640939,6665814,YES,24875
chr11,9621976,9742569,YES,120593
chr2,70311865,70318248,YES,6383
chr2,219259536,219267038,YES,7502
chr5,1474547,1537740,YES,63193
chr1,36580546,36628811,YES,48265
chr1,159850002,159900215,YES,50213
chr10,1088285,1111071,YES,22786
chr17,79278020,79346912,YES,68892
chr16,66544127,66561658,YES,17531
chr3,14824865,14944724,YES,119859
chr15,75742306,75749128,YES,6822
chrX,12964850,13000460,YES,35610
chr22,37614367,37642107,YES,27740
chr16,27297077,27344019,YES,46942
chr17,37023660,37083187,YES,59527
chr19,18389319,18394709,YES,5390
chr7,134828491,134856930,YES,28439
chr12,53431928,53470604,YES,38676
chr6,28851862,28912552,YES,60690
chr18,3579986,3606587,YES,26601
chr6,16670001,16771263,YES,101262
chr17,80224839,80261582,YES,36743
chr1,28184540,28219651,YES,35111
chr11,2387120,2422815,YES,35695
chr5,133838659,133907026,YES,68367
chr11,65400752,65422686,YES,21934
chr11,62305381,62346467,YES,41086
chr1,150530243,150543121,YES,12878
chr11,72395031,72456270,YES,61239
chr3,46967172,47033035,YES,65863
chr1,40845124,40870410,YES,25286
chr19,2257911,2291640,YES,33729
chr14,90847803,90897197,YES,49394
chr18,2627999,2658415,YES,30416
chr1,155930220,155961229,YES,31009
chr3,42053719,42124178,YES,70459
chr14,70076503,70121446,YES,44943
chr17,80397845,80423061,YES,25216
chr4,103746295,103750668,YES,4373
chr22,47130708,47189319,YES,58611
chr15,67356978,67451306,YES,94328
chr2,64835970,64897059,YES,61089
chr17,38677181,38719298,YES,42117
chrX,41189166,41195119,YES,5953
chr17,43220567,43254035,YES,33468
chr5,149969459,150037482,YES,68023
chr11,47995220,48103724,YES,108504
chr20,52191832,52240980,YES,49148
chr3,127395883,127519833,YES,123950
chr1,153916236,153937157,YES,20921
chr15,69107880,69114641,YES,6761
chr14,92917095,93017210,YES,100115
chr19,13948776,13956406,YES,7630
chr22,41770610,41815016,YES,44406
chr8,130970036,131029834,YES,59798
chr20,30592751,30659717,YES,66966
chr1,33790767,33833591,YES,42824
chr17,79475441,79487021,YES,11580
chr2,174819522,174831637,YES,12115
chr12,46119575,46126497,YES,6922
chr5,142779170,142785633,YES,6463
chr19,10838463,10929499,YES,91036
chr19,36618080,36644683,YES,26603
chr19,18570544,18634004,YES,63460
chr8,38756778,38824257,YES,67479
chr11,65622859,65629094,YES,6235
chr1,17215075,17241941,YES,26866
chr15,89630291,89687536,YES,57245
chr6,2839705,2878627,YES,38922
chr1,112012577,112059925,YES,47348
chr6,150919388,151029639,YES,110251
chr5,98262687,98277936,YES,15249
chr8,48645882,48652124,YES,6242
chr2,20773182,20835000,YES,61818
chr1,206724778,206776404,YES,51626
chr19,41302401,41330373,YES,27972
chr19,13204824,13216874,YES,12050
chr8,103663270,103675804,YES,12534
chr6,137534629,137570780,YES,36151
chr19,45921999,45989384,YES,67385
chr1,6641550,6675860,YES,34310
chr1,149801769,149806231,YES,4462
chr4,38650482,38694503,YES,44021
chr11,72846686,72901203,YES,54517
chr1,156060110,156100877,YES,40767
chr7,26236598,26242669,YES,6071
chr17,72422268,72475392,YES,53124
chr20,4782558,4817440,YES,34882
chr2,232468413,232509917,YES,41504
chr11,72515908,72553638,YES,37730
chr15,65182985,65192126,YES,9141
chr22,22282081,22307522,YES,25441
chr20,48363884,48468134,YES,104250
chr11,61721878,61747103,YES,25225
chr17,76857675,76893821,YES,36146
chr6,26122367,26127280,YES,4913
chr17,79795187,79830564,YES,35377
chr2,96906269,96932808,YES,26539
chr16,85148446,85236577,YES,88131
chr1,11844018,11875122,YES,31104
chr10,125790126,125866412,YES,76286
chr17,6352464,6421112,YES,68648
chr9,135987715,136020482,YES,32767
chr2,12854370,12881545,YES,27175
chr19,35452236,35515657,YES,63421
chr7,102055857,102085958,YES,30101
chr9,124081995,124135790,YES,53795
chr12,123346295,123394977,YES,48682
chr9,127247621,127289707,YES,42086
chr11,58340760,58347664,YES,6904
chr9,2014056,2027292,YES,13236
chr12,6441148,6453533,YES,12385
chr8,27182564,27267259,YES,84695
chr19,1853107,1866012,YES,12905
chr1,145218820,145264728,YES,45908
chr19,56591920,56650296,YES,58376
chr8,145021822,145032964,YES,11142
chr14,69378461,69447074,YES,68613
chr1,154971362,154990753,YES,19391
chr20,62243229,62285944,YES,42715
chr11,75012118,75064582,YES,52464
chr9,131889033,131912784,YES,23751
chr8,145006717,145021756,YES,15039
chr16,57018884,57080577,YES,61693
chr6,89782519,89792762,YES,10243
chr14,64968034,64978136,YES,10102
chr7,138757390,138822367,YES,64977
chr17,27250736,27280831,YES,30095
chr5,43063627,43076076,YES,12449
chr9,124029563,124060131,YES,30568
chr2,42323895,42374930,YES,51035
chr1,26600818,26619005,YES,18187
chr6,30456489,30511165,YES,54676
chr1,31202446,31242640,YES,40194
chr1,111731924,111786958,YES,55034
chr12,125137550,125262730,YES,125180
chr1,2475968,2483887,YES,7919
chr4,8099503,8170625,YES,71122
chr2,233915867,233966220,YES,50353
chr4,185390716,185401313,YES,10597
chr22,41831234,41845350,YES,14116
chr17,36841483,36864135,YES,22652
chr17,1956808,1994970,YES,38162
chr2,106355476,106420286,YES,64810
chr15,77775280,77837334,YES,62054
chr17,76906863,76948678,YES,41815
chr7,100025444,100031969,YES,6525
chr15,93344673,93399636,YES,54963
chr11,67112221,67149685,YES,37464
chr9,134127297,134154370,YES,27073
chr1,27003728,27033469,YES,29741
chr14,75892745,75938305,YES,45560
chr19,1922994,1949327,YES,26333
chr2,161223423,161285472,YES,62049
chr18,46448733,46521698,YES,72965
chr6,39771319,39860627,YES,89308
chr6,42738308,42759032,YES,20724
chr17,76705280,76787882,YES,82602
chr17,73770777,73783029,YES,12252
chr19,19538972,19601579,YES,62607
chr6,166954273,167054763,YES,100490
chrX,153231624,153240691,YES,9067
chr1,27424607,27489132,YES,64525
chr7,130783299,130796440,YES,13141
chr7,5564889,5573668,YES,8779
chr14,103557773,103605698,YES,47925
chr16,67269779,67300382,YES,30603
chr7,623450,659719,YES,36269
chr17,40557706,40622136,YES,64430
chr6,143264640,143269543,YES,4903
chr9,130538342,130550524,YES,12182
chr22,46445554,46455707,YES,10153
chr15,74273682,74344709,YES,71027
chr1,40500372,40561399,YES,61027
chr9,210888,282931,YES,72043
chr19,10703892,10728791,YES,24899
chr8,134064714,134095499,YES,30785
chr16,11851297,11904815,YES,53518
chr20,10610460,10656432,YES,45972
chr1,245018500,245029064,YES,10564
chr14,93098746,93171529,YES,72783
chr15,81576441,81608661,YES,32220
chr17,4384026,4449280,YES,65254
chr7,39987505,39992009,YES,4504
chr1,25867114,25898133,YES,31019
chr6,31700997,31708778,YES,7781
chr9,74970913,74981652,YES,10739
chr2,43354129,43368091,YES,13962
chr11,65654863,65662288,YES,7425
chr2,231272929,231324812,YES,51883
chr17,41436640,41450404,YES,13764
chr17,61741909,61794509,YES,52600
chr14,104145157,104209196,YES,64039
chr16,28148076,28214332,YES,66256
chr22,38003011,38037369,YES,34358
chr1,161499218,161533299,YES,34081
chr17,48928866,48945814,YES,16948
chr2,30445514,30493571,YES,48057
chr22,29591134,29641853,YES,50719
chr17,73674490,73750562,YES,76072
chr8,12610159,12625032,YES,14873
chr18,43542961,43653826,YES,110865
chr1,27094066,27127284,YES,33218
chr2,43132408,43202916,YES,70508
chr12,57911980,57918519,YES,6539
chr10,11186964,11222943,YES,35979
chr17,39821649,39875020,YES,53371
chr2,220109203,220120308,YES,11105
chr19,48823340,48837720,YES,14380
chr17,4845164,4854325,YES,9161
chr3,128709778,128772871,YES,63093
chr4,2244836,2268211,YES,23375
chr11,65042502,65097759,YES,55257
chr5,169692281,169740698,YES,48417
chr10,129844902,129864364,YES,19462
chr6,291059,342782,YES,51723
chr20,47354561,47415405,YES,60844
chr4,78738594,78743624,YES,5030
chr17,8123803,8131186,YES,7383
chr1,22220517,22285468,YES,64951
chr19,39825231,39866492,YES,41261
chr6,41038677,41049067,YES,10390
chr2,220035914,220047716,YES,11802
chr3,50627678,50670677,YES,42999
chr17,180563,203670,YES,23107
chr1,23879544,23925043,YES,45499
chr4,87914707,87979817,YES,65110
chr21,40176295,40204770,YES,28475
chr16,30074477,30082043,YES,7566
chr8,28220829,28273735,YES,52906
chr17,43298215,43309169,YES,10954
chr9,130271567,130336822,YES,65255
chr1,110406458,110477151,YES,70693
chr5,52069539,52160201,YES,90662
chr21,38730061,38741387,YES,11326
chr13,52025119,52028779,YES,3660
chr6,160372836,160410870,YES,38034
chr17,18932308,18967287,YES,34979
chr12,92517532,92566684,YES,49152
chr6,41665841,41703677,YES,37836
chr11,64005001,64015812,YES,10811
chr21,43329187,43379574,YES,50387
chr11,117844062,117884061,YES,39999
chr2,136870903,136896243,YES,25340
chr10,77154662,77170075,YES,15413
chr17,17713077,17754624,YES,41547
chr1,161580858,161614645,YES,33787
chr3,46126925,46186286,YES,59361
chr5,176830450,176860239,YES,29789
chr3,52079848,52123480,YES,43632
chr1,154939289,154949433,YES,10144
chr1,1683753,1721747,YES,37994
chr12,52399554,52441460,YES,41906
chr10,102756020,102773660,YES,17640
chr6,139688809,139698539,YES,9730
chr4,154347200,154420747,YES,73547
chr1,59247153,59251893,YES,4740
chr5,150575595,150618176,YES,42581
chr3,49370441,49394376,YES,23935
chr6,7106185,7174769,YES,68584
chr11,76287812,76349274,YES,61462
chr12,53758549,53776508,YES,17959
chr12,57021968,57031971,YES,10003
chr19,51615672,51654661,YES,38989
chr17,19028238,19048806,YES,20568
chr2,65038591,65093131,YES,54540
chr1,32392944,32423989,YES,31045
chr5,151042268,151088537,YES,46269
chr1,65521184,65535491,YES,14307
chr12,113645312,113711263,YES,65951
chr4,141071114,141078850,YES,7736
chr12,718833,756872,YES,38039
chr5,90675405,90680363,YES,4958
chr3,48505699,48521165,YES,15466
chr11,122910304,122955024,YES,44720
chr17,74247335,74270832,YES,23497
chr9,3524501,3528994,YES,4493
chr17,21163676,21193536,YES,29860
chrX,106942442,106986758,YES,44316
chr19,44229164,44289809,YES,60645
chr6,24718403,24722902,YES,4499
chr1,181057143,181123125,YES,65982
chr15,81276544,81296128,YES,19584
chr6,33279542,33286988,YES,7446
chr18,60189139,60194580,YES,5441
chr10,104512364,104579589,YES,67225
chr16,2562531,2571703,YES,9172
chr14,24778506,24786823,YES,8317
chr7,74265799,74268949,YES,3150
chr11,73076400,73104813,YES,28413
chr7,74507277,74510452,YES,3175
chr5,149780942,149811654,YES,30712
chr1,32033943,32062686,YES,28743
chr3,119811811,119815557,YES,3746
chr17,78227408,78263972,YES,36564
chr12,52279155,52321088,YES,41933
chr17,27465158,27508335,YES,43177
chr9,124486741,124542550,YES,55809
chr22,20862985,20931412,YES,68427
chr3,150124877,150129032,YES,4155
chr6,32818242,32824302,YES,6060
chr17,46124375,46145104,YES,20729
chr19,39891283,39895441,YES,4158
chr14,103798422,103815004,YES,16582
chr17,71274532,71309134,YES,34602
chr1,154908189,154926677,YES,18488
chr11,206115,209989,YES,3874
chr19,54691704,54696485,YES,4781
chr2,11482628,11560468,YES,77840
chr3,134075188,134114247,YES,39059
chr22,38900184,38904042,YES,3858
chr18,77152941,77184575,YES,31634
chr12,8178178,8223566,YES,45388
chr9,96328594,96363024,YES,34430
chr14,70134496,70195406,YES,60910
chr16,88803940,88862094,YES,58154
chr19,2037650,2053000,YES,15350
chr20,36701508,36799373,YES,97865
chr16,30668107,30674429,YES,6322
chr5,179048632,179062189,YES,13557
chr22,39092105,39114461,YES,22356
chr19,4367718,4397959,YES,30241
chr13,41627370,41636807,YES,9437
chr15,72514355,72530685,YES,16330
chr1,152005955,152021876,YES,15921
chr10,52381398,52385962,YES,4564
chr6,74224926,74234120,YES,9194
chr9,127540848,127602948,YES,62100
chr14,61936790,61995747,YES,58957
chr2,232526183,232546824,YES,20641
chr19,8538642,8591790,YES,53148
chr5,154236213,154240747,YES,4534
chr11,65339024,65347208,YES,8184
chr3,53255700,53290575,YES,34875
chr1,27954371,27962630,YES,8259
chr11,75264620,75295858,YES,31238
chr11,36366184,36448987,YES,82803
chr15,75929962,75966092,YES,36130
chr10,30707247,30727008,YES,19761
chr22,38568366,38639880,YES,71514
chr4,57907778,57986276,YES,78498
chr3,9436643,9441905,YES,5262
chr1,1643503,1671222,YES,27719
chr3,135912114,135916775,YES,4661
chr3,39182382,39223095,YES,40713
chr6,26195320,26200887,YES,5567
chr17,78915393,78962237,YES,46844
chr10,27528527,27532905,YES,4378
chr7,99940223,99978541,YES,38318
chr17,76406563,76421473,YES,14910
chr17,6437035,6479478,YES,42443
chr11,65148822,65154999,YES,6177
chr11,118659280,118664314,YES,5034
chr12,109003152,109042764,YES,39612
chr11,18404165,18418330,YES,14165
chr16,30378692,30390949,YES,12257
chr14,93526479,93583292,YES,56813
chr1,9292854,9316828,YES,23974
chr1,212457423,212461933,YES,4510
chr13,24540307,24639197,YES,98890
chr3,50187191,50215136,YES,27945
chr17,7140196,7147453,YES,7257
chr14,35342144,35345191,YES,3047
chr6,106949617,106996478,YES,46861
chr15,41194494,41235359,YES,40865
chr20,17942909,17951209,YES,8300
chr9,36127446,36164147,YES,36701
chr17,74720872,74724623,YES,3751
chr2,176992239,177006084,YES,13845
chr11,64034469,64039804,YES,5335
chr5,176905752,176939139,YES,33387
chr19,49374962,49384524,YES,9562
chr5,156912315,156999481,YES,87166
chr16,68096551,68121131,YES,24580
chr22,31674081,31689083,YES,15002
chr17,73464039,73515095,YES,51056
chr6,3053440,3089334,YES,35894
chr5,95143638,95179607,YES,35969
chr12,6270226,6345556,YES,75330
chr9,132749207,132831820,YES,82613
chr13,31037139,31040702,YES,3563
chr10,89619973,89625869,YES,5896
chr14,21135685,21153680,YES,17995
chr1,51432886,51445134,YES,12248
chr10,80690495,80735082,YES,44587
chr19,17457576,17524836,YES,67260
chr19,1268226,1276925,YES,8699
chr12,11800895,11838278,YES,37383
chr6,151694993,151713671,YES,18678
chr1,167585573,167633127,YES,47554
chr9,131926668,131999867,YES,73199
chr20,55946877,55986090,YES,39213
chr6,109702229,109706262,YES,4033
chr2,201727225,201730361,YES,3136
chr10,126804410,126850835,YES,46425
chr10,73575611,73650495,YES,74884
chr19,657864,681855,YES,23991
chr22,38679739,38715050,YES,35311
chr19,46004828,46027632,YES,22804
chr13,41203657,41242268,YES,38611
chr10,98392355,98482640,YES,90285
chr22,36616348,36660724,YES,44376
chr1,153735415,153779001,YES,43586
chr5,96268812,96273035,YES,4223
chr12,122488668,122530282,YES,41614
chr11,61103443,61138570,YES,35127
chr11,117712167,117781135,YES,68968
chr17,27216825,27232445,YES,15620
chr1,27886040,27904947,YES,18907
chr19,41219879,41228859,YES,8980
chr20,57463356,57484724,YES,21368
chr5,1080544,1140189,YES,59645
chr19,14222082,14231628,YES,9546
chr20,23082819,23143423,YES,60604
chr10,33585071,33626984,YES,41913
chr14,100703806,100729819,YES,26013
chr1,16453712,16483661,YES,29949
chr19,1162363,1175876,YES,13513
chr1,113160430,113164912,YES,4482
chr6,34983606,35021650,YES,38044
chr16,89785141,89790794,YES,5653
chr17,54945390,54997256,YES,51866
chr1,33427491,33477617,YES,50126
chr7,44654477,44688199,YES,33722
chr1,145434364,145445153,YES,10789
chr19,38740815,38790448,YES,49633
chr14,68961491,69079470,YES,117979
chr2,73307384,73341080,YES,33696
chr17,56580851,56617201,YES,36350
chr2,43273062,43338336,YES,65274
chr5,171600027,171616055,YES,16028
chr2,25496036,25539837,YES,43801
chr19,42753546,42761143,YES,7597
chr10,6204536,6251216,YES,46680
chr6,159042751,159089456,YES,46705
chr1,26945667,26975170,YES,29503
chr2,68476888,68481108,YES,4220
chr16,85586453,85614413,YES,27960
chr16,88952633,89008020,YES,55387
chr2,71290494,71311637,YES,21143
chr3,151974861,151988549,YES,13688
chr13,111564378,111574046,YES,9668
chr8,38613971,38665202,YES,51231
chr22,32006781,32039864,YES,33083
chr22,36541193,36562106,YES,20913
chr6,157097426,157101909,YES,4483
chr5,149503252,149541427,YES,38175
chr18,5293322,5310484,YES,17162
chr15,101706555,101748848,YES,42293
chr6,15243361,15269826,YES,26465
chr14,91815150,91885748,YES,70598
chr12,122063588,122111417,YES,47829
chr11,67802716,67809011,YES,6295
chr12,7057924,7072654,YES,14730
chr2,47401126,47407025,YES,5899
chr12,53876528,53897255,YES,20727
chr22,38126276,38155896,YES,29620
chr17,62078205,62103886,YES,25681
chr9,4970963,4988498,YES,17535
chr17,1615506,1622190,YES,6684
chr11,124745688,124771628,YES,25940
chr16,88765109,88773621,YES,8512
chr2,129036832,129080930,YES,44098
chr19,50133947,50154526,YES,20579
chr5,151149399,151153129,YES,3730
chr12,120103355,120169254,YES,65899
chr1,161355948,161370606,YES,14658
chr1,183536043,183580049,YES,44006
chr6,32809763,32814346,YES,4583
chr19,47728473,47735408,YES,6935
chr20,19848130,19924610,YES,76480
chr22,39135282,39153546,YES,18264
chr6,12007654,12023594,YES,15940
chr4,140096895,140110950,YES,14055
chr11,73017883,73056483,YES,38600
chr7,98969951,98991661,YES,21710
chr17,55926516,55978099,YES,51583
chr8,1897071,1969756,YES,72685
chr7,100270600,100292628,YES,22028
chr6,32149719,32161865,YES,12146
chr6,26054050,26057728,YES,3678
chr2,46520560,46564188,YES,43628
chr3,123353144,123440034,YES,86890
chr1,243416513,243431555,YES,15042
chr16,84918828,84968532,YES,49704
chr16,56639307,56646032,YES,6725
chr19,42374211,42393240,YES,19029
chr3,50373121,50379804,YES,6683
chr1,11779003,11801794,YES,22791
chr8,144092405,144110803,YES,18398
chr22,37662885,37708284,YES,45399
chr4,1239236,1244761,YES,5525
chr2,20618562,20651542,YES,32980
chr22,37557519,37596373,YES,38854
chr7,143071282,143093235,YES,21953
chr12,8085848,8148752,YES,62904
chr10,103873528,103882217,YES,8689
chr16,9170668,9194298,YES,23630
chr1,145451316,145458238,YES,6922
chr8,131427875,131465004,YES,37129
chr1,8904227,8950630,YES,46403
chr11,912751,943377,YES,30626
chr1,145127685,145185713,YES,58028
chr3,196336182,196378501,YES,42319
chr9,133950758,133993568,YES,42810
chr6,41974966,42019087,YES,44121
chr14,77407558,77429327,YES,21769
chr12,129267610,129342911,YES,75301
chr2,85764159,85778260,YES,14101
chr19,42781549,42791397,YES,9848
chr11,62606261,62610723,YES,4462
chr22,24816269,24847145,YES,30876
chr13,48794479,48811755,YES,17276
chr1,92244337,92296978,YES,52641
chr3,133288232,133294532,YES,6300
chr11,35159801,35214172,YES,54371
chr1,109622120,109647446,YES,25326
chr14,50328050,50335700,YES,7650
chr1,156629212,156648271,YES,19059
chr11,1860650,1871717,YES,11067
chr9,77698234,77735842,YES,37608
chr16,30563106,30584131,YES,21025
chr15,45923359,45953333,YES,29974
chr19,36388605,36396670,YES,8065
chr22,50622039,50643878,YES,21839
chr11,94799683,94826660,YES,26977
chr20,34327178,34332873,YES,5695
chr1,235489794,235500706,YES,10912
chr7,5701062,5740000,YES,38938
chr5,137672583,137691095,YES,18512
chr11,68595181,68623887,YES,28706
chr16,1577523,1599331,YES,21808
chr3,124740603,124775788,YES,35185
chr19,2055333,2063065,YES,7732
chr1,113220976,113250759,YES,29783
chr1,37936682,37953674,YES,16992
chr3,123951661,124003304,YES,51643
chr19,50378527,50382381,YES,3854
chr12,31868145,31905795,YES,37650
chr20,2081768,2115071,YES,33303
chr18,3245617,3250875,YES,5258
chr3,195612046,195642082,YES,30036
chr10,121153871,121181633,YES,27762
chr12,53590667,53618364,YES,27697
chr11,65253993,65262983,YES,8990
chr2,85115274,85174218,YES,58944
chr17,66484087,66511465,YES,27378
chr2,97192517,97205663,YES,13146
chr7,5588711,5615292,YES,26581
chr9,33813872,33819076,YES,5204
chr12,56307923,56334720,YES,26797
chr20,1782701,1832498,YES,49797
chr11,65263060,65267410,YES,4350
chr10,81024390,81056336,YES,31946
chr14,106024840,106053400,YES,28560
chr10,81946205,81968013,YES,21808
chr1,151249114,151263577,YES,14463
chr12,48128468,48180493,YES,52025
chr8,38237283,38241293,YES,4010
chr17,76119792,76131133,YES,11341
chr22,37941162,37971415,YES,30253
chr3,128198402,128209972,YES,11570
chr20,62679210,62689568,YES,10358
chr3,52271116,52288509,YES,17393
chr11,46686674,46733369,YES,46695
chr11,95940048,96001416,YES,61368
chr11,502389,519322,YES,16933
chr1,87793186,87802963,YES,9777
chr1,150549328,150553226,YES,3898
chr10,14585138,14659656,YES,74518
chr1,27911548,27931728,YES,20180
chr9,132346510,132400220,YES,53710
chr3,143689407,143693136,YES,3729
chr19,11184685,11207806,YES,23121
chr7,129989594,130034711,YES,45117
chr3,50353590,50364033,YES,10443
chr8,22427620,22440243,YES,12623
chr5,131615802,131652118,YES,36316
chr17,16344475,16393335,YES,48860
chr9,132077364,132116532,YES,39168
chr10,71208938,71241946,YES,33008
chr5,179244915,179249330,YES,4415
chr21,42730792,42744007,YES,13215
chr2,191743993,191748272,YES,4279
chr11,62480340,62497116,YES,16776
chr6,167355814,167374010,YES,18196
chr7,4745724,4789087,YES,43363
chr10,60025580,60043143,YES,17563
chrX,129215255,129259764,YES,44509
chr22,46479262,46491406,YES,12144
chr4,114681016,114684719,YES,3703
chr17,44256258,44272635,YES,16377
chr12,96792221,96821393,YES,29172
chr7,1486001,1507516,YES,21515
chr16,29814853,29820835,YES,5982
chr17,73838568,73846431,YES,7863
chr22,37878905,37909241,YES,30336
chr4,26858323,26888740,YES,30417
chr1,228269522,228279024,YES,9502
chr1,150120948,150138578,YES,17630
chr7,100874685,100896301,YES,21616
chrX,153189340,153196088,YES,6748
chr1,43388672,43419634,YES,30962
chr3,123098942,123169359,YES,70417
chr11,128414396,128457159,YES,42763
chr14,24898085,24910421,YES,12336
chr2,55274850,55279038,YES,4188
chr22,31605857,31631865,YES,26008
chr10,89822016,89880827,YES,58811
chr7,116139009,116168634,YES,29625
chr7,128162861,128183661,YES,20800
chr22,39526813,39549819,YES,23006
chr19,10372351,10391068,YES,18717
chr2,48126908,48135002,YES,8094
chr15,77275602,77320979,YES,45377
chr19,16364502,16405545,YES,41043
chr17,8818883,8871240,YES,52357
chr15,75136929,75194177,YES,57248
chr12,57479414,57496769,YES,17355
chr15,75320949,75341076,YES,20127
chr10,21804912,21817240,YES,12328
chr19,39249816,39296501,YES,46685
chr3,49415840,49455506,YES,39666
chr16,22199445,22211551,YES,12106
chr11,46140190,46144430,YES,4240
chr11,72945387,73001156,YES,55769
chr19,41767392,41772987,YES,5595
chr15,79152066,79169267,YES,17201
chr8,26450396,26501175,YES,50779
chr3,45041334,45078799,YES,37465
chr7,43678905,43698878,YES,19973
chr15,93421418,93427482,YES,6064
chr20,23337492,23344092,YES,6600
chr8,126441068,126464893,YES,23825
chr3,177038236,177080261,YES,42025
chr11,10293624,10330085,YES,36461
chrX,40011935,40048532,YES,36597
chr3,20079914,20102950,YES,23036
chr20,48805601,48814517,YES,8916
chr16,28833197,28836592,YES,3395
chr9,95501739,95538487,YES,36748
chr1,156714470,156722549,YES,8079
chr11,108091485,108108194,YES,16709
chr1,205252675,205289470,YES,36795
chr17,73289805,73357070,YES,67265
chr2,70348282,70353921,YES,5639
chr5,172654661,172677452,YES,22791
chr17,46638493,46660923,YES,22430
chr14,106145254,106173704,YES,28450
chr20,49118078,49163713,YES,45635
chrX,44731209,44734563,YES,3354
chr2,192540005,192545377,YES,5372
chr16,3292711,3318834,YES,26123
chr17,41320672,41324761,YES,4089
chr19,49464118,49472624,YES,8506
chr20,43181131,43245157,YES,64026
chr17,19272248,19303758,YES,31510
chr4,15653367,15668618,YES,15251
chr2,241926902,241951489,YES,24587
chr17,29265962,29299921,YES,33959
chr17,38589367,38656156,YES,66789
chr1,46144726,46154681,YES,9955
chr17,18149704,18166684,YES,16980
chr22,27066580,27071513,YES,4933
chr9,14312324,14323541,YES,11217
chr10,104153159,104160095,YES,6936
chr19,1129173,1134901,YES,5728
chr1,244996297,245000037,YES,3740
chr20,1302390,1319920,YES,17530
chr5,36874632,36879256,YES,4624
chr2,46761823,46797482,YES,35659
chr5,180668493,180675909,YES,7416
chr9,132645919,132663189,YES,17270
chr19,18413595,18420662,YES,7067
chr2,127412424,127422656,YES,10232
chr20,35448071,35492893,YES,44822
chr2,1478876,1524292,YES,45416
chr18,9135432,9138929,YES,3497
chr14,31675751,31678764,YES,3013
chr19,18524853,18532818,YES,7965
chr14,95928714,95991016,YES,62302
chr11,10828552,10831586,YES,3034
chr20,60930141,60958127,YES,27986
chr14,22974873,23039904,YES,65031
chr16,67699446,67732381,YES,32935
chr7,158604069,158623472,YES,19403
chr21,36392375,36424445,YES,32070
chr6,35551929,35602857,YES,50928
chr1,234842965,234863792,YES,20827
chr7,150054265,150077583,YES,23318
chr13,99215204,99234502,YES,19298
chr20,47892002,47899110,YES,7108
chrX,13092795,13145284,YES,52489
chr7,2547029,2583916,YES,36887
chr15,45477937,45493968,YES,16031
chr1,54710091,54764609,YES,54518
chr7,48124232,48138783,YES,14551
chr16,56964653,56985592,YES,20939
chr10,73722697,73781470,YES,58773
chr11,85753713,85781998,YES,28285
chr13,80910703,80917790,YES,7087
chr6,33264245,33268293,YES,4048
chr11,64508947,64516053,YES,7106
chr1,6544730,6563535,YES,18805
chr5,180633356,180652384,YES,19028
chr8,17761864,17786144,YES,24280
chr12,15100365,15115350,YES,14985
chr8,11702083,11756413,YES,54330
chr4,6917822,6945824,YES,28002
chr17,18085229,18094763,YES,9534
chr7,552581,583528,YES,30947
chr22,39824557,39869578,YES,45021
chr16,89539921,89558637,YES,18716
chr7,32929396,32933254,YES,3858
chr9,134247934,134299357,YES,51423
chr9,134572451,134615738,YES,43287
chr20,39296790,39319594,YES,22804
chr17,57902041,57934005,YES,31964
chr11,1776810,1786081,YES,9271
chr16,81829537,81877045,YES,47508
chr1,25585989,25594955,YES,8966
chr6,64281489,64284483,YES,2994
chr12,49523297,49526381,YES,3084
chr9,35726154,35733765,YES,7611
chr19,35731098,35761329,YES,30231
chr11,56958339,57014045,YES,55706
chr18,48720369,48738353,YES,17984
chr19,48746716,48763928,YES,17212
chr5,56468289,56476032,YES,7743
chr6,88401010,88412978,YES,11968
chr4,6769138,6790306,YES,21168
chr20,277538,291501,YES,13963
chr3,38177533,38193975,YES,16442
chr8,52783134,52814870,YES,31736
chr7,75574046,75627134,YES,53088
chr2,47068927,47110066,YES,41139
chr20,60857566,60886637,YES,29071
chr11,65376764,65384349,YES,7585
chr6,27803938,27807770,YES,3832
chr16,88246948,88280102,YES,33154
chr19,6723256,6754106,YES,30850
chr10,111967138,111987850,YES,20712
chr16,70605558,70645468,YES,39910
chr10,101376644,101382247,YES,5603
chr19,45347544,45383842,YES,36298
chr15,42564581,42572344,YES,7763
chr1,2157957,2167755,YES,9798
chr14,50459037,50471097,YES,12060
chr19,56164681,56167871,YES,3190
chr20,52509378,52566256,YES,56878
chr1,198125111,198137828,YES,12717
chr2,127837127,127865862,YES,28735
chr17,10010085,10076460,YES,66375
chr19,41076025,41121187,YES,45162
chr22,29188403,29216044,YES,27641
chr13,100136209,100160564,YES,24355
chr1,225609677,225639301,YES,29624
chr1,206845387,206893422,YES,48035
chr9,127622489,127635534,YES,13045
chr19,479815,511994,YES,32179
chrX,153615214,153620014,YES,4800
chr12,4377643,4403488,YES,25845
chr5,56109891,56115628,YES,5737
chr1,94508513,94576526,YES,68013
chrX,153568827,153573627,YES,4800
chr17,48217275,48239474,YES,22199
chr6,147514989,147526411,YES,11422
chr17,74486177,74490690,YES,4513
chr15,65132625,65141210,YES,8585
chr22,45080288,45126782,YES,46494
chr17,8061409,8068827,YES,7418
chrX,64855022,64927163,YES,72141
chr7,38339379,38410812,YES,71433
chr16,75680805,75685797,YES,4992
chr4,40551992,40606748,YES,54756
chr19,1406463,1419400,YES,12937
chr19,778823,804693,YES,25870
chr2,10149794,10198704,YES,48910
chr7,75920273,75949086,YES,28813
chr19,47342526,47366322,YES,23796
chr12,110426891,110453542,YES,26651
chr8,71313578,71317115,YES,3537
chr1,211779377,211822806,YES,43429
chr8,23382035,23419324,YES,37289
chr17,983469,1027374,YES,43905
chr16,4288712,4324600,YES,35888
chr6,2987933,2991805,YES,3872
chr12,3191195,3265703,YES,74508
chr19,34285197,34312632,YES,27435
chr1,231555170,231558960,YES,3790
chr1,154375634,154405803,YES,30169
chr12,25537446,25540342,YES,2896
chr20,56003537,56070646,YES,67109
chr20,60706666,60725820,YES,19154
chr1,2143281,2148505,YES,5224
chr7,152130766,152143364,YES,12598
chr2,112810815,112816090,YES,5275
chr2,191875598,191898104,YES,22506
chr17,40805331,40832837,YES,27506
chr15,90701176,90757304,YES,56128
chr10,72237628,72271519,YES,33891
chr19,54708143,54715724,YES,7581
chr6,42895882,42902447,YES,6565
chr13,31181974,31202449,YES,20475
chr3,193851132,193860592,YES,9460
chr19,2462709,2507812,YES,45103
chrX,123093008,123098561,YES,5553
chr9,127019137,127050009,YES,30872
chr8,125485702,125489235,YES,3533
chr5,148923119,148943190,YES,20071
chr19,55758516,55771685,YES,13169
chr9,97758006,97788950,YES,30944
chr13,30936246,30997114,YES,60868
chr6,30581099,30586699,YES,5600
chr14,104320020,104358997,YES,38977
chr11,8815571,8862571,YES,47000
chrX,128891811,128918740,YES,26929
chr18,72919266,72939270,YES,20004
chr18,60903111,60990611,YES,87500
chr7,150145919,150182601,YES,36682
chr12,11946105,11993647,YES,47542
chr2,202103887,202126008,YES,22121
chr9,132163310,132186089,YES,22779
chr5,60614427,60630182,YES,15755
chr11,58938979,58994190,YES,55211
chr11,114151317,114190130,YES,38813
chr16,29254471,29284155,YES,29684
chr12,106639508,106646240,YES,6732
chr5,67510329,67513280,YES,2951
chr1,151023771,151033240,YES,9469
chr15,100103803,100107707,YES,3904
chr11,128192839,128214567,YES,21728
chr11,118472448,118493686,YES,21238
chr6,139446229,139458558,YES,12329
chr15,31554198,31565550,YES,11352
chr12,121714183,121740409,YES,26226
chr1,244210126,244214090,YES,3964
chr11,57077547,57094749,YES,17202
chr1,16690742,16730053,YES,39311
chr7,150685244,150713220,YES,27976
chr1,2514718,2519362,YES,4644
chr7,97905576,97918384,YES,12808
chr3,32436831,32481099,YES,44268
chr10,102872907,102903175,YES,30268
chr10,94448382,94472606,YES,24224
chr19,54750641,54793891,YES,43250
chr2,131128007,131150225,YES,22218
chr14,24707756,24721896,YES,14140
chr19,47216467,47227381,YES,10914
chr17,73868298,73875519,YES,7221
chr5,38432941,38470765,YES,37824
chr16,30097708,30109087,YES,11379
chr19,44171760,44206302,YES,34542
chr1,26863870,26871082,YES,7212
chr19,46786144,46805319,YES,19175
chr3,8544070,8617235,YES,73165
chr16,70452045,70474057,YES,22012
chr16,24968652,25025379,YES,56727
chr8,82005108,82074527,YES,69419
chr7,37447689,37489780,YES,42091
chr19,49135859,49142655,YES,6796
chr1,11967622,11991546,YES,23924
chr2,66659818,66674615,YES,14797
chr1,155656282,155659530,YES,3248
chr2,128144245,128148044,YES,3799
chr16,67594775,67598546,YES,3771
chr14,50099798,50102767,YES,2969
chr12,124964173,125005243,YES,41070
chr17,27618209,27621995,YES,3786
chr12,66537920,66567211,YES,29291
chr20,34355236,34362019,YES,6783
chr6,31780435,31786943,YES,6508
chr16,28934039,28957452,YES,23413
chr1,228666595,228689007,YES,22412
chr15,91425206,91432079,YES,6873
chr9,100744724,100747956,YES,3232
chr22,46497599,46513515,YES,15916
chr19,11484502,11493007,YES,8505
chr6,114175656,114194863,YES,19207
chr5,100235625,100241379,YES,5754
chr19,10741990,10767090,YES,25100
chr10,22539904,22543022,YES,3118
chr10,81156767,81196505,YES,39738
chr12,1699298,1715915,YES,16617
chr19,5921089,5971181,YES,50092
chr3,33479695,33483578,YES,3883
chr15,40336779,40408277,YES,71498
chr17,40664061,40684631,YES,20570
chr22,43532133,43551503,YES,19370
chr1,207063317,207105095,YES,41778
chr1,59348079,59370243,YES,22164
chr16,53095208,53134803,YES,39595
chr7,100179923,100185172,YES,5249
chr9,110247559,110254644,YES,7085
chr3,134201629,134207198,YES,5569
chr7,100398301,100435555,YES,37254
chr3,136468913,136477592,YES,8679
chr17,8149375,8153294,YES,3919
chr22,42997730,43020259,YES,22529
chr1,161013796,161018618,YES,4822
chr14,32544066,32547960,YES,3894
chr16,49857939,49893930,YES,35991
chr2,85959637,86024442,YES,64805
chr19,14605630,14634158,YES,28528
chr3,176909053,176920287,YES,11234
chr10,102819793,102833609,YES,13816
chr11,120078202,120099019,YES,20817
chr20,25016543,25040657,YES,24114
chr15,42782316,42803878,YES,21562
chr19,4537959,4584723,YES,46764
chr7,75226242,75288766,YES,62524
chr19,7585325,7611185,YES,25860
chr17,20931646,20955748,YES,24102
chr15,59968858,59982698,YES,13840
chr2,196514281,196524848,YES,10567
chr10,6145592,6190994,YES,45402
chr10,22885453,22955854,YES,70401
chr10,97006431,97057847,YES,51416
chr19,42771606,42776045,YES,4439
chr11,78127071,78139839,YES,12768
chr2,8816050,8826315,YES,10265
chr4,77118248,77136446,YES,18198
chr17,48981548,49034362,YES,52814
chr9,6680234,6716659,YES,36425
chr9,95786646,95828244,YES,41598
chr4,56252055,56264929,YES,12874
chr17,62221886,62234711,YES,12825
chr2,43036076,43039304,YES,3228
chr17,28008995,28069765,YES,60770
chr4,146098009,146102655,YES,4646
chr5,42948673,42952895,YES,4222
chr6,31793573,31800018,YES,6445
chr12,14392106,14437803,YES,45697
chr19,14113167,14118416,YES,5249
chr14,91575082,91591068,YES,15986
chr5,176725853,176740133,YES,14280
chr17,48104403,48142955,YES,38552
chr6,37128544,37158282,YES,29738
chr12,124852458,124879849,YES,27391
chr11,71748862,71754642,YES,5780
chr15,37387256,37403597,YES,16341
chr11,62646676,62664235,YES,17559
chr13,28015896,28030133,YES,14237
chr1,150205504,150209262,YES,3758
chr14,65165213,65192192,YES,26979
chr12,46776061,46785416,YES,9355
chr17,45723949,45748479,YES,24530
chr20,30175007,30221961,YES,46954
chr19,46268200,46288384,YES,20184
chr6,26203893,26207091,YES,3198
chr14,94575245,94582867,YES,7622
chr2,192700525,192747033,YES,46508
chr15,60682434,60692115,YES,9681
chr19,5620689,5629453,YES,8764
chr14,50504456,50532830,YES,28374
chr10,63656715,63664291,YES,7576
chr13,32999691,33003809,YES,4118
chr3,71619543,71634889,YES,15346
chr1,22344944,22367519,YES,22575
chr10,121011071,121077807,YES,66736
chr6,111180150,111198870,YES,18720
chr1,204034129,204078611,YES,44482
chr11,67271684,67276899,YES,5215
chr19,18400417,18405596,YES,5179
chr9,94173481,94192260,YES,18779
chr7,102151184,102158517,YES,7333
chr20,57224168,57237377,YES,13209
chr17,7757822,7762339,YES,4517
chr13,77890322,77913809,YES,23487
chr9,5625167,5630715,YES,5548
chr1,201449089,201482914,YES,33825
chr1,153328180,153341537,YES,13357
chr9,35070440,35073715,YES,3275
chr9,136687320,136729637,YES,42317
chr7,102250346,102257496,YES,7150
chr14,105939664,105944793,YES,5129
chr5,150141672,150181429,YES,39757
chr11,65243714,65247868,YES,4154
chr17,66284127,66294030,YES,9903
chr8,37639659,37684474,YES,44815
chr19,50368024,50374629,YES,6605
chr8,131314461,131371854,YES,57393
chr5,6703950,6733752,YES,29802
chr11,32442050,32461650,YES,19600
chr22,39566830,39582227,YES,15397
chr19,54970705,54983132,YES,12427
chrX,48791092,48819906,YES,28814
chr11,65834095,65850257,YES,16162
chr17,37909533,37934667,YES,25134
chr6,26532177,26555629,NO,23452
chr6,157340211,157355237,NO,15026
chr16,65152806,65160217,NO,7411
chr4,1721166,1726638,NO,5472
chr12,65002311,65006487,NO,4176
chr14,100825956,100857955,NO,31999
chr1,9686795,9715744,NO,28949
chr6,26223247,26236023,NO,12776
chr11,1302512,1380227,NO,77715
chr4,10093828,10120533,NO,26705
chr8,61816263,61852645,NO,36382
chr16,2720439,2738104,NO,17665
chr12,65052650,65095022,NO,42372
chr11,75172338,75194443,NO,22105
chr17,30810096,30851677,NO,41581
chr11,67857125,67897042,NO,39917
chr17,29410,111831,NO,82421
chr3,122396879,122409051,NO,12172
chr6,41902359,41910775,NO,8416
chr10,72971799,73044415,NO,72616
chr5,34648183,34674394,NO,26211
chr12,859961,864679,NO,4718
chr6,43137749,43144587,NO,6838
chr2,61763172,61766892,NO,3720
chr2,206948293,206951958,NO,3665
chr6,90058830,90068129,NO,9299
chr1,234634463,234689756,NO,55293
chr16,87978637,88000863,NO,22226
chr5,118643867,118704938,NO,61071
chr9,109622151,109655839,NO,33688
chr12,6712021,6724478,NO,12457
chr20,35088611,35121754,NO,33143
chr13,77452932,77461929,NO,8997
chr16,27243583,27270184,NO,26601
chr5,130586257,130615876,NO,29619
chr1,2484944,2489604,NO,4660
chr19,1100658,1107683,NO,7025
chr13,113342373,113377790,NO,35417
chr4,185731317,185755638,NO,24321
chr1,182112321,182141149,NO,28828
chr11,63604660,63648054,NO,43394
chr20,48581427,48669721,NO,88294
chr3,149529648,149534167,NO,4519
chr10,91086623,91145494,NO,58871
chr17,59472129,59492450,NO,20321
chr9,33287118,33297447,NO,10329
chr2,98276750,98281706,NO,4956
chr7,2662416,2685685,NO,23269
chr6,6677088,6726615,NO,49527
chr11,34072232,34075505,NO,3273
chr11,57530910,57568468,NO,37558
chr14,71784065,71794813,NO,10748
chr18,45679053,45721050,NO,41997
chr19,42688627,42708302,NO,19675
chr13,60969800,60973746,NO,3946
chr19,16676613,16719315,NO,42702
chr20,61550280,61561707,NO,11427
chr11,63971776,63991335,NO,19559
chr19,47447732,47498022,NO,50290
chr5,171522638,171561621,NO,38983
chr2,38372226,38415247,NO,43021
chr14,102278225,102326221,NO,47996
chr8,37593407,37596572,NO,3165
chr3,63896790,63921321,NO,24531
chr17,7588600,7592482,NO,3882
chr3,197454564,197479328,NO,24764
chr9,96896620,96930055,NO,33435
chr11,118076255,118113018,NO,36763
chr12,121115235,121142248,NO,27013
chr21,43647308,43666367,NO,19059
chr2,225774429,225867375,NO,92946
chr2,20249084,20252898,NO,3814
chr5,142158573,142226258,NO,67685
chr21,34658016,34678181,NO,20165
chr4,1712676,1718271,NO,5595
chr20,57562946,57592932,NO,29986
chr1,36836559,36842314,NO,5755
chr12,56120615,56124794,NO,4179
chr17,46618285,46626481,NO,8196
chr20,32580140,32583818,NO,3678
chr2,241503594,241509158,NO,5564
chr8,17925632,17943348,NO,17716
chr14,88456751,88473524,NO,16773
chr6,31366685,31372388,NO,5703
chr20,5622645,5671049,NO,48404
chr1,236027149,236064663,NO,37514
chr12,93769849,93774155,NO,4306
chr19,47808364,47841309,NO,32945
chr21,36237585,36263840,NO,26255
chr16,84547161,84603428,NO,56267
chr2,85552566,85555812,NO,3246
chr14,55031253,55035396,NO,4143
chr22,17564951,17599549,NO,34598
chr5,109023906,109027417,NO,3511
chr17,1365866,1397785,NO,31919
chr17,42401612,42426639,NO,25027
chr3,126184039,126209505,NO,25466
chr15,80240183,80286353,NO,46170
chr3,46421892,46454834,NO,32942
chr6,159452357,159489242,NO,36885
chr15,74906358,74921099,NO,14741
chr22,26925114,26989269,NO,64155
chr11,1887673,1900374,NO,12701
chr3,128943565,128964908,NO,21343
chr16,67959544,67974474,NO,14930
chr10,99165243,99188849,NO,23606
chr2,87005552,87036127,NO,30575
chr1,2063577,2083812,NO,20235
chr19,3178139,3181547,NO,3408
chr11,679289,703544,NO,24255
chr2,102634475,102700111,NO,65636
chr9,96212791,96216637,NO,3846
chr1,155176555,155183460,NO,6905
chr15,99393638,99425751,NO,32113
chr1,2505953,2510823,NO,4870
chr1,84969731,84973121,NO,3390
chr7,1569928,1578448,NO,8520
chr17,43560760,43572490,NO,11730
chr2,69051892,69065384,NO,13492
chr4,102266306,102270335,NO,4029
chr11,64558637,64572213,NO,13576
chr16,79626133,79636627,NO,10494
chr13,30421297,30425361,NO,4064
chr2,97529851,97537394,NO,7543
chr3,5222864,5241409,NO,18545
chr17,62826226,62837657,NO,11431
chr12,104849757,104889341,NO,39584
chr20,62493891,62497604,NO,3713
chr17,8088797,8094678,NO,5881
chr4,77994559,77998787,NO,4228
chr1,161166352,161172970,NO,6618
chr6,170122447,170126814,NO,4367
chr9,98256338,98274983,NO,18645
chr17,7460007,7466158,NO,6151
chr8,33410671,33439892,NO,29221
chr9,27571374,27602106,NO,30732
chr22,24937643,24961432,NO,23789
chr9,136917644,136934372,NO,16728
chr11,66882841,66889024,NO,6183
chr14,104089976,104104773,NO,14797
chr1,15735752,15753911,NO,18159
chr17,33567052,33585139,NO,18087
chr10,105394731,105439164,NO,44433
chr16,84828514,84871129,NO,42615
chr14,68825896,68871982,NO,46086
chr20,61424532,61438477,NO,13945
chr1,183438999,183442631,NO,3632
chr11,65724076,65757139,NO,33063
chr5,173290852,173318035,NO,27183
chr22,30571479,30618000,NO,46521
chr7,104601061,104627372,NO,26311
chr19,47775753,47779887,NO,4134
chr1,36850023,36853959,NO,3936
chr10,102787721,102803915,NO,16194
chrX,106915999,106928900,NO,12901
chr7,74057343,74079147,NO,21804
chr18,9733663,9809618,NO,75955
chr5,148185091,148214877,NO,29786
chr2,70367703,70371728,NO,4025
chr5,76010243,76035678,NO,25435
chr21,46366147,46405945,NO,39798
chr3,52303962,52316689,NO,12727
chr19,41282082,41285283,NO,3201
chr12,56550722,56555870,NO,5148
chr6,26043170,26046379,NO,3209
chr3,101556215,101571170,NO,14955
chrX,148606464,148633012,NO,26548
chr17,74688679,74698519,NO,9840
chr1,211430608,211434753,NO,4145
chr16,11761609,11795111,NO,33502
chr12,11871826,11927498,NO,55672
chr8,134295608,134316354,NO,20746
chr9,35110568,35117478,NO,6910
chr6,24908091,24954080,NO,45989
chr1,82265465,82270474,NO,5009
chr14,23769168,23772610,NO,3442
chr12,57855753,57875058,NO,19305
chr3,183352634,183355534,NO,2900
chr7,841333,877047,NO,35714
chr22,20224857,20253441,NO,28584
chr22,18242800,18281517,NO,38717
chr2,64975515,64979718,NO,4203
chr1,112124516,112165225,NO,40709
chr1,157962046,158007995,NO,45949
chr11,9271648,9295749,NO,24101
chr14,101127144,101160341,NO,33197
chr3,71470558,71505972,NO,35414
chr19,10663241,10680639,NO,17398
chr15,64381296,64406015,NO,24719
chr7,44083177,44087540,NO,4363
chr6,34191064,34212885,NO,21821
chr22,31474980,31504405,NO,29425
chr2,219080718,219104160,NO,23442
chr10,5853278,5861420,NO,8142
chr6,160112737,160122670,NO,9933
chr20,44598447,44601822,NO,3375
chr5,73926736,73940184,NO,13448
chr22,35694828,35710709,NO,15881
chr7,55599836,55641354,NO,41518
chr1,17853320,17897245,NO,43925
chr10,126730818,126791862,NO,61044
chr1,101700438,101708706,NO,8268
chr4,89203802,89206974,NO,3172
chr12,14921681,14925116,NO,3435
chr2,43520358,43576953,NO,56595
chr10,43605193,43637591,NO,32398
chr1,61542084,61550610,NO,8526
chr12,57381398,57403176,NO,21778
chr9,131311945,131328750,NO,16805
chrX,15692193,15695297,NO,3104
chr1,59274777,59282960,NO,8183
chr8,22297314,22302186,NO,4872
chr1,236080186,236119062,NO,38876
chr2,128457716,128460761,NO,3045
chr12,39297205,39301050,NO,3845
chr8,38853026,38860714,NO,7688
chr2,36582003,36642751,NO,60748
chr1,226186047,226190978,NO,4931
chr2,219231056,219237175,NO,6119
chr2,16830477,16847702,NO,17225
chr3,141111468,141146039,NO,34571
chr1,3806726,3820260,NO,13534
chr19,15484850,15491628,NO,6778
chr15,92460924,92512388,NO,51464
chr20,45023327,45039922,NO,16595
chr5,162929289,162936813,NO,7524
chr11,44959787,44977494,NO,17707
chr2,101921461,101928430,NO,6969
chr8,30397528,30427643,NO,30115
chr12,96586810,96607975,NO,21165
chr19,54863406,54901041,NO,37635
chr10,120962227,120982890,NO,20663
chr2,174876415,174905266,NO,28851
chr2,86243631,86267314,NO,23683
chr3,172229149,172281935,NO,52786
chr12,120971770,120990805,NO,19035
chr6,144634345,144699047,NO,64702
chr2,20091282,20102615,NO,11333
chr14,105524713,105537445,NO,12732
chr7,30322934,30325989,NO,3055
chrX,152988004,152998424,NO,10420
chr8,145124505,145134953,NO,10448
chr9,129916383,129961447,NO,45064
chr1,54840908,54880062,NO,39154
chr1,108477366,108512672,NO,35306
chr13,27997888,28003061,NO,5173
chr22,43057951,43123881,NO,65930
chr3,170073419,170076693,NO,3274
chr12,120538315,120565220,NO,26905
chr17,7787788,7793568,NO,5780
chr17,80795098,80851387,NO,56289
chr21,44751890,44787969,NO,36079
chr19,13956567,13959504,NO,2937
chr1,150576691,150596021,NO,19330
chr6,167503031,167545328,NO,42297
chr6,32162022,32165614,NO,3592
chr1,15849624,15854069,NO,4445
chr20,49545371,49548992,NO,3621
chr2,241836439,241858070,NO,21631
chr10,31606841,31610226,NO,3385
chr6,32143012,32147125,NO,4113
chr16,48636531,48658383,NO,21852
chr22,44419464,44427848,NO,8384
chr1,149214383,149231199,NO,16816
chr4,41516155,41553678,NO,37523
chr15,31506395,31529736,NO,23341
chr12,48590700,48594615,NO,3915
chr17,73849334,73852960,NO,3626
chr20,61192260,61204347,NO,12087
chr17,61914751,61922272,NO,7521
chr2,197023228,197049367,NO,26139
chr15,91472365,91476486,NO,4121
chr18,2956143,2983366,NO,27223
chr10,32201943,32229570,NO,27627
chr13,100006024,100045356,NO,39332
chr5,71745423,71814725,NO,69302
chr12,121968238,121985749,NO,17511
chr5,154133095,154151649,NO,18554
chr3,25704480,25707799,NO,3319
chr1,27728536,27778311,NO,49775
chr10,93555811,93567597,NO,11786
chr16,69597540,69601788,NO,4248
chr9,110042705,110047146,NO,4441
chr17,41705365,41743905,NO,38540
chr1,10268309,10278549,NO,10240
chr11,94867529,94887374,NO,19845
chr19,6056042,6109720,NO,53678
chr12,120728408,120731445,NO,3037
chr22,45553289,45562722,NO,9433
chr19,18199191,18239120,NO,39929
chr22,42473538,42482862,NO,9324
chr13,52375655,52379897,NO,4242
chr1,10437286,10475953,NO,38667
chr12,12713399,12717248,NO,3849
chr22,43307619,43336996,NO,29377
chr17,7481836,7488129,NO,6293
chr12,102268992,102286054,NO,17062
chr1,38460387,38475292,NO,14905
chr8,59035197,59086320,NO,51123
chr6,116599092,116602508,NO,3416
chr16,85921809,85951027,NO,29218
chr11,69256840,69266298,NO,9458
chr17,62392081,62410867,NO,18786
chr11,60917144,60935434,NO,18290
chr18,60792910,60830584,NO,37674
chr8,29947518,29976406,NO,28888
chr10,72163284,72169217,NO,5933
chr12,66580547,66592431,NO,11884
chr5,88168819,88186294,NO,17475
chr19,14884512,14898543,NO,14031
chr22,40436813,40447789,NO,10976
chr12,7051538,7056747,NO,5209
chr15,30916128,30919350,NO,3222
chr14,75800125,75810059,NO,9934
chr17,7378511,7383891,NO,5380
chr5,156679436,156711115,NO,31679
chr1,227125402,227128752,NO,3350
chr17,29814280,29838486,NO,24206
chr8,134140775,134164306,NO,23531
chr20,35221858,35236859,NO,15001
chr5,138852383,138872642,NO,20259
chr1,221047038,221056335,NO,9297
chr13,111155283,111212898,NO,57615
chr22,43284843,43292862,NO,8019
chr19,8454330,8470078,NO,15748
chr19,41825934,41835530,NO,9596
chr20,54984037,55019890,NO,35853
chr7,6407110,6440337,NO,33227
chr17,74493048,74498838,NO,5790
chr18,19903934,19936571,NO,32637
chr9,134525232,134555514,NO,30282
chr16,29468775,29484200,NO,15425
chr9,114244361,114247309,NO,2948
chr22,39258436,39279314,NO,20878
chr10,23720885,23734916,NO,14031
chr4,129730243,129734160,NO,3917
chr9,66454552,66472818,NO,18266
chr3,152877540,152881537,NO,3997
chr22,24536050,24554556,NO,18506
chr4,76436864,76440928,NO,4064
chr6,35264687,35280917,NO,16230
chr1,226288104,226316121,NO,28017
chrX,52942763,52971893,NO,29130
chr1,110070446,110092193,NO,21747
chr2,69868664,69875861,NO,7197
chr15,32905525,32908739,NO,3214
chr15,80188320,80198787,NO,10467
chr5,14142229,14184230,NO,42001
chr17,2074803,2096833,NO,22030
chr17,58467535,58476120,NO,8585
chr1,94701107,94714119,NO,13012
chr14,71371508,71376123,NO,4615
chr3,182507187,182520942,NO,13755
chr1,159024902,159062793,NO,37891
chr14,92335970,92397824,NO,61854
chr7,27140130,27149329,NO,9199
chr20,62316060,62321593,NO,5533
chr11,121305186,121335714,NO,30528
chr12,104321825,104325550,NO,3725
chr8,22451276,22459301,NO,8025
chr20,23027744,23043750,NO,16006
chr11,66383277,66387046,NO,3769
chr12,109888043,109906486,NO,18443
chr14,103057092,103060922,NO,3830
chr14,62018953,62038236,NO,19283
chr16,50293030,50318722,NO,25692
chr12,29695403,29737304,NO,41901
chr16,1353479,1382959,NO,29480
chr3,48443777,48478346,NO,34569
chr6,30736354,30799400,NO,63046
chr16,4724984,4731777,NO,6793
chr13,45477302,45508160,NO,30858
chr6,30708753,30713473,NO,4720
chr22,38786794,38797587,NO,10793
chr14,69124802,69160568,NO,35766
chr3,11660953,11686054,NO,25101
chr12,76404142,76427026,NO,22884
chr19,18428322,18435233,NO,6911
chr13,111039427,111096721,NO,57294
chr8,38584078,38598155,NO,14077
chr12,124894608,124951661,NO,57053
chr10,112255296,112269353,NO,14057
chr9,131649911,131680414,NO,30503
chr11,6339414,6343665,NO,4251
chr6,160209233,160212777,NO,3544
chr13,52394755,52412703,NO,17948
chr15,66161054,66164957,NO,3903
chrX,118774328,118825545,NO,51217
chr11,64899523,64903558,NO,4035
chr9,34558260,34600089,NO,41829
chr8,28185970,28207887,NO,21917
chr1,95388138,95394746,NO,6608
chr8,22854942,22877913,NO,22971
chr1,23693852,23698423,NO,4571
chr4,8184374,8209413,NO,25039
chr19,48219679,48248054,NO,28375
chr7,142493753,142508170,NO,14417
chr1,110325185,110370044,NO,44859
chr6,31587155,31591068,NO,3913
chr3,17774504,17789348,NO,14844
chr4,174253070,174256947,NO,3877
chr18,74202321,74216302,NO,13981
chr2,99068901,99084080,NO,15179
chr1,158968411,158986134,NO,17723
chr11,67167673,67178361,NO,10688
chr11,85374046,85376513,NO,2467
chr3,128835293,128842853,NO,7560
chr19,11241293,11256509,NO,15216
chr4,140003530,140006338,NO,2808
chr6,170578384,170601824,NO,23440
chr6,36634331,36660269,NO,25938
chr2,175438087,175476094,NO,38007
chr12,50502960,50529688,NO,26728
chr10,105202969,105213055,NO,10086
chr6,138186860,138205117,NO,18257
chr3,171487934,171532491,NO,44557
chr1,223892145,223937084,NO,44939
chr8,55365379,55389659,NO,24280
chr11,66079000,66096803,NO,17803
chr20,47434275,47449860,NO,15585
chr16,280887,303633,NO,22746
chr15,64184291,64244856,NO,60565
chr12,26261870,26280058,NO,18188
chr19,40948129,40951296,NO,3167
chr3,53174446,53206321,NO,31875
chr12,49616216,49629563,NO,13347
chr15,70387705,70404656,NO,16951
chr17,38213843,38232759,NO,18916
chr3,45577677,45602882,NO,25205
chr8,144922404,144953275,NO,30871
chr15,77702206,77717328,NO,15122
chr17,36902777,36909726,NO,6949
chr17,47289360,47313884,NO,24524
chr5,179124057,179127944,NO,3887
chr12,132378197,132409741,NO,31544
chr2,198157310,198176388,NO,19078
chr20,37486965,37522735,NO,35770
chr11,67769454,67782757,NO,13303
chr22,39337369,39364677,NO,27308
chr19,7709635,7745095,NO,35460
chr8,41997031,42012753,NO,15722
chr9,35905241,35929876,NO,24635
chr6,32982744,32998687,NO,15943
chr12,57512345,57565977,NO,53632
chr12,109115471,109129394,NO,13923
chr17,62689974,62742580,NO,52606
chr8,123792080,123810677,NO,18597
chr1,167188872,167193336,NO,4464
chr20,17651923,17663860,NO,11937
chr3,58159236,58203971,NO,44735
chr16,4348784,4379961,NO,31177
chr8,26428526,26437571,NO,9045
chr19,49954444,49958039,NO,3595
chr2,217537093,217565392,NO,28299
chr2,71676712,71704923,NO,28211
chr19,41255057,41259317,NO,4260
chr13,49135997,49161065,NO,25068
chr1,32800033,32821617,NO,21584
chr1,21007717,21024127,NO,16410
chr17,61817122,61848085,NO,30963
chr1,204378283,204381877,NO,3594
chr20,47536476,47547694,NO,11218
chr19,15355911,15378245,NO,22334
chr8,48418604,48440330,NO,21726
chr17,66224181,66236613,NO,12432
chr7,22456729,22486505,NO,29776
chr17,77017435,77024841,NO,7406
chr7,112085274,112092876,NO,7602
chr6,11194644,11237293,NO,42649
chr20,387462,420542,NO,33080
chr6,33753929,33757661,NO,3732
chr3,186647533,186685987,NO,38454
chr14,21536476,21541799,NO,5323
chr20,3798622,3802158,NO,3536
chr21,44524270,44530608,NO,6338
chr5,137798897,137801855,NO,2958
chr2,110856998,110874189,NO,17191
chr4,99180524,99183783,NO,3259
chr16,58056502,58083615,NO,27113
chr1,6843991,6847758,NO,3767
chr11,60698856,60722373,NO,23517
chr7,155088147,155091817,NO,3670
chr22,30683702,30688942,NO,5240
chr10,88713126,88720416,NO,7290
chr7,154996261,155001715,NO,5454
chr15,94902860,94947389,NO,44529
chr16,8942755,8963595,NO,20840
chr2,179342778,179359051,NO,16273
chr1,27147176,27166608,NO,19432
chr17,79878534,79885997,NO,7463
chr7,106057256,106067176,NO,9920
chr7,150100707,150106139,NO,5432
chr1,175155424,175191669,NO,36245
chr7,104562417,104587257,NO,24840
chr15,86230530,86252313,NO,21783
chr2,27928619,27961857,NO,33238
chr20,62459154,62464791,NO,5637
chr16,88514257,88546983,NO,32726
chr3,107241059,107244926,NO,3867
chr19,56812874,56834109,NO,21235
chr10,112616979,112628442,NO,11463
chr9,82185227,82199783,NO,14556
chr19,15427331,15445521,NO,18190
chr2,197097618,197141152,NO,43534
chr6,144460739,144483465,NO,22726
chr2,241899298,241908896,NO,9598
chr10,75608059,75628899,NO,20840
chr20,43594362,43622794,NO,28432
chr13,46734002,46759220,NO,25218
chr17,45762882,45782929,NO,20047
chrX,2608478,2629124,NO,20646
chr14,94851109,94861926,NO,10817
chr19,41811214,41817140,NO,5926
chr15,68625678,68661914,NO,36236
chr17,62002913,62042062,NO,39149
chr9,126959082,126986266,NO,27184
chr15,58748811,58777965,NO,29154
chr2,241499317,241502640,NO,3323
chr12,7264209,7284607,NO,20398
chr17,1528901,1533915,NO,5014
chr3,122511740,122515143,NO,3403
chr20,5037049,5072016,NO,34967
chr12,49449045,49455484,NO,6439
chr1,228327008,228331118,NO,4110
chr5,172725158,172756353,NO,31195
chr17,1550628,1555216,NO,4588
chr16,4673693,4677318,NO,3625
chr10,105648327,105676408,NO,28081
chr17,4869400,4883403,NO,14003
chr15,51357368,51389947,NO,32579
chr14,52312209,52352019,NO,39810
chr2,54613592,54663338,NO,49746
chr3,10214794,10241676,NO,26882
chr5,158606931,158637923,NO,30992
chr6,33392451,33418809,NO,26358
chr6,44227292,44234456,NO,7164
chr1,206660308,206699876,NO,39568
chr17,43368685,43393313,NO,24628
chr19,54368985,54378766,NO,9781
chr8,67024528,67027549,NO,3021
chr4,26320314,26323984,NO,3670
chr3,69130482,69145452,NO,14970
chr1,112262600,112283449,NO,20849
chrX,153625226,153628745,NO,3519
chr9,130665249,130670570,NO,5321
chr6,42395511,42422430,NO,26919
chr14,55564502,55590523,NO,26021
chr16,53536057,53553593,NO,17536
chr12,6161272,6202994,NO,41722
chr3,156888555,156894450,NO,5895
chr7,100141449,100147240,NO,5791
chr14,89852460,89898057,NO,45597
chr14,105143541,105166370,NO,22829
chr3,50335330,50341707,NO,6377
chr9,100863446,100892505,NO,29059
chr19,13112285,13172600,NO,60315
chr7,128045033,128050878,NO,5845
chr19,42027351,42062612,NO,35261
chr16,69857057,69896610,NO,39553
chr1,150967523,150997581,NO,30058
chr14,75980667,76010328,NO,29661
chr13,72437936,72442209,NO,4273
chr12,133064607,133084448,NO,19841
chr9,117238808,117281428,NO,42620
chr6,26270912,26275047,NO,4135
chr11,841885,846626,NO,4741
chr20,32318979,32322671,NO,3692
chr16,11822034,11838159,NO,16125
chr16,1458189,1471934,NO,13745
chr1,117906085,117910918,NO,4833
chr17,45607653,45610734,NO,3081
chr17,41846013,41860972,NO,14959
chr3,16924444,16931383,NO,6939
chr19,18123419,18141844,NO,18425
chr1,66793818,66816289,NO,22471
chr11,73682134,73707450,NO,25316
chr17,40280376,40289179,NO,8803
chr16,30536871,30540353,NO,3482
chr15,42208256,42263103,NO,54847
chr1,85740529,85745498,NO,4969
chr6,31167241,31185635,NO,18394
chr10,88852163,88856015,NO,3852
chr9,68408448,68414766,NO,6318
chr6,149775090,149813512,NO,38422
chr11,65335338,65339001,NO,3663
chr3,186703198,186762461,NO,59263
chr3,146248724,146272716,NO,23992
chr17,79516070,79545153,NO,29083
chr1,182358609,182363974,NO,5365
chr5,66477271,66531117,NO,53846
chr2,43081073,43109882,NO,28809
chr17,20028500,20062237,NO,33737
chr17,73389365,73402860,NO,13495
chr13,45149377,45152833,NO,3456
chr11,117679854,117696707,NO,16853
chr12,10869040,10876681,NO,7641
chr12,112034819,112038230,NO,3411
chr5,126111984,126115009,NO,3025
chr14,53161168,53164471,NO,3303
chr12,6222674,6235018,NO,12344
chr11,2321427,2329269,NO,7842
chr3,11313331,11334001,NO,20670
chr3,156804878,156809133,NO,4255
chrX,153940690,153967112,NO,26422
chr1,192775665,192783466,NO,7801
chr1,934402,950917,NO,16515
chr16,30912591,30916564,NO,3973
chr5,98104871,98110986,NO,6115
chr19,14513096,14530840,NO,17744
chr16,3095284,3104493,NO,9209
chr21,28215141,28219864,NO,4723
chr10,46950950,46975651,NO,24701
chr3,184031767,184050832,NO,19065
chr4,154571648,154583887,NO,12239
chr11,44831633,44872250,NO,40617
chr7,1066964,1101067,NO,34103
chr11,44580743,44597304,NO,16561
chr12,119613797,119628445,NO,14648
chr1,110157273,110176127,NO,18854
chr3,52142279,52171309,NO,29030
chr12,118489812,118501066,NO,11254
chr2,24705090,24716004,NO,10914
chr14,105950363,105958714,NO,8351
chr16,31137595,31142664,NO,5069
chr6,2783362,2820897,NO,37535
chrX,65207285,65241259,NO,33974
chr15,91191309,91209616,NO,18307
chr1,27814495,27817782,NO,3287
chr10,99113061,99137048,NO,23987
chr6,24996276,25042961,NO,46685
chr12,108954104,108975456,NO,21352
chr1,39528668,39576290,NO,47622
chr3,194859507,194906856,NO,47349
chr18,22928206,22932819,NO,4613
chr4,674216,715993,NO,41777
chr11,405703,418014,NO,12311
chr16,29126037,29145625,NO,19588
chr14,106313536,106330713,NO,17177
chr16,28502415,28507944,NO,5529
chr10,17034602,17052737,NO,18135
chr1,46766126,46770178,NO,4052
chr6,31319353,31326376,NO,7023
chr3,36932680,36966732,NO,34052
chr12,6975561,6983573,NO,8012
chr1,12650506,12680155,NO,29649
chr17,36410928,36414121,NO,3193
chr16,4418689,4440233,NO,21544
chr19,2968186,2984612,NO,16426
chr12,59989060,59993197,NO,4137
chr19,18278875,18285620,NO,6745
chr11,818601,822936,NO,4335
chr7,2057089,2104544,NO,47455
chr14,56582680,56587489,NO,4809
chr1,244012090,244014964,NO,2874
chr9,112876679,112915460,NO,38781
chr2,131861322,131864730,NO,3408
chr11,6624101,6630556,NO,6455
chr3,111569994,111584674,NO,14680
chr10,6013202,6020708,NO,7506
chr19,50833997,50872896,NO,38899
chr1,38305097,38328976,NO,23879
chr17,47268095,47271979,NO,3884
chr22,32339305,32367362,NO,28057
chr19,49398088,49414728,NO,16640
chr1,200982208,200998451,NO,16243
chr19,30153313,30172258,NO,18945
chr7,92461596,92466831,NO,5235
chr9,33438695,33448575,NO,9880
chr19,3059461,3063900,NO,4439
chr16,68018465,68048321,NO,29856
chr4,40185238,40208172,NO,22934
chr6,14903572,14925335,NO,21763
chr1,32253019,32299596,NO,46577
chr3,159478651,159493600,NO,14949
chr13,37572664,37575659,NO,2995
chr5,139485753,139489027,NO,3274
chr20,32398855,32427249,NO,28394
chr19,3602954,3618726,NO,15772
chr22,29662149,29666108,NO,3959
chr19,5125330,5140035,NO,14705
chr19,8629129,8642929,NO,13800
chr17,16939725,16960070,NO,20345
chr15,85174028,85178137,NO,4109
chr1,205594430,205602032,NO,7602
chr3,15328683,15338251,NO,9568
chr10,105570074,105620797,NO,50723
chr4,71569455,71581487,NO,12032
chr2,70143905,70180676,NO,36771
chr12,56034634,56045622,NO,10988
chr11,75521378,75538313,NO,16935
chr5,133338543,133342080,NO,3537
chr7,157128553,157131887,NO,3334
chr14,24614126,24617941,NO,3815
chr11,266845,287451,NO,20606
chr19,41911557,41935395,NO,23838
chr1,120634014,120687821,NO,53807
chr19,37957118,37961072,NO,3954
chr16,50717254,50756813,NO,39559
chr16,4664107,4667541,NO,3434
chr1,153578803,153586426,NO,7623
chr19,48262880,48285925,NO,23045
chr15,95802452,95849005,NO,46553
chr1,21844126,21880819,NO,36693
chr22,41410667,41419494,NO,8827
chr6,42331388,42375427,NO,44039
chr10,30814704,30846015,NO,31311
chr7,139748564,139763592,NO,15028
chr11,61581877,61585250,NO,3373
chr1,12039304,12047249,NO,7945
chr12,31470507,31480122,NO,9615
chr11,33880290,33896830,NO,16540
chr22,30696764,30703894,NO,7130
chr17,78427617,78438811,NO,11194
chr12,104679472,104683828,NO,4356
chr1,46048627,46052449,NO,3822
chr10,126599822,126606932,NO,7110
chr17,46177662,46191146,NO,13484
chr3,4908334,4911412,NO,3078
chr16,11347004,11353553,NO,6549
chr2,75060914,75078578,NO,17664
chr1,15478604,15516584,NO,37980
chr13,28193843,28196904,NO,3061
chr10,975756,991176,NO,15420
chr12,52456252,52477572,NO,21320
chr7,2426730,2450742,NO,24012
chr16,3193447,3210636,NO,17189
chr16,124898,136551,NO,11653
chr6,27445712,27447937,NO,2225
chr9,88329968,88359065,NO,29097
chr9,110902955,110925628,NO,22673
chr17,42172384,42198918,NO,26534
chr6,42531109,42541005,NO,9896
chr19,53582837,53602815,NO,19978
chr1,55677589,55683676,NO,6087
chr1,225922794,225963514,NO,40720
chr14,24562509,24565512,NO,3003
chr2,220135911,220155187,NO,19276
chr12,50030737,50069490,NO,38753
chr1,25236813,25257744,NO,20931
chr19,31807276,31843068,NO,35792
chr19,51868495,51872465,NO,3970
chr16,10961852,10991652,NO,29800
chr20,61278714,61285289,NO,6575
chr17,40418447,40442342,NO,23895
chr17,76986372,76995745,NO,9373
chr6,27859936,27871375,NO,11439
chr20,1353943,1374789,NO,20846
chr19,54650857,54667035,NO,16178
chr12,51712001,51723971,NO,11970
chr6,3742295,3756970,NO,14675
chr8,1693008,1715850,NO,22842
chr19,35695937,35712142,NO,16205
chr6,27839252,27842123,NO,2871
chr1,39850187,39877443,NO,27256
chr13,47126503,47130017,NO,3514
chr21,39645518,39682659,NO,37141
chr19,35920593,35954285,NO,33692
chr12,112210840,112216150,NO,5310
chr9,132693021,132728017,NO,34996
chr10,97489688,97528166,NO,38478
chr19,17955527,17962706,NO,7179
chr17,77805157,77826970,NO,21813
chr19,19498339,19518874,NO,20535
chr10,88962921,88976780,NO,13859
chr16,573904,580068,NO,6164
chr10,77032322,77057169,NO,24847
chr7,66118135,66120741,NO,2606
chr9,130529010,130534649,NO,5639
chr4,30718239,30725603,NO,7364
chr15,100014016,100053119,NO,39103
chr3,43324265,43340256,NO,15991
chr6,32898611,32913763,NO,15152
chr5,979836,1006064,NO,26228
chr9,130613462,130621951,NO,8489
chr6,33586503,33591262,NO,4759
chr3,31958733,32028003,NO,69270
chr3,124834931,124868450,NO,33519
chr15,83477592,83480170,NO,2578
chr10,3493410,3527937,NO,34527
chr8,125639042,125700789,NO,61747
chr7,8007622,8020008,NO,12386
chr11,608263,617062,NO,8799
chr16,19073914,19085566,NO,11652
chr10,74112781,74127824,NO,15043
chr19,42302999,42316529,NO,13530
chr5,78279157,78282308,NO,3151
chr14,64330470,64376104,NO,45634
chr7,28992376,28999248,NO,6872
chr3,184078754,184081868,NO,3114
chr12,110151437,110201622,NO,50185
chr16,31880014,31892285,NO,12271
chr4,17578031,17583083,NO,5052
chr2,66801673,66811162,NO,9489
chr2,45876506,45880092,NO,3586
chr16,30885430,30888712,NO,3282
chr1,25045650,25081149,NO,35499
chr17,57438757,57459839,NO,21082
chr7,139413182,139438439,NO,25257
chr10,63796875,63843671,NO,46796
chr19,1360205,1382031,NO,21826
chr9,34981935,34998302,NO,16367
chr20,62578341,62589846,NO,11505
chr1,47677094,47708063,NO,30969
chr12,7033316,7038984,NO,5668
chr5,141307063,141338978,NO,31915
chrX,149096247,149109832,NO,13585
chr15,55539126,55576073,NO,36947
chr9,97681452,97715836,NO,34384
chrX,39948995,39969495,NO,20500
chr22,46438305,46442977,NO,4672
chr22,23556294,23570366,NO,14072
chr9,130727299,130746317,NO,19018
chr19,48099133,48114160,NO,15027
chr6,31525182,31529356,NO,4174
chr10,45458146,45477480,NO,19334
chr1,225999925,226007608,NO,7683
chr18,9823710,9832577,NO,8867
chrX,57617480,57620989,NO,3509
chr11,8778069,8802484,NO,24415
chr6,31693418,31698969,NO,5551
chr6,35983056,36000744,NO,17688
chr2,96867777,96891503,NO,23726
chr1,26794754,26800695,NO,5941
chr17,30453649,30470549,NO,16900
chr17,16117793,16121103,NO,3310
chr1,54777999,54823271,NO,45272
chr11,93248610,93282145,NO,33535
chr17,73566647,73586511,NO,19864
chr9,130596290,130604479,NO,8189
chr5,56204315,56207119,NO,2804
chr15,91355102,91389320,NO,34218
chr12,123847854,123851297,NO,3443
chr20,35559261,35598672,NO,39411
chr1,156861682,156875036,NO,13354
chr5,179496061,179500002,NO,3941
chr12,32027408,32060401,NO,32993
chr9,129134795,129170280,NO,35485
chr12,1904907,1923302,NO,18395
chr4,185560520,185571807,NO,11287
chr9,102581400,102585194,NO,3794
chr17,46661926,46672857,NO,10931
chr1,8875472,8886434,NO,10962
chr19,56115701,56118704,NO,3003
chr12,40588995,40621140,NO,32145
chr17,57406426,57411132,NO,4706
chr6,36076015,36100351,NO,24336
chr1,206575358,206583099,NO,7741
chr20,57265627,57268907,NO,3280
chr8,67576402,67580476,NO,4074
chr5,140886673,140909044,NO,22371
chr21,39847015,39879235,NO,32220
chr12,32111105,32120306,NO,9201
chr2,208483616,208492630,NO,9014
chr5,10556301,10608793,NO,52492
chr7,4721207,4731738,NO,10531
chr7,99808702,99820197,NO,11495
chr3,66021606,66033841,NO,12235
chr11,126149699,126154129,NO,4430
chr7,77314360,77327859,NO,13499
chr20,48323053,48344347,NO,21294
chr22,30660516,30664686,NO,4170
chr11,128473168,128501321,NO,28153
chr8,128746161,128751828,NO,5667
chr19,5685991,5693403,NO,7412
chr5,133800465,133803344,NO,2879
chr16,58031774,58036064,NO,4290
chr1,42192086,42235139,NO,43053
chr9,110494703,110532725,NO,38022
chr6,5995942,6009982,NO,14040
chr3,121367067,121387293,NO,20226
chr10,26719256,26739186,NO,19930
chr17,66043954,66086776,NO,42822
chr9,35603262,35620503,NO,17241
chr13,31310383,31322571,NO,12188
chr1,27981462,27996824,NO,15362
chr4,40622955,40634144,NO,11189
chr2,235331670,235356480,NO,24810
chr1,121125140,121132859,NO,7719
chr15,95866589,95873264,NO,6675
chr14,32659562,32673699,NO,14137
chr17,37616931,37619764,NO,2833
chr15,64276973,64306116,NO,29143
chr4,185454410,185468798,NO,14388
chr10,65388106,65405398,NO,17292
chr19,48010141,48027623,NO,17482
chr2,160471036,160473560,NO,2524
chr1,41324907,41346043,NO,21136
chr14,52777830,52800517,NO,22687
chr14,65211732,65231847,NO,20115
chr22,30818318,30832568,NO,14250
chr15,99190027,99195459,NO,5432
chr11,57191176,57195872,NO,4696
chr19,41856342,41862361,NO,6019
chr15,91412051,91417944,NO,5893
chr2,64242406,64249056,NO,6650
chr2,65657163,65664716,NO,7553
chr11,46257515,46265593,NO,8078
chr16,2939725,2956568,NO,16843
chr2,64993703,65001910,NO,8207
chr3,195905918,195948651,NO,42733
chr8,49331417,49353280,NO,21863
chr12,12008117,12045093,NO,36976
chr5,150529686,150554208,NO,24522
chr1,228547173,228567383,NO,20210
chr9,36485543,36489450,NO,3907
chr20,33291257,33298106,NO,6849
chr7,100032148,100036126,NO,3978
chr12,125050007,125077576,NO,27569
chr1,160981633,160989220,NO,7587
chr15,34625400,34630751,NO,5351
chr2,33700304,33716063,NO,15759
chr16,50185959,50189850,NO,3891
chr14,102413686,102415898,NO,2212
chr7,27134898,27139226,NO,4328
chr16,29605631,29639362,NO,33731
chr4,169752049,169776075,NO,24026
chr14,59654371,59667196,NO,12825
chr4,185769083,185782385,NO,13302
chr1,92347612,92358193,NO,10581
chr7,129588386,129593161,NO,4775
chr20,62707455,62712448,NO,4993
chr21,34569886,34589698,NO,19812
chr20,32698049,32701154,NO,3105
chr17,2115574,2148684,NO,33110
chr20,5106544,5109779,NO,3235
chr19,42745850,42749686,NO,3836
chr16,3500062,3511461,NO,11399
chr20,19737431,19767222,NO,29791
chr15,40613968,40636451,NO,22483
chr8,23154262,23197662,NO,43400
chr12,13249979,13255852,NO,5873
chr11,118305485,118309984,NO,4499
chr20,304424,310787,NO,6363
chr19,9895541,9907000,NO,11459
chr5,134720660,134732971,NO,12311
chr1,59757586,59765075,NO,7489
chr22,45621256,45643417,NO,22161
chr3,193968483,194001865,NO,33382
chr8,74204793,74208161,NO,3368
chr1,111413495,111423971,NO,10476
chr11,70048117,70067229,NO,19112
chr6,144605436,144608717,NO,3281
chr8,37551712,37561831,NO,10119
chr10,106006213,106018636,NO,12423
chr3,196466142,196468878,NO,2736
chr13,50654061,50657378,NO,3317
chr2,10515343,10551677,NO,36334
chr14,68733477,68765042,NO,31565
chr18,32609279,32631951,NO,22672
chr3,149291865,149337204,NO,45339
chr1,161037216,161040411,NO,3195
chr19,36192766,36210290,NO,17524
chr4,124317593,124321641,NO,4048
chr1,150943160,150952247,NO,9087
chr4,52708087,52712731,NO,4644
chr11,102176423,102191833,NO,15410
chr9,114792167,114839907,NO,47740
chr6,37012494,37053375,NO,40881
chr3,134027279,134053397,NO,26118
chr19,19077305,19110564,NO,33259
chr11,95875480,95911754,NO,36274
chr2,240849756,240853094,NO,3338
chr7,151186840,151218111,NO,31271
chr2,38318792,38357934,NO,39142
chr20,35200051,35204474,NO,4423
chr2,8644319,8685830,NO,41511
chr11,325390,328631,NO,3241
chr11,62377810,62381805,NO,3995
chr3,194561433,194606244,NO,44811
chr2,233496753,233512508,NO,15755
chr7,36062858,36136667,NO,73809
chr11,76363989,76389075,NO,25086
chr1,117045658,117059171,NO,13513
chr19,7398022,7415806,NO,17784
chr15,75493256,75497527,NO,4271
chr17,5113294,5146552,NO,33258
chr7,100743210,100782303,NO,39093
chr19,55892985,55910093,NO,17108
chr12,56519236,56524635,NO,5399
chr4,2536691,2539811,NO,3120
chr21,45762219,45800700,NO,38481
chr18,77438442,77443839,NO,5397
chr15,90772848,90778397,NO,5549
chr5,39175075,39225131,NO,50056
chr1,68140187,68155294,NO,15107
chr2,70244785,70275183,NO,30398
chr1,202101018,202114949,NO,13931
chr6,46859155,46918166,NO,59011
chr6,132258317,132276939,NO,18622
chr14,100679734,100689963,NO,10229
chr14,105946242,105949979,NO,3737
chr17,44643115,44658140,NO,15025
chr19,47103368,47107204,NO,3836
chr11,65678650,65709592,NO,30942
chr6,31507894,31511226,NO,3332
chr2,62406204,62425398,NO,19194
chr7,114556962,114572130,NO,15168
chr11,71932977,71937150,NO,4173
chr17,75859688,75884707,NO,25019
chr21,37691686,37702027,NO,10341
chr2,206546454,206580020,NO,33566
chr13,34114727,34118807,NO,4080
chr16,3121541,3127496,NO,5955
chr11,67203348,67213089,NO,9741
chr5,34562732,34633775,NO,71043
chr1,144981588,145001071,NO,19483
chr16,88590986,88625924,NO,34938
chr7,105697479,105714838,NO,17359
chr14,105783135,105805629,NO,22494
chr1,144706271,144710079,NO,3808
chr4,3293173,3308838,NO,15665
chr15,85522696,85526172,NO,3476
chr1,36265553,36277826,NO,12273
chr2,37842522,37885026,NO,42504
chr7,150782482,150787578,NO,5096
chr17,4612990,4616499,NO,3509
chr12,123464078,123471747,NO,7669
chr2,204545207,204583393,NO,38186
chr7,98739053,98742705,NO,3652
chr5,57748308,57757172,NO,8864
chr7,65607558,65618927,NO,11369
chr3,148692868,148718138,NO,25270
chr1,232714365,232766891,NO,52526
chr2,203497274,203508781,NO,11507
chr2,106172168,106229764,NO,57596
chr2,61403355,61408112,NO,4757
chr11,8703274,8706161,NO,2887
chr16,84208945,84234307,NO,25362
chr2,68589060,68619481,NO,30421
chr1,212391447,212431130,NO,39683
chr2,55320532,55362374,NO,41842
chr5,81045056,81048490,NO,3434
chr5,10760077,10763524,NO,3447
chr11,59304688,59341367,NO,36679
chr13,25079477,25087529,NO,8052
chr11,58909497,58920496,NO,10999
chr1,65885067,65896176,NO,11109
chr17,43660752,43663976,NO,3224
chr16,28741275,28762525,NO,21250
chrX,57934358,57937998,NO,3640
chrX,23784804,23804203,NO,19399
chr17,55994997,56033349,NO,38352
chr14,50426556,50446077,NO,19521
chr1,32857787,32879692,NO,21905
chr1,153505030,153509802,NO,4772
chr5,180610735,180619917,NO,9182
chr3,191045626,191049123,NO,3497
chr8,22405335,22413198,NO,7863
chr12,98884729,98908114,NO,23385
chr1,183838777,183881024,NO,42247
chr2,85804360,85818671,NO,14311
chrX,48891353,48912231,NO,20878
chr6,33243768,33248894,NO,5126
chr1,154578969,154582756,NO,3787
chr1,39638988,39681919,NO,42931
chr19,718215,753495,NO,35280
chr1,20980339,20993702,NO,13363
chr6,20401018,20410736,NO,9718
chr2,158295591,158310821,NO,15230
chr9,95723159,95729228,NO,6069
chr16,31127653,31131120,NO,3467
chrX,135817331,135867223,NO,49892
chr11,124615947,124633273,NO,17326
chr11,60677345,60683778,NO,6433
chr4,154142952,154171469,NO,28517
chr8,95955992,95974589,NO,18597
chr3,48128054,48131297,NO,3243
chr6,30686878,30690830,NO,3952
chr22,38056796,38073979,NO,17183
chr16,11006583,11044682,NO,38099
chr19,6199020,6251836,NO,52816
chr20,48723415,48731311,NO,7896
chr19,50092702,50097635,NO,4933
chr14,61790411,61823550,NO,33139
chr1,156115746,156132484,NO,16738
chr1,222816576,222829319,NO,12743
chr16,3069935,3074726,NO,4791
chr11,33710883,33728997,NO,18114
chr12,9799371,9804476,NO,5105
chr19,11353524,11380821,NO,27297
chr17,33477798,33489211,NO,11413
chr8,40002406,40058532,NO,56126
chr19,15946591,15948529,NO,1938
chr3,159541219,159601475,NO,60256
chr14,77233896,77250340,NO,16444
chr2,219149884,219154196,NO,4312
chr9,93954106,93975210,NO,21104
chr17,81005681,81012999,NO,7318
chr5,176318711,176329990,NO,11279
chr2,110434558,110459034,NO,24476
chr5,176787854,176801439,NO,13585
chr7,151029591,151049931,NO,20340
chr4,6984995,7001788,NO,16793
chr1,155907900,155917683,NO,9783
chr6,168076271,168102149,NO,25878
chr2,69379538,69408710,NO,29172
chr3,149054335,149105694,NO,51359
chr17,26970243,26974430,NO,4187
chr11,59521425,59541042,NO,19617
chr2,198044320,198081932,NO,37612
chr9,19119258,19130402,NO,11144
chr1,226035169,226071221,NO,36052
chr15,66110404,66134066,NO,23662
chr17,14202535,14214470,NO,11935
chr14,91293978,91316321,NO,22343
chr4,38052173,38096728,NO,44555
chr3,171846517,171900546,NO,54029
chr3,179038694,179042123,NO,3429
chr10,96161696,96164411,NO,2715
chr1,27683344,27696687,NO,13343
chr4,149362577,149367469,NO,4892
chr7,150323359,150330122,NO,6763
chr10,92921546,92924339,NO,2793
chr1,16263665,16293698,NO,30033
chr2,47522801,47582961,NO,60160
chr3,12972839,13009999,NO,37160
chr19,16545564,16573110,NO,27546
chr1,160163011,160189977,NO,26966
chr16,2079101,2084454,NO,5353
chrX,1581268,1626817,NO,45549
chr22,37254008,37271046,NO,17038
chr17,9914121,9938457,NO,24336
chr19,40784512,40793213,NO,8701
chr9,117353432,117382290,NO,28858
chr15,93567967,93574008,NO,6041
chr7,77029170,77058669,NO,29499
chr8,26688799,26725012,NO,36213
chr16,70668932,70698632,NO,29700
chr7,150360526,150385399,NO,24873
chr16,29983743,29992153,NO,8410
chr14,92852320,92892816,NO,40496
chr10,5976945,5992956,NO,16011
chr10,76584084,76587587,NO,3503
chr1,7530114,7561711,NO,31597
chr5,141735620,141744444,NO,8824
chr1,6407813,6421307,NO,13494
chr3,49839782,49846187,NO,6405
chr1,112931182,112939921,NO,8739
chr12,96627364,96655784,NO,28420
chr1,149898881,149915789,NO,16908
chr6,64344835,64347171,NO,2336
chr5,159320386,159392777,NO,72391
chr3,38063156,38073503,NO,10347
chr16,15067563,15084389,NO,16826
chr2,227654030,227666633,NO,12603
chr14,100529019,100546393,NO,17374
chr10,75665082,75701391,NO,36309
chr2,86112146,86133265,NO,21119
chr16,68306320,68325102,NO,18782
chr3,194649028,194674339,NO,25311
chr11,354801,356628,NO,1827
chr5,55775175,55778623,NO,3448
chr17,74523017,74528701,NO,5684
chr19,14088559,14099540,NO,10981
chr6,150037223,150050827,NO,13604
chr22,39677358,39707059,NO,29701
chr4,140991546,141025334,NO,33788
chr6,3022435,3027886,NO,5451
chr14,93797077,93800479,NO,3402
chr7,150754396,150757676,NO,3280
chr11,62365978,62370519,NO,4541
chr12,54804668,54822427,NO,17759
chr16,50607927,50648149,NO,40222
chr22,35746285,35775048,NO,28763
chr11,71810581,71815430,NO,4849
chr8,142236491,142256301,NO,19810
chr11,57332778,57337476,NO,4698
chr7,14027551,14032554,NO,5003
chr16,2084714,2091511,NO,6797
chr12,112553901,112578999,NO,25098
chr4,80992439,81000913,NO,8474
chr18,11973276,11996614,NO,23338
chr9,34650713,34666753,NO,16040
chr12,111015598,111030376,NO,14778
chr20,1854981,1879385,NO,24404
chr14,69617751,69622151,NO,4400
chr20,2259390,2282385,NO,22995
chr6,26031622,26034827,NO,3205
chr19,55608958,55630564,NO,21606
chr12,46660022,46664141,NO,4119
chr1,16969494,16972347,NO,2853
chr19,50440950,50463126,NO,22176
chr20,24929244,24943224,NO,13980
chr10,121094176,121131912,NO,37736
chr4,3625181,3660788,NO,35607
chr19,1644459,1669266,NO,24807
chr9,135422864,135438137,NO,15273
chr6,53165000,53202579,NO,37579
chr5,175097307,175124302,NO,26995
chr15,58797863,58819602,NO,21739
chr9,135226055,135231258,NO,5203
chr3,64670009,64674946,NO,4937
chr21,33102906,33106495,NO,3589
chr18,2997460,3017748,NO,20288
chrX,1640107,1674890,NO,34783
chr6,74288542,74296623,NO,8081
chr11,94962855,94990260,NO,27405
chr10,45899760,45920815,NO,21055
chr11,119176780,119192756,NO,15976
chr11,116966891,116970884,NO,3993
chr19,42923359,42938934,NO,15575
chr12,56220903,56225803,NO,4900
chr1,16821366,16848179,NO,26813
chr17,1059856,1107534,NO,47678
chr3,48565055,48598878,NO,33823
chr19,2762363,2776943,NO,14580
chr19,12659949,12670583,NO,10634
chr14,91685648,91718711,NO,33063
chr11,43941423,43967226,NO,25803
chr1,93249432,93251662,NO,2230
chr19,13892183,13908655,NO,16472
chr13,74703886,74710893,NO,7007
chr6,4017998,4019971,NO,1973
chr11,94500368,94528634,NO,28266
chr20,52445056,52490305,NO,45249
chr1,110751379,110759590,NO,8211
chr5,177628433,177644132,NO,15699
chr6,6879349,6902042,NO,22693
chr12,29300870,29320338,NO,19468
chr6,41751838,41755996,NO,4158
chr22,24359252,24381467,NO,22215
chr1,116914857,116921580,NO,6723
chr8,61590454,61593390,NO,2936
chr14,81881979,81931641,NO,49662
chr17,42142827,42155927,NO,13100
chr21,43681114,43698030,NO,16916
chr11,33912347,33934803,NO,22456
chr14,91781407,91794184,NO,12777
chr16,67561815,67565895,NO,4080
chr11,62571118,62585036,NO,13918
chr4,184704962,184732035,NO,27073
chr1,155291892,155295742,NO,3850
chr17,19549068,19552794,NO,3726
chr6,109162177,109200533,NO,38356
chr22,20189897,20195469,NO,5572
chr16,25059600,25079214,NO,19614
chr9,131123429,131136042,NO,12613
chr12,123911497,123934381,NO,22884
chr1,226216694,226248497,NO,31803
chr2,70201788,70213855,NO,12067
chr16,70097820,70101066,NO,3246
chr6,137058181,137088933,NO,30752
chr10,13388075,13392866,NO,4791
chr11,2799006,2803641,NO,4635
chr1,155016804,155026382,NO,9578
chr8,25035463,25059672,NO,24209
chr19,3093757,3099948,NO,6191
chr4,2925197,2937733,NO,12536
chr20,33864241,33866939,NO,2698
chr19,46852367,46859466,NO,7099
chr20,62525198,62543035,NO,17837
chr14,32418582,32438849,NO,20267
chr17,25565582,25584608,NO,19026
chr13,51483357,51492389,NO,9032
chr2,113924443,113957085,NO,32642
chr12,68752373,68773504,NO,21131
chr15,45457642,45462239,NO,4597
chr6,170425854,170468494,NO,42640
chr20,39768317,39801960,NO,33643
chr16,67430460,67450950,NO,20490
chr15,101655853,101691196,NO,35343
chr9,114660893,114721207,NO,60314
chr3,122280470,122292545,NO,12075
chr7,22233039,22262602,NO,29563
chr15,65164044,65171861,NO,7817
chr17,78991215,79038226,NO,47011
chr14,77369943,77393839,NO,23896
chr19,40926349,40928078,NO,1729
chr19,19771849,19775517,NO,3668
chr17,80543792,80562679,NO,18887
chr4,55092306,55101188,NO,8882
chr12,28342694,28344818,NO,2124
chr6,157007069,157020454,NO,13385
chr16,67992762,68003821,NO,11059
chr19,16996499,17009015,NO,12516
chr1,161183322,161188590,NO,5268
chr18,46306031,46377971,NO,71940
chr18,9707088,9716727,NO,9639
chr20,3775811,3783729,NO,7918
chr6,29931910,29945566,NO,13656
chr5,130498725,130501808,NO,3083
chr19,6371930,6374507,NO,2577
chr9,88948838,88974686,NO,25848
chr16,30410892,30430313,NO,19421
chr15,80986015,81004864,NO,18849
chr20,30147452,30162085,NO,14633
chr14,71107385,71138439,NO,31054
chr8,125721355,125741798,NO,20443
chr2,86078155,86090819,NO,12664
chr3,48256487,48289398,NO,32911
chr10,20104094,20118126,NO,14032
chr12,2588562,2617677,NO,29115
chr3,51712654,51734735,NO,22081
chr19,56145359,56147944,NO,2585
chr6,119661057,119672286,NO,11229
chr2,161348229,161351445,NO,3216
chr3,37926814,37999583,NO,72769
chr21,44141032,44168133,NO,27101
chr17,1476949,1481993,NO,5044
chr16,4899401,4914890,NO,15489
chr10,31985243,31998144,NO,12901
chr22,42315019,42333982,NO,18963
chr2,48333223,48348177,NO,14954
chr6,109774862,109780864,NO,6002
chr20,50005600,50045819,NO,40219
chr1,203408603,203457524,NO,48921
chr3,11758671,11762955,NO,4284
chr6,36408564,36412747,NO,4183
chr16,30958820,30962989,NO,4169
chr12,52557351,52597809,NO,40458
chr11,94276335,94292495,NO,16160
chr2,118925350,118944823,NO,19473
chr18,77256066,77285112,NO,29046
chr10,88726002,88732250,NO,6248
chr1,6451445,6458324,NO,6879
chr8,22550787,22574025,NO,23238
chr10,95187498,95231487,NO,43989
chr1,61508537,61523791,NO,15254
chr10,6091583,6114994,NO,23411
chr12,96428199,96449111,NO,20912
chr22,43186667,43216434,NO,29767
chr6,7239007,7262563,NO,23556
chr19,45541648,45556255,NO,14607
chr1,26014640,26039639,NO,24999
chr6,116768751,116797541,NO,28790
chr17,75199575,75232421,NO,32846
chr1,236203220,236232016,NO,28796
chr16,4464108,4471168,NO,7060
chr9,37528297,37588304,NO,60007
chr15,79045098,79055058,NO,9960
chr8,47829058,47835430,NO,6372
chr1,21501027,21511454,NO,10427
chr19,6270713,6277628,NO,6915
chr19,2166682,2172295,NO,5613
chr2,96809701,96830891,NO,21190
chr17,80475050,80507231,NO,32181
chr8,104148508,104165726,NO,17218
chr17,74703388,74708136,NO,4748
chr1,154297077,154326651,NO,29574
chr20,56193073,56205406,NO,12333
chr4,25844986,25882006,NO,37020
chr10,75563148,75579533,NO,16385
chr22,31432408,31451793,NO,19385
chr11,33743437,33759222,NO,15785
chr18,74533233,74536063,NO,2830
chr19,56151155,56155822,NO,4667
chr10,114708649,114716097,NO,7448
chr7,1115460,1130536,NO,15076
chr19,14543381,14548790,NO,5409
chr16,11994115,12010862,NO,16747
chr5,141693452,141706776,NO,13324
chr7,137655176,137687175,NO,31999
chr12,115106972,115123420,NO,16448
chr3,194403354,194413056,NO,9702
chr6,29719459,29728579,NO,9120
chr6,158423159,158462462,NO,39303
chr5,139536381,139563162,NO,26781
chr2,29220088,29241224,NO,21136
chrX,3732066,3734821,NO,2755
chr5,55880874,55886397,NO,5523
chr1,143982010,144002104,NO,20094
chr1,36945340,36954125,NO,8785
chr1,92178281,92217371,NO,39090
chr17,738056,805071,NO,67015
chr5,55961805,55995201,NO,33396
chr1,153358217,153364665,NO,6448
chr6,33555598,33561647,NO,6049
chr10,180169,182746,NO,2577
chr3,61545177,61548517,NO,3340
chr11,46382106,46386275,NO,4169
chr1,151429317,151432719,NO,3402
chr22,31736876,31744210,NO,7334
chr19,7545021,7572297,NO,27276
chr20,30415855,30434261,NO,18406
chr8,144544209,144582472,NO,38263
chr11,67006237,67009380,NO,3143
chr16,88715569,88719555,NO,3986
chr3,129022920,129036214,NO,13294
chr7,143693,151421,NO,7728
chr17,62127834,62170255,NO,42421
chr12,105095879,105144587,NO,48708
chr6,130339253,130342774,NO,3521
chr9,34168936,34186250,NO,17314
chr15,57870310,57903384,NO,33074
chr5,108083294,108085702,NO,2408
chr2,70358660,70361984,NO,3324
chr16,9038031,9061290,NO,23259
chr11,69063422,69081142,NO,17720
chr20,62367393,62375268,NO,7875
chr2,89126494,89141464,NO,14970
chr6,109323166,109336782,NO,13616
chr19,530736,534556,NO,3820
chr3,105084931,105088984,NO,4053
chr17,53350169,53363937,NO,13768
chr19,295076,316236,NO,21160
chr17,44449278,44451618,NO,2340
chr6,146864021,146867319,NO,3298
chr13,45988124,45993080,NO,4956
chr1,26826346,26828750,NO,2404
chr9,93557137,93578893,NO,21756
chr13,29290655,29298239,NO,7584
chr3,107148102,107151520,NO,3418
chr14,24628725,24633522,NO,4797
chr15,44083527,44087403,NO,3876
chr2,98260394,98263788,NO,3394
chr11,111599671,111609374,NO,9703
chr19,18314175,18318518,NO,4343
chr10,13725067,13761725,NO,36658
chr3,126678708,126722708,NO,44000
chr19,58309346,58342356,NO,33010
chr9,131386846,131405622,NO,18776
chr11,959643,1001330,NO,41687
chrX,77358751,77362836,NO,4085
chr12,109547705,109557450,NO,9745
chr1,145381982,145399843,NO,17861
chr3,52523560,52533688,NO,10128
chr19,11291023,11320993,NO,29970
chr12,96087361,96135276,NO,47915
chr3,56815700,56833751,NO,18051
chr5,67711060,67742246,NO,31186
chr7,139466549,139478510,NO,11961
chr1,120750352,120770128,NO,19776
chr11,1967719,1991327,NO,23608
chr11,96065063,96077028,NO,11965
chr17,16310120,16320858,NO,10738
chr19,47866323,47894175,NO,27852
chr11,17228555,17231933,NO,3378
chr7,66146051,66158870,NO,12819
chr9,73176099,73217749,NO,41650
chr17,81146189,81151709,NO,5520
chr6,144536062,144538337,NO,2275
chr1,23848672,23860775,NO,12103
chr19,47759032,47762414,NO,3382
chr17,66176731,66210111,NO,33380
chr13,41535417,41591756,NO,56339
chr14,35754016,35763985,NO,9969
chr16,30932455,30936391,NO,3936
chr10,94350423,94353456,NO,3033
chr8,30007061,30028014,NO,20953
chr19,4968055,4989402,NO,21347
chr21,44814403,44844620,NO,30217
chr8,141639308,141656390,NO,17082
chr11,65305137,65309864,NO,4727
chr6,26472731,26479808,NO,7077
chr3,16550978,16558286,NO,7308
chr1,231647779,231668134,NO,20355
chr5,139925929,139934011,NO,8082
chr1,43831657,43839942,NO,8285
chr19,47656696,47665121,NO,8425
chr5,72412788,72420554,NO,7766
chr10,61651193,61668708,NO,17515
chr11,128760042,128779884,NO,19842
chr17,79235879,79262531,NO,26652
chr13,107565747,107573397,NO,7650
chr5,124077371,124085539,NO,8168
chr1,145469790,145475534,NO,5744
chr17,1684377,1688168,NO,3791
chr7,5630976,5638951,NO,7975
chr2,219154212,219158592,NO,4380
chr11,3167962,3215174,NO,47212
chr17,10177134,10209496,NO,32362
chr7,76008282,76033747,NO,25465
chr3,65901613,65947910,NO,46297
chr11,124937837,124961963,NO,24126
chr1,244608829,244615970,NO,7141
chr9,130211600,130218682,NO,7082
chr10,8095334,8106269,NO,10935
chr15,69072523,69090851,NO,18328
chr8,134249166,134272738,NO,23572
chr1,8001963,8015053,NO,13090
chr3,188657817,188669985,NO,12168
chrX,38662252,38677406,NO,15154
chr1,20914916,20931579,NO,16663
chr6,151361244,151394590,NO,33346
chr16,73086964,73103322,NO,16358
chr11,94459076,94485008,NO,25932
chr16,15107133,15135789,NO,28656
chr16,88122615,88127933,NO,5318
chr6,2970275,2972797,NO,2522
chr15,39745449,39767282,NO,21833
chr17,74682410,74686494,NO,4084
chr2,64487229,64511453,NO,24224
chr17,40262724,40265861,NO,3137
chr4,7807162,7845228,NO,38066
chr16,89023485,89046155,NO,22670
chr16,57293880,57319235,NO,25355
chr8,12979270,12991777,NO,12507
chr15,34657023,34660942,NO,3919
chr16,11317678,11328485,NO,10807
chr3,11600753,11646238,NO,45485
chr17,3864723,3893153,NO,28430
chr11,63948303,63955272,NO,6969
chrX,67892511,67923931,NO,31420
chr4,160023296,160026217,NO,2921
chr16,10830879,10860269,NO,29390
chr4,6876502,6901715,NO,25213
chr11,1765183,1774872,NO,9689
chr5,38835663,38848249,NO,12586
chr6,2891706,2920126,NO,28420
chr17,3813896,3822552,NO,8656
chr16,17444108,17477618,NO,33510
chr3,194924298,194945709,NO,21411
chr11,86167274,86231221,NO,63947
chr1,95417022,95468923,NO,51901
chr3,169375881,169382096,NO,6215
chr19,1845551,1849455,NO,3904
chr7,50345841,50370696,NO,24855
chr2,85663549,85666430,NO,2881
chr2,178092257,178126607,NO,34350
chr19,50187964,50195144,NO,7180
chr4,126235118,126245240,NO,10122
chr17,78027451,78046334,NO,18883
chr5,180470622,180486945,NO,16323
chr1,54929817,54955510,NO,25693
chr3,128393390,128400760,NO,7370
chr5,178691948,178712910,NO,20962
chr3,46013633,46048854,NO,35221
chr13,48716120,48737420,NO,21300
chr8,61563752,61566889,NO,3137
chr6,33544382,33548554,NO,4172
chr14,78107137,78126890,NO,19753
chr19,1019001,1023558,NO,4557
chr5,158430035,158489685,NO,59650
chr3,194778860,194808113,NO,29253
chr16,15235381,15241708,NO,6327
chr3,129157801,129163492,NO,5691
chr19,17637500,17672543,NO,35043
chr3,43428790,43436731,NO,7941
chr8,26295072,26308267,NO,13195
chr8,124168641,124179040,NO,10399
chr1,208114967,208138530,NO,23563
chr8,22420534,22425440,NO,4906
chr19,1025810,1029324,NO,3514
chr15,52023250,52031097,NO,7847
chr2,42272918,42288106,NO,15188
chr2,42395635,42399229,NO,3594
chr16,2171853,2177946,NO,6093
chr1,204938289,204967805,NO,29516
chr14,105280039,105283485,NO,3446
chr17,59386095,59430455,NO,44360
chr7,115993676,116008869,NO,15193
chr11,93861146,93869795,NO,8649
chr14,91251574,91273102,NO,21528
chr15,68131080,68143799,NO,12719
chr10,75715945,75753726,NO,37781
chrX,153595395,153601135,NO,5740
chr22,23478884,23496753,NO,17869
chr14,23789170,23791978,NO,2808
chr20,23062666,23068975,NO,6309
chr19,7179688,7212478,NO,32790
chr14,102171815,102198824,NO,27009
chrX,10065740,10081740,NO,16000
chr19,2094184,2097646,NO,3462
chr1,51978389,51985477,NO,7088
chr4,1287324,1305802,NO,18478
chr17,32562262,32583094,NO,20832
chr14,95639234,95658422,NO,19188
chr1,25751379,25760356,NO,8977
chr9,110398957,110408157,NO,9200
chr19,36230212,36234135,NO,3923
chr12,51315829,51329638,NO,13809
chr19,33666798,33678269,NO,11471
chr6,159513339,159541591,NO,28252
chr3,160471960,160474614,NO,2654
chr16,23837112,23876610,NO,39498
chr19,1874733,1877043,NO,2310
chr6,133133454,133136447,NO,2993
chr8,25077590,25117172,NO,39582
chr19,1066515,1070202,NO,3687
chr20,62336563,62340593,NO,4030
chr5,173191299,173210222,NO,18923
chr7,45016461,45021817,NO,5356
chr3,52223871,52256625,NO,32754
chr6,21587595,21597365,NO,9770
chr1,153512608,153519164,NO,6556
chr2,102604876,102612381,NO,7505
chr21,37521901,37554316,NO,32415
chr17,73073174,73092794,NO,19620
chr20,346638,363540,NO,16902
chr2,130938128,130941521,NO,3393
chr7,26331185,26354796,NO,23611
chrX,134653346,134656829,NO,3483
chr21,44199243,44205985,NO,6742
chr16,81749010,81786919,NO,37909
chr2,177501635,177534888,NO,33253
chr22,18474373,18488918,NO,14545
chr17,1506215,1511808,NO,5593
chr19,55714590,55729188,NO,14598
chr16,1979141,1993957,NO,14816
chr5,394672,417267,NO,22595
chr11,33951063,33964918,NO,13855
chr7,150433691,150453879,NO,20188
chr10,94581870,94609337,NO,27467
chr12,113506412,113537080,NO,30668
chr17,27065171,27089091,NO,23920
chr9,130658493,130662658,NO,4165
chr10,123871468,123874327,NO,2859
chr22,23846295,23877053,NO,30758
chr17,76244115,76266124,NO,22009
chr10,43946967,43952240,NO,5273
chr4,53850032,53879222,NO,29190
chr15,99964907,99996084,NO,31177
chr19,17579257,17619390,NO,40133
chr2,134877048,134879624,NO,2576
chr18,56514017,56535106,NO,21089
chr1,109187126,109190887,NO,3761
chr18,60087420,60123282,NO,35862
chr1,25345473,25361455,NO,15982
chr21,45303595,45340746,NO,37151
chrX,49021807,49024651,NO,2844
chr4,169632039,169665943,NO,33904
chr16,66393159,66417232,NO,24073
chr7,6143239,6146639,NO,3400
chr16,4814955,4819519,NO,4564
chr10,47638774,47671061,NO,32287
chrX,46421225,46449587,NO,28362
chr4,7957861,7974823,NO,16962
chr17,77951280,77971762,NO,20482
chr4,57842754,57848840,NO,6086
chr10,81106545,81114445,NO,7900
chr3,44480379,44484710,NO,4331
chr1,212731303,212741149,NO,9846
chr1,68296170,68313602,NO,17432
chr1,31350008,31392621,NO,42613
chr14,93498693,93512658,NO,13965
chr19,33770447,33794327,NO,23880
chr1,2229821,2234374,NO,4553
chr19,52190725,52195523,NO,4798
chr12,110365918,110400847,NO,34929
chr1,229193644,229206544,NO,12900
chr7,50709323,50736364,NO,27041
chr14,103521736,103542386,NO,20650
chr15,91444861,91447337,NO,2476
chr11,63448124,63454354,NO,6230
chr12,10515502,10525817,NO,10315
chr2,65244422,65270603,NO,26181
chr13,99127764,99162972,NO,35208
chr7,140217720,140243058,NO,25338
chr2,99119940,99126126,NO,6186
chr11,67249654,67254862,NO,5208
chr1,16532329,16545206,NO,12877
chr4,2413560,2421068,NO,7508
chr10,120859752,120900790,NO,41038
chr15,64974942,64993428,NO,18486
chr16,75583813,75605529,NO,21716
chr4,37865923,37895134,NO,29211
chr5,179231371,179234729,NO,3358
chr12,54679663,54702346,NO,22683
chr12,50908007,50932321,NO,24314
chr5,141215549,141230961,NO,15412
chr10,47127624,47131959,NO,4335
chr1,6074428,6090188,NO,15760
chr20,58620907,58635942,NO,15035
chr6,52438062,52442682,NO,4620
chr8,23075023,23089022,NO,13999
chr11,16624827,16636197,NO,11370
chr14,24100530,24131245,NO,30715
chr19,42125487,42146758,NO,21271
chr16,67514002,67517312,NO,3310
chr9,111753316,111783713,NO,30397
chr17,76167551,76177139,NO,9588
chr19,6503311,6528415,NO,25104
chr11,68767410,68782818,NO,15408
chr13,50189529,50220171,NO,30642
chr9,123545474,123556672,NO,11198
chr18,52986050,52991184,NO,5134
chr2,121493116,121530205,NO,37089
chr20,19954320,19985209,NO,30889
chr12,121628108,121662096,NO,33988
chr8,28558179,28566725,NO,8546
chr10,99443106,99449713,NO,6607
chr3,119346341,119389423,NO,43082
chr20,37432681,37443427,NO,10746
chr16,1819905,1824720,NO,4815
chr6,32625587,32637622,NO,12035
chr4,38786603,38818511,NO,31908
chr6,53223125,53225876,NO,2751
chr6,34854901,34859233,NO,4332
chr6,44185167,44206411,NO,21244
chr8,125606347,125625301,NO,18954
chr8,93112947,93116358,NO,3411
chr6,11349932,11375514,NO,25582
chr14,90984156,91008294,NO,24138
chr6,31788850,31791309,NO,2459
chr7,30490559,30513804,NO,23245
chr1,198582464,198611057,NO,28593
chr3,67703948,67707077,NO,3129
chr17,904085,914612,NO,10527
chr6,31547125,31551152,NO,4027
chr14,55367197,55370388,NO,3191
chr14,23475542,23477194,NO,1652
chr2,37550324,37553441,NO,3117
chr4,37977671,37996641,NO,18970
chr6,25991666,25993944,NO,2278
chr2,182320973,182338316,NO,17343
chr12,123871954,123876597,NO,4643
chr20,52258565,52279524,NO,20959
chr11,46917892,46941210,NO,23318
chr12,66627795,66636865,NO,9070
chr18,45549008,45564676,NO,15668
chr1,56961214,56991865,NO,30651
chr2,64438171,64462743,NO,24572
chr6,126101233,126102863,NO,1630
chr1,182557516,182578858,NO,21342
chr2,204398043,204401095,NO,3052
chr5,307780,326602,NO,18822
chr20,48753490,48768253,NO,14763
chr11,9759670,9788218,NO,28548
chr11,444342,451637,NO,7295
chr13,46943361,46964952,NO,21591
chr19,8942159,8944218,NO,2059
chr12,95064125,95082495,NO,18370
chr1,35308199,35332787,NO,24588
chrX,52925051,52928420,NO,3369
chr17,40395191,40403863,NO,8672
chr6,37069503,37073440,NO,3937
chr14,21489885,21495672,NO,5787
chr15,70047284,70060340,NO,13056
chr4,82390893,82394439,NO,3546
chr9,123472038,123478268,NO,6230
chr6,134272184,134275138,NO,2954
chr1,167398799,167426789,NO,27990
chr15,86122016,86127789,NO,5773
chr18,33069450,33082367,NO,12917
chr10,51488443,51518833,NO,30390
chr11,746410,750286,NO,3876
chr16,88664680,88701928,NO,37248
chr2,85632074,85648670,NO,16596
chr10,64377309,64398827,NO,21518
chr4,146856490,146860401,NO,3911
chr2,173291704,173311558,NO,19854
chr2,102842958,102891327,NO,48369
chr1,204429124,204436786,NO,7662
chr2,3582047,3585167,NO,3120
chr7,1609010,1612016,NO,3006
chr7,36322337,36332727,NO,10390
chr1,202128079,202134880,NO,6801
chr10,125754383,125777430,NO,23047
chr18,6722218,6752897,NO,30679
chr6,43666489,43684592,NO,18103
chr7,2901968,2910597,NO,8629
chr21,28336344,28341192,NO,4848
chr11,113943038,113964543,NO,21505
chr20,39269469,39278082,NO,8613
chr7,100073086,100077646,NO,4560
chr3,48539457,48543224,NO,3767
chr11,67230622,67233294,NO,2672
chr16,2055008,2060947,NO,5939
chr3,12219178,12236832,NO,17654
chr15,101628951,101633656,NO,4705
chr17,33848150,33869304,NO,21154
chr3,43731616,43735177,NO,3561
chr11,8881019,8894570,NO,13551
chr19,47287237,47300036,NO,12799
chr5,172434651,172464411,NO,29760
chr17,15153434,15167153,NO,13719
chr17,27888499,27896616,NO,8117
chr11,86258488,86271249,NO,12761
chrX,52985596,52988829,NO,3233
chr8,135843126,135853941,NO,10815
chr17,27043492,27048216,NO,4724
chr17,63550151,63558551,NO,8400
chr6,6586804,6611451,NO,24647
chr14,76075532,76113869,NO,38337
chr16,29830669,29834153,NO,3484
chr3,185533165,185544699,NO,11534
chr5,926564,965055,NO,38491
chr8,144639610,144644390,NO,4780
chr12,93963278,93967746,NO,4468
chr19,42443965,42464156,NO,20191
chr15,22907946,22925130,NO,17184
chrX,45612350,45634713,NO,22363
chr15,41846517,41878329,NO,31812
chr1,173989751,173992434,NO,2683
chr1,225654505,225656696,NO,2191
chr2,16803130,16812731,NO,9601
chr1,94784597,94801361,NO,16764
chr16,66581903,66584623,NO,2720
chr2,10417705,10448009,NO,30304
chr1,27353287,27401776,NO,48489
chr17,19204654,19221691,NO,17037
chr22,43656163,43692123,NO,35960
chr17,73027967,73033571,NO,5604
chr11,826270,830514,NO,4244
chr7,135655671,135666773,NO,11102
chr8,130894662,130901623,NO,6961
chr11,45167360,45180800,NO,13440
chr19,49836415,49844577,NO,8162
chr19,43942412,43980618,NO,38206
chr17,47753389,47766075,NO,12686
chr15,31725717,31746552,NO,20835
chr18,33035790,33048276,NO,12486
chr6,43735798,43743486,NO,7688
chr6,34623585,34643012,NO,19427
chr7,50413121,50433107,NO,19986
chr15,86076436,86099248,NO,22812
chr20,47318970,47341610,NO,22640
chr2,20549761,20552700,NO,2939
chr18,20805508,20841174,NO,35666
chr18,21067753,21092904,NO,25151
chr20,2504781,2506940,NO,2159
chr12,53717318,53720052,NO,2734
chr10,101722300,101767545,NO,45245
chr15,81022683,81054536,NO,31853
chr1,161087038,161097950,NO,10912
chr9,131445516,131449455,NO,3939
chr14,73694461,73714668,NO,20207
chr1,1764461,1801345,NO,36884
chr7,66047607,66058379,NO,10772
chr22,24036714,24040709,NO,3995
chr3,4533857,4562602,NO,28745
chr9,137095947,137145232,NO,49285
chr11,65322215,65329046,NO,6831
chr7,36756630,36789830,NO,33200
chr2,64629783,64634088,NO,4305
chr4,41205488,41219352,NO,13864
chr12,68041295,68044843,NO,3548
chr19,45594016,45607453,NO,13437
chr2,235395257,235406828,NO,11571
chr5,1792684,1802453,NO,9769
chr7,491573,512507,NO,20934
chr10,65016146,65033781,NO,17635
chr11,44612182,44645862,NO,33680
chr16,1519491,1534147,NO,14656
chr1,29447991,29452376,NO,4385
chr1,32712133,32718803,NO,6670
chr2,70320921,70323875,NO,2954
chr1,32165641,32181779,NO,16138
chr2,46256252,46276708,NO,20456
chr9,130523119,130528879,NO,5760
chr9,114423277,114426282,NO,3005
chr15,65585005,65597980,NO,12975
chr21,34637287,34641960,NO,4673
chr16,89380928,89397483,NO,16555
chr1,27190426,27192788,NO,2362
chr20,4040605,4071669,NO,31064
chr21,45466649,45486487,NO,19838
chr14,38722714,38726037,NO,3323
chr15,101584630,101611741,NO,27111
chr9,35487664,35492354,NO,4690
chr19,34755825,34765908,NO,10083
chr9,34123373,34127681,NO,4308
chr2,71718440,71731902,NO,13462
chr5,139404517,139430410,NO,25893
chr3,58218357,58240513,NO,22156
chr1,42627004,42639600,NO,12596
chr14,23305021,23308727,NO,3706
chr12,7984842,8013469,NO,28627
chr2,28843038,28850986,NO,7948
chr1,160627419,160654033,NO,26614
chr4,123071829,123074951,NO,3122
chr22,29698453,29708340,NO,9887
chr22,46407551,46411221,NO,3670
chr11,74383214,74409218,NO,26004
chr22,33214148,33237153,NO,23005
chr1,144519960,144540687,NO,20727
chr14,69177700,69209377,NO,31677
chr7,1004065,1026908,NO,22843
chr5,14203670,14227937,NO,24267
chr13,49065411,49081243,NO,15832
chr2,1711659,1748890,NO,37231
chr11,6637891,6641290,NO,3399
chr19,39887636,39890716,NO,3080
chr2,238508472,238536092,NO,27620
chr1,234971850,235022864,NO,51014
chr1,151960925,151967210,NO,6285
chr11,7532602,7543238,NO,10636
chr1,160673345,160680062,NO,6717
chr11,75218362,75246867,NO,28505
chrX,152740346,152768303,NO,27957
chrX,3617501,3633813,NO,16312
chr16,57824981,57845335,NO,20354
chr10,93998392,94001432,NO,3040
chr22,41913810,41927279,NO,13469
chr1,231739357,231766636,NO,27279
chr16,67570079,67573970,NO,3891
chr4,147157512,147166957,NO,9445
chr8,56752404,56766799,NO,14395
chr2,3698740,3708213,NO,9473
chr12,49502397,49505532,NO,3135
chr22,25781465,25816816,NO,35351
chr18,829534,845950,NO,16416
chr1,214275138,214290515,NO,15377
chr11,85889144,85917845,NO,28701
chr19,11430040,11436648,NO,6608
chr1,202934995,202939169,NO,4174
chr10,76984217,76998532,NO,14315
chr21,46435820,46462130,NO,26310
chr14,103230524,103246727,NO,16203
chr2,232046275,232057820,NO,11545
chr1,156425904,156427785,NO,1881
chr2,102573847,102590481,NO,16634
chr19,2081501,2086050,NO,4549
chr2,86214387,86227889,NO,13502
chr2,151328428,151344231,NO,15803
chr4,6273027,6285169,NO,12142
chr15,70005452,70019484,NO,14032
chr12,2646499,2671782,NO,25283
chr4,86646323,86665211,NO,18888
chr1,198624532,198651906,NO,27374
chr9,84301612,84305641,NO,4029
chr3,45623792,45649391,NO,25599
chr4,186636986,186662259,NO,25273
chr3,194197692,194229990,NO,32298
chr5,139691156,139723113,NO,31957
chr2,97538278,97545216,NO,6938
chr20,62603340,62613232,NO,9892
chr8,37396264,37420360,NO,24096
chr3,48153595,48193411,NO,39816
chr13,59910971,59958699,NO,47728
chr5,177663252,177669359,NO,6107
chr11,101980268,101983481,NO,3213
chr14,20883937,20910592,NO,26655
chr3,58611064,58616522,NO,5458
chr8,119099082,119126058,NO,26976
chr1,183773379,183792054,NO,18675
chr3,49303098,49317582,NO,14484
chr5,53813308,53830766,NO,17458
chr9,19229632,19232050,NO,2418
chr14,21259346,21280765,NO,21419
chr16,28391674,28396496,NO,4822
chr3,142882607,142898124,NO,15517
chr7,75071051,75072734,NO,1683
chr4,84137856,84162728,NO,24872
chr17,73530738,73547454,NO,16716
chr19,30334215,30346966,NO,12751
chr22,18518484,18549995,NO,31511
chr12,770657,804625,NO,33968
chr9,89560175,89564146,NO,3971
chr5,134209092,134211473,NO,2381
chr16,1659841,1665358,NO,5517
chr6,31459350,31464158,NO,4808
chr17,16873135,16893832,NO,20697
chr5,40678678,40683980,NO,5302
chrX,139013312,139016439,NO,3127
chr20,62484643,62488076,NO,3433
chr19,52252437,52259095,NO,6658
chr1,46631865,46655543,NO,23678
chr9,112668641,112689418,NO,20777
chr1,154450273,154470211,NO,19938
chr16,88905734,88927309,NO,21575
chr2,60775944,60784591,NO,8647
chr2,234072685,234120709,NO,48024
chr15,57178338,57180590,NO,2252
chr19,9419631,9421374,NO,1743
chr2,219191839,219198861,NO,7022
chr19,18302246,18306339,NO,4093
chr1,16499308,16509541,NO,10233
chr17,17074954,17104408,NO,29454
chr17,28926665,28928787,NO,2122
chr7,75357179,75370802,NO,13623
chr12,96180493,96194733,NO,14240
chr9,4293472,4300295,NO,6823
chrX,71317077,71346602,NO,29525
chr7,149191358,149195564,NO,4206
chr18,13136220,13139052,NO,2832
chr6,143228330,143249565,NO,21235
chr12,105026275,105044584,NO,18309
chr19,7992193,8000109,NO,7916
chr14,94421076,94443367,NO,22291
chr12,122006721,122029579,NO,22858
chr2,62520478,62537347,NO,16869
chr7,33757961,33796501,NO,38540
chr22,18392443,18406737,NO,14294
chr10,51571779,51577425,NO,5646
chr7,50788962,50807915,NO,18953
chr17,7253046,7261390,NO,8344
chr17,78792508,78810998,NO,18490
chr8,145058525,145061873,NO,3348
chr18,74157480,74164335,NO,6855
chrX,24042406,24045066,NO,2660
chr11,69450940,69458452,NO,7512
chr18,53252844,53257912,NO,5068
chr15,41951796,41954738,NO,2942
chr17,65372733,65399437,NO,26704
chr11,64529533,64542279,NO,12746
chr15,75396957,75446587,NO,49630
chr2,197995471,198029706,NO,34235
chr5,140983263,141003607,NO,20344
chr20,48551144,48555881,NO,4737
chr17,4064819,4108637,NO,43818
chr12,113763552,113773489,NO,9937
chr9,123833643,123838110,NO,4467
chr20,3790278,3793390,NO,3112
chr8,66858266,66866016,NO,7750
chr9,37024642,37038384,NO,13742
chr2,102756954,102772535,NO,15581
chr7,140325695,140356973,NO,31278
chr2,240034713,240059673,NO,24960
chr10,33269010,33274982,NO,5972
chr5,158521932,158532001,NO,10069
chr6,143163330,143179872,NO,16542
chr2,26980272,26996226,NO,15954
chr22,21217980,21224208,NO,6228
chr5,55450427,55473412,NO,22985
chrX,63423369,63427216,NO,3847
chr7,95231691,95239804,NO,8113
chr11,71789563,71793495,NO,3932
chr2,1542372,1557664,NO,15292
chr6,13426136,13463069,NO,36933
chr1,27949210,27954188,NO,4978
chr22,30174952,30196551,NO,21599
chr11,1871769,1876300,NO,4531
chr5,40405244,40411916,NO,6672
chrX,13016134,13048827,NO,32693
chrX,53115995,53124062,NO,8067
chr15,50399213,50408258,NO,9045
chr1,204461422,204464616,NO,3194
chr19,36397163,36401282,NO,4119
chr6,126120100,126168253,NO,48153
chr19,49858955,49867609,NO,8654
chr3,71111970,71116552,NO,4582
chr2,218221262,218250058,NO,28796
chr7,73506515,73509937,NO,3422
chr11,65352813,65358358,NO,5545
chr21,44581363,44599113,NO,17750
chr1,45137607,45143362,NO,5755
chr15,63483506,63540199,NO,56693
chr11,71161854,71165036,NO,3182
chr3,52007246,52011285,NO,4039
chr5,139968588,139992626,NO,24038
chr15,63333963,63352464,NO,18501
chr6,28103891,28106154,NO,2263
chr8,30577208,30585935,NO,8727
chr22,39625522,39651710,NO,26188
chr1,27880845,27885712,NO,4867
chr16,30132537,30135285,NO,2748
chr16,8720823,8739460,NO,18637
chr17,57500074,57519374,NO,19300
chr9,97850812,97858292,NO,7480
chr15,90363747,90395454,NO,31707
chr19,41983944,41987427,NO,3483
chr17,43505148,43524857,NO,19709
chr17,72742435,72748812,NO,6377
chr2,38300296,38305230,NO,4934
chr15,65804564,65818288,NO,13724
chr3,194286541,194308504,NO,21963
chr13,99738074,99740720,NO,2646
chr20,44626739,44643104,NO,16365
chr11,71702600,71713030,NO,10430
chr22,19928343,19935601,NO,7258
chr19,18759185,18772533,NO,13348
chr19,42617547,42637621,NO,20074
chr1,153953271,153959881,NO,6610
chr15,74232071,74249820,NO,17749
chr1,204232644,204266919,NO,34275
chr2,28806800,28827344,NO,20544
chr2,134975172,135021311,NO,46139
chr15,92552136,92577674,NO,25538
chr13,24733905,24758624,NO,24719
chr5,115900570,115912077,NO,11507
chr2,26224182,26251586,NO,27404
chr12,56239651,56243867,NO,4216
chr2,172378314,172381157,NO,2843
chr13,95200458,95202909,NO,2451
chr9,134495970,134511745,NO,15775
chrX,73510380,73513740,NO,3360
chr6,111922476,111928217,NO,5741
chr9,91603768,91616277,NO,12509
chr2,85925199,85940265,NO,15066
chr1,14029261,14060434,NO,31173
chr1,95185254,95223937,NO,38683
chr19,57869600,57875683,NO,6083
chr22,40831325,40860428,NO,29103
chr20,62488139,62492777,NO,4638
chr10,11704456,11727733,NO,23277
chr12,6568999,6574322,NO,5323
chr1,161695379,161711424,NO,16045
chr1,2185300,2189150,NO,3850
chr17,7107453,7121887,NO,14434
chr7,42917316,42929213,NO,11897
chr10,22613903,22630511,NO,16608
chr22,31890012,31898169,NO,8157
chr7,28723580,28740381,NO,16801
chr19,3982954,3987222,NO,4268
chr10,3846168,3854659,NO,8491
chr1,153892435,153902069,NO,9634
chr17,66373252,66380944,NO,7692
chr1,8556034,8588322,NO,32288
chr17,48280398,48299606,NO,19208
chr2,241523587,241527121,NO,3534
chr12,109080339,109096097,NO,15758
chr19,1881529,1885914,NO,4385
chr1,27851646,27856909,NO,5263
chr8,48265508,48297608,NO,32100
chr1,212808143,212813176,NO,5033
chr19,12831250,12835351,NO,4101
chrX,130862365,130913504,NO,51139
chr1,151339696,151345514,NO,5818
chr2,230931496,230943514,NO,12018
chr10,98004306,98033639,NO,29333
chr7,128572976,128581839,NO,8863
chr8,144597431,144613019,NO,15588
chr11,5709662,5722190,NO,12528
chr2,238320386,238362014,NO,41628
chr4,915623,926935,NO,11312
chr10,6423609,6452954,NO,29345
chr22,50048821,50063864,NO,15043
chr16,22364416,22399447,NO,35031
chr9,12774690,12785577,NO,10887
chr11,10509770,10528002,NO,18232
chr10,101941835,101952624,NO,10789
chr8,125784132,125828794,NO,44662
chr12,56109036,56111979,NO,2943
chr7,2796943,2804022,NO,7079
chr17,41654833,41670440,NO,15607
chr21,40105672,40140063,NO,34391
chr12,111798235,111808000,NO,9765
chr1,45096743,45098774,NO,2031
chr22,30703943,30709461,NO,5518
chr17,44337232,44345517,NO,8285
chr2,109934024,109949859,NO,15835
chr13,111641766,111665033,NO,23267
chr15,93449963,93468011,NO,18048
chr14,62050925,62087714,NO,36789
chr4,153916686,153932774,NO,16088
chr2,30626517,30645868,NO,19351
chr20,44460927,44471974,NO,11047
chr4,185184852,185205948,NO,21096
chr17,1546551,1550564,NO,4013
chr19,1839111,1844768,NO,5657
chr13,111920747,111937556,NO,16809
chr11,2904801,2914674,NO,9873
chr3,128493832,128532980,NO,39148
chr16,71517578,71519201,NO,1623
chr9,129622130,129625668,NO,3538
chrX,56790055,56815523,NO,25468
chr2,39350667,39357356,NO,6689
chr3,46731855,46738743,NO,6888
chr22,49961366,49976542,NO,15176
chr20,55040877,55063210,NO,22333
chr20,50141334,50159533,NO,18199
chr11,71829758,71855293,NO,25535
chr14,51278759,51291570,NO,12811
chr17,16188755,16191722,NO,2967
chr1,41395797,41414757,NO,18960
chr16,2915160,2925197,NO,10037
chr1,70686730,70688127,NO,1397
chr9,136797093,136845686,NO,48593
chr9,73084572,73104153,NO,19581
chr21,45269303,45287750,NO,18447
chr19,45414195,45439766,NO,25571
chr19,2949143,2951351,NO,2208
chr1,112898570,112914457,NO,15887
chr19,37708277,37709953,NO,1676
chr5,92913733,92921532,NO,7799
chr17,40704801,40707851,NO,3050
chrX,39867878,39874605,NO,6727
chr6,163756031,163778059,NO,22028
chr7,4104390,4111612,NO,7222
chr19,14246650,14249912,NO,3262
chr1,875103,881742,NO,6639
chr3,42140404,42166138,NO,25734
chr15,58622117,58626084,NO,3967
chr9,136356205,136375416,NO,19211
chr8,30599482,30602750,NO,3268
chrX,48525920,48541133,NO,15213
chr15,29281124,29288579,NO,7455
chr17,56159650,56162938,NO,3288
chr19,1153708,1157576,NO,3868
chr21,45502397,45510746,NO,8349
chr8,37730945,37750170,NO,19225
chr21,43720662,43740776,NO,20114
chr17,66755120,66791933,NO,36813
chr1,94762038,94769730,NO,7692
chr1,28437032,28466356,NO,29324
chr11,125033124,125040859,NO,7735
chr1,2138170,2141459,NO,3289
chr8,11348751,11365900,NO,17149
chr2,129119838,129139897,NO,20059
chr8,142401307,142428564,NO,27257
chr13,60018342,60039647,NO,21305
chr1,53660779,53664381,NO,3602
chr3,14363421,14367208,NO,3787
chr11,118984668,119002585,NO,17917
chr7,134403985,134432640,NO,28655
chr19,2088671,2094172,NO,5501
chr1,27065796,27080269,NO,14473
chr10,115802347,115806265,NO,3918
chr10,69522825,69524982,NO,2157
chr16,19701269,19717101,NO,15832
chr5,64329973,64334199,NO,4226
chr12,89549064,89561193,NO,12129
chr20,1469793,1474112,NO,4319
chr1,45178800,45199648,NO,20848
chr20,1925154,1947045,NO,21891
chr16,15682822,15687617,NO,4795
chr19,8405179,8408716,NO,3537
chr19,19471733,19484766,NO,13033
chr17,39648432,39657019,NO,8587
chr1,229160365,229172997,NO,12632
chr12,57823225,57825498,NO,2273
chr17,58211735,58249059,NO,37324
chr12,53487456,53493484,NO,6028
chr19,924811,928570,NO,3759
chr12,121176915,121184040,NO,7125
chr22,40781018,40813621,NO,32603
chr7,150944534,150950136,NO,5602
chr1,211499438,211509980,NO,10542
chr9,100666857,100672077,NO,5220
chr1,1364844,1371183,NO,6339
chr3,113931285,113951593,NO,20308
chr6,16128653,16131582,NO,2929
chr1,27829210,27832773,NO,3563
chr13,111828495,111838440,NO,9945
chr1,10745468,10755718,NO,10250
chr1,86041798,86044959,NO,3161
chr16,85634520,85651086,NO,16566
chr2,111877769,111881268,NO,3499
chr19,1832875,1837123,NO,4248
chr2,74779894,74783936,NO,4042
chr13,111310114,111329628,NO,19514
chr21,44464597,44475105,NO,10508
chr1,68250495,68262932,NO,12437
chr17,40335467,40352204,NO,16737
chr17,19013309,19015696,NO,2387
chr6,33045239,33050674,NO,5435
chr5,39420258,39425858,NO,5600
chr5,217345,221032,NO,3687
chr19,50001620,50005435,NO,3815
chr19,18957958,18962280,NO,4322
chr1,110590879,110600659,NO,9780
chr1,40091217,40118584,NO,27367
chr19,14182270,14186508,NO,4238
chr2,61990659,61992206,NO,1547
chr4,123610,125881,NO,2271
chr3,27521634,27526725,NO,5091
chr19,18155069,18169612,NO,14543
chr3,194735389,194753157,NO,17768
chr17,8315741,8325239,NO,9498
chr22,19072504,19099345,NO,26841
chr19,55002800,55021359,NO,18559
chr7,674658,711679,NO,37021
chr6,152617735,152638027,NO,20292
chr22,46401870,46404765,NO,2895
chr19,19043052,19064708,NO,21656
chr6,164505058,164531530,NO,26472
chr12,94565211,94574641,NO,9430
chr22,20099459,20113963,NO,14504
chr19,13048071,13051723,NO,3652
chr17,941993,959985,NO,17992
chr4,129207588,129210451,NO,2863
chr16,85088124,85107537,NO,19413
chr15,65353178,65381270,NO,28092
chr6,30843932,30854568,NO,10636
chr12,133174851,133181257,NO,6406
chr16,83835501,83848330,NO,12829
chr1,168194609,168214159,NO,19550
chr7,65235072,65236745,NO,1673
chr6,13485592,13488962,NO,3370
chr6,35310008,35339440,NO,29432
chr1,36785725,36790733,NO,5008
chr19,1037425,1041640,NO,4215
chr6,14706710,14730313,NO,23603
chr1,202247186,202274009,NO,26823
chr3,16412894,16443125,NO,30231
chr3,37572399,37601469,NO,29070
chr11,128016858,128065727,NO,48869
chr11,85845547,85873859,NO,28312
chr2,47140496,47143907,NO,3411
chr13,58203387,58209520,NO,6133
chr16,21656040,21669141,NO,13101
chr9,27527404,27540358,NO,12954
chr2,202013038,202023650,NO,10612
chr1,6593997,6608197,NO,14200
chr7,131205916,131230376,NO,24460
chr13,110303446,110308812,NO,5366
chr17,17387419,17419476,NO,32057
chr10,31280019,31301261,NO,21242
chr13,100071851,100087445,NO,15594
chr10,111817917,111846634,NO,28717
chr17,16438449,16440952,NO,2503
chr1,166807392,166814393,NO,7001
chr5,156532561,156542584,NO,10023
chr11,61679124,61692343,NO,13219
chr12,105061948,105082069,NO,20121
chr16,11391335,11423298,NO,31963
chr16,10920518,10923599,NO,3081
chr6,33659897,33668545,NO,8648
chr19,1825766,1829493,NO,3727
chr1,169074591,169085985,NO,11394
chr2,55378816,55391128,NO,12312
chr11,9590570,9597642,NO,7072
chr12,92831338,92841935,NO,10597
chr12,6747100,6754433,NO,7333
chr22,40652545,40686987,NO,34442
chr12,47749493,47756843,NO,7350
chr5,125839011,125868227,NO,29216
chr8,145063442,145066588,NO,3146
chr1,7593799,7615841,NO,22042
chr16,53163064,53166102,NO,3038
chr6,90984215,91007729,NO,23514
chr1,8156998,8213472,NO,56474
chr22,23646654,23649588,NO,2934
chr17,74552569,74554912,NO,2343
chr2,223915482,223923002,NO,7520
chr17,35965846,35970380,NO,4534
chr9,129470070,129486395,NO,16325
chr22,46431064,46433398,NO,2334
chr3,138552074,138564660,NO,12586
chr2,27272369,27275522,NO,3153
chr7,101498996,101502684,NO,3688
chr21,30553326,30591965,NO,38639
chr12,110325171,110328091,NO,2920
chr2,175497282,175500533,NO,3251
chr17,39931207,39950153,NO,18946
chr7,44111592,44115443,NO,3851
chr6,112068390,112087382,NO,18992
chr1,159169358,159176517,NO,7159
chr15,25199836,25202217,NO,2381
chr20,44518579,44522241,NO,3662
chr22,42832004,42841423,NO,9419
chr2,219268901,219272838,NO,3937
chrX,1701888,1712785,NO,10897
chr9,112784028,112813678,NO,29650
chr6,13505188,13535493,NO,30305
chr1,228870365,228874425,NO,4060
chr1,46072695,46095022,NO,22327
chr19,49241477,49245733,NO,4256
chr9,101819572,101822667,NO,3095
chr20,19786937,19812002,NO,25065
chr14,64661175,64685560,NO,24385
chr5,108062716,108064820,NO,2104
chr19,42005127,42008415,NO,3288
chr3,46906122,46917011,NO,10889
chr21,45145232,45149682,NO,4450
chr15,39862082,39875325,NO,13243
chr3,194979136,194981977,NO,2841
chr14,89758967,89775615,NO,16648
chr8,59307834,59311210,NO,3376
chr19,16250195,16261373,NO,11178
chr7,45037773,45041457,NO,3684
chr11,9385051,9386808,NO,1757
chr8,141473800,141475616,NO,1816
chr7,6462545,6476795,NO,14250
chr20,3787291,3789741,NO,2450
chr1,212838523,212863370,NO,24847
chr7,5658786,5684976,NO,26190
chrX,9308054,9321718,NO,13664
chr21,36198816,36219273,NO,20457
chr3,18464802,18467872,NO,3070
chr2,65286326,65309505,NO,23179
chr9,130606749,130613397,NO,6648
chr1,207227390,207245835,NO,18445
chr12,122709595,122711702,NO,2107
chr10,35928470,35933379,NO,4909
chr1,36814244,36819487,NO,5243
chr9,79186118,79187270,NO,1152
chr10,129766481,129790528,NO,24047
chr19,17716302,17731122,NO,14820
chr17,62248541,62281059,NO,32518
chr2,160649968,160659002,NO,9034
chr8,48570875,48574781,NO,3906
chr1,25936344,25969882,NO,33538
chr14,69509227,69527380,NO,18153
chr3,46661123,46677825,NO,16702
chr12,125021769,125036863,NO,15094
chr15,70754869,70802379,NO,47510
chrX,149860607,149865781,NO,5174
chr7,64540942,64542610,NO,1668
chr11,65156223,65160596,NO,4373
chr6,129980725,130009058,NO,28333
chr8,121820731,121824432,NO,3701
chr14,66973847,66976419,NO,2572
chr12,94655090,94662165,NO,7075
chr11,128696909,128708259,NO,11350
chr5,14551459,14596327,NO,44868
chr1,206617527,206646950,NO,29423
chr1,201500008,201513554,NO,13546
chr8,20044310,20058620,NO,14310
chr7,150199447,150214756,NO,15309
chr16,89306942,89328925,NO,21983
chr3,124548753,124580322,NO,31569
chr7,47978732,47986632,NO,7900
chr2,129197753,129207903,NO,10150
chr6,112192375,112195731,NO,3356
chr5,10484816,10514978,NO,30162
chr6,29893443,29895564,NO,2121
chr20,25275572,25305857,NO,30285
chr7,99749177,99757074,NO,7897
chr19,1204797,1208416,NO,3619
chr7,65444652,65456924,NO,12272
chr17,38077160,38086534,NO,9374
chr12,12937315,12940919,NO,3604
chr10,104179769,104183215,NO,3446
chr14,105263132,105268179,NO,5047
chr2,217397934,217405610,NO,7676
chr16,3114509,3119417,NO,4908
chr2,27979543,28003532,NO,23989
chr11,117100500,117104249,NO,3749
chr6,31967146,31971748,NO,4602
chr6,31999883,32004485,NO,4602
chr12,6872380,6877325,NO,4945
chr1,16766406,16777218,NO,10812
chr3,14172155,14188711,NO,16556
chr14,34521698,34530763,NO,9065
chr1,149293795,149300128,NO,6333
chr11,75944855,75947880,NO,3025
chr6,3351064,3368748,NO,17684
chr2,37417436,37424741,NO,7305
chr1,154852691,154861750,NO,9059
chr4,90204990,90238793,NO,33803
chr3,126629498,126653409,NO,23911
chr11,795446,798773,NO,3327
chr14,45602917,45605772,NO,2855
chr3,23846744,23853084,NO,6340
chr19,1213200,1215860,NO,2660
chr15,42075009,42090211,NO,15202
chr20,48270425,48299229,NO,28804
chr22,20772628,20797300,NO,24672
chr18,74256067,74281079,NO,25012
chr16,12894189,12898062,NO,3873
chr17,4900180,4903871,NO,3691
chr6,27832290,27835619,NO,3329
chr4,3374101,3392483,NO,18382
chr1,178019842,178030803,NO,10961
chr21,33892459,33898005,NO,5546
chr22,17648264,17653518,NO,5254
chr7,63385332,63387847,NO,2515
chr11,65867513,65905362,NO,37849
chr7,155382239,155388466,NO,6227
chr17,72508396,72525585,NO,17189
chr7,106708334,106731287,NO,22953
chr2,109829609,109892597,NO,62988
chr16,4740811,4745404,NO,4593
chr16,57562891,57572782,NO,9891
chr1,16018842,16041906,NO,23064
chr20,49404838,49438951,NO,34113
chr20,34203328,34209880,NO,6552
chr17,66340101,66353406,NO,13305
chr22,33195419,33201581,NO,6162
chr12,3947811,3948780,NO,969
chr22,24628194,24644154,NO,15960
chr11,45094734,45125055,NO,30321
chr18,45918662,45937460,NO,18798
chr12,108692109,108710858,NO,18749
chr1,149679339,149685662,NO,6323
chr7,37375751,37395148,NO,19397
chr11,133903182,133934466,NO,31284
chr3,183878428,183895834,NO,17406
chr19,52147325,52155865,NO,8540
chr7,1972211,1991594,NO,19383
chr13,114047462,114078581,NO,31119
chr11,104903993,104918299,NO,14306
chr3,72347210,72360822,NO,13612
chr1,47044623,47061834,NO,17211
chr10,345643,379861,NO,34218
chr1,184112553,184134095,NO,21542
chr2,237836796,237858356,NO,21560
chr16,23508103,23535875,NO,27772
chr17,40463093,40475777,NO,12684
chr10,79311408,79316725,NO,5317
chr9,35645634,35647867,NO,2233
chr1,155212530,155215361,NO,2831
chr8,22441452,22448694,NO,7242
chr1,247373054,247375300,NO,2246
chr6,10518776,10536791,NO,18015
chr19,36133763,36136532,NO,2769
chr1,6051303,6055414,NO,4111
chr5,159713868,159725969,NO,12101
chr20,17804041,17840646,NO,36605
chr6,109263509,109273358,NO,9849
chr5,130693459,130730032,NO,36573
chr3,128266335,128288274,NO,21939
chr9,132310132,132334009,NO,23877
chr6,710312,712154,NO,1842
chr12,123752141,123763481,NO,11340
chr7,150411908,150420131,NO,8223
chr10,71087146,71119964,NO,32818
chr2,97150682,97153196,NO,2514
chr14,21923304,21925407,NO,2103
chr16,11442400,11465010,NO,22610
chr16,4849849,4855100,NO,5251
chr6,157934814,157982934,NO,48120
chr19,14200112,14203373,NO,3261
chr14,24834784,24838845,NO,4061
chr15,101439216,101443965,NO,4749
chr14,105200833,105208599,NO,7766
chr12,123590843,123611964,NO,21121
chr1,28570120,28576370,NO,6250
chr2,230991034,230999822,NO,8788
chr10,102848134,102857414,NO,9280
chr17,1155468,1172574,NO,17106
chr17,36883926,36888667,NO,4741
chr5,176880701,176890216,NO,9515
chr20,3906142,3916389,NO,10247
chr1,159797967,159825522,NO,27555
chr14,81635697,81637624,NO,1927
chr1,214155898,214164121,NO,8223
chr15,85871621,85875657,NO,4036
chr1,12693951,12697605,NO,3654
chr10,33482568,33519556,NO,36988
chr11,1790989,1794908,NO,3919
chr8,37369494,37380628,NO,11134
chr12,113328794,113347527,NO,18733
chr4,40290991,40319784,NO,28793
chrX,46482213,46492988,NO,10775
chr10,32040022,32050150,NO,10128
chr3,58026666,58049335,NO,22669
chr2,161125690,161128555,NO,2865
chr10,97849173,97850629,NO,1456
chr21,30374492,30376003,NO,1511
chr10,18097406,18110342,NO,12936
chr10,17850416,17863370,NO,12954
chrX,133682293,133685813,NO,3520
chr18,56658805,56676220,NO,17415
chr2,233179236,233182353,NO,3117
chr20,36327351,36344417,NO,17066
chr1,87239366,87259470,NO,20104
chr8,144653514,144657225,NO,3711
chr9,120458787,120469457,NO,10670
chr1,8711011,8728278,NO,17267
chr7,130667672,130698410,NO,30738
chr7,151361857,151392953,NO,31096
chr15,39915827,39922415,NO,6588
chr1,27667411,27670720,NO,3309
chr8,101494111,101515288,NO,21177
chr5,90575028,90577715,NO,2687
chr2,217497559,217518767,NO,21208
chr5,67535106,67576086,NO,40980
chr5,74348045,74350787,NO,2742
chr18,9846001,9857622,NO,11621
chr20,44538252,44554187,NO,15935
chr18,20121921,20142790,NO,20869
chr12,52207612,52215692,NO,8080
chr11,76783125,76794577,NO,11452
chr1,209939001,209946305,NO,7304
chr11,46366176,46371145,NO,4969
chr17,75953529,75956105,NO,2576
chr2,75786340,75799010,NO,12670
chr22,28424499,28445384,NO,20885
chr17,71334083,71346402,NO,12319
chr15,83199308,83210339,NO,11031
chr8,125852256,125874543,NO,22287
chr1,48935253,48938854,NO,3601
chr7,148761563,148769814,NO,8251
chr2,105986284,106005985,NO,19701
chr14,71347746,71356001,NO,8255
chr11,65271330,65276601,NO,5271
chr5,88120692,88133100,NO,12408
chr17,6654341,6657481,NO,3140
chr15,65173935,65176848,NO,2913
chr3,115376741,115391358,NO,14617
chr14,59797109,59845394,NO,48285
chr11,11993734,12012752,NO,19018
chr19,17345603,17358065,NO,12462
chr13,99953299,99975726,NO,22427
chr19,3034595,3037153,NO,2558
chr19,41632773,41642980,NO,10207
chr20,1515886,1519562,NO,3676
chr18,13374498,13383836,NO,9338
chr4,186462128,186499102,NO,36974
chr7,123172192,123173386,NO,1194
chr7,2143252,2156998,NO,13746
chr2,39730554,39744919,NO,14365
chr11,75473841,75489412,NO,15571
chr21,43933220,43956660,NO,23440
chr2,241175280,241199900,NO,24620
chr12,96557879,96565126,NO,7247
chr4,6690577,6699195,NO,8618
chr7,35075598,35078247,NO,2649
chr6,131456193,131457784,NO,1591
chr20,326714,329497,NO,2783
chr3,123742049,123753889,NO,11840
chr2,70742509,70752507,NO,9998
chr11,63767894,63776454,NO,8560
chr1,7447665,7450941,NO,3276
chr1,26331652,26363265,NO,31613
chr2,237475754,237486406,NO,10652
chr7,84813839,84817674,NO,3835
chr1,205633252,205649921,NO,16669
chr12,110476527,110487249,NO,10722
chr8,49831902,49834985,NO,3083
chr17,73109866,73122818,NO,12952
chr3,129200191,129245713,NO,45522
chr11,47265979,47277088,NO,11109
chr7,107635539,107645570,NO,10031
chr3,194820713,194832104,NO,11391
chr17,17001390,17030641,NO,29251
chr14,21541807,21548750,NO,6943
chr8,142274617,142289663,NO,15046
chr2,158268051,158279009,NO,10958
chr1,55779798,55800465,NO,20667
chr3,71176012,71181582,NO,5570
chr21,35303770,35323098,NO,19328
chr7,92346827,92354150,NO,7323
chr17,74710870,74713913,NO,3043
chr3,37493045,37500461,NO,7416
chr16,67216800,67220893,NO,4093
chr1,2335363,2348066,NO,12703
chr2,240421351,240424650,NO,3299
chr20,61583397,61586569,NO,3172
chr15,35982377,35998841,NO,16464
chr10,4092734,4129281,NO,36547
chr16,3172651,3180354,NO,7703
chr1,8997994,9009699,NO,11705
chr1,1286690,1297921,NO,11231
chr19,2421815,2426411,NO,4596
chr2,40677020,40683315,NO,6295
chr12,29934124,29937814,NO,3690
chr2,74641363,74653686,NO,12323
chr18,7368139,7372266,NO,4127
chr10,6309144,6318290,NO,9146
chr2,26943071,26948919,NO,5848
chr19,49989798,49993683,NO,3885
chr15,55512801,55522832,NO,10031
chr21,38629274,38631361,NO,2087
chr3,184522335,184532841,NO,10506
chr1,2219722,2224553,NO,4831
chr2,218992778,219035233,NO,42455
chr1,41846724,41849232,NO,2508
chr4,3039537,3061372,NO,21835
chr19,11678689,11695329,NO,16640
chr9,132144568,132146950,NO,2382
chr10,94502106,94520867,NO,18761
chr10,30776900,30795706,NO,18806
chr6,88426668,88442779,NO,16111
chr17,128443,159538,NO,31095
chr4,186123022,186126232,NO,3210
chr13,44705981,44717086,NO,11105
chr6,123109690,123112713,NO,3023
chr1,25565546,25567483,NO,1937
chr22,33150382,33162308,NO,11926
chr5,131720820,131726246,NO,5426
chr21,18983107,18986138,NO,3031
chr15,81315115,81332477,NO,17362
chr19,1243602,1246943,NO,3341
chr12,662356,686171,NO,23815
chr1,65466477,65469466,NO,2989
chr7,65957743,65971394,NO,13651
chr17,26310256,26316362,NO,6106
chr7,142959738,142962537,NO,2799
chr19,24215680,24217542,NO,1862
chr15,94772793,94778221,NO,5428
chr2,159823857,159827784,NO,3927
chr5,66299480,66312066,NO,12586
chr20,48836243,48843703,NO,7460
chr3,141398293,141410167,NO,11874
chr2,26521010,26523798,NO,2788
chr19,14191365,14193534,NO,2169
chr2,232347140,232349350,NO,2210
chr1,179783432,179796208,NO,12776
chr7,139552872,139602349,NO,49477
chr12,7045483,7048601,NO,3118
chr3,79066379,79069212,NO,2833
chr16,30816416,30826640,NO,10224
chr11,65637472,65641749,NO,4277
chr16,29159577,29170073,NO,10496
chr12,47600384,47617940,NO,17556
chr14,78046707,78074649,NO,27942
chr20,6746748,6751484,NO,4736
chr14,72002768,72023953,NO,21185
chr13,47229599,47259543,NO,29944
chr22,24246491,24262671,NO,16180
chr14,50548453,50563562,NO,15109
chrX,148584251,148587480,NO,3229
chrX,48774309,48778308,NO,3999
chr7,150253236,150267746,NO,14510
chr7,134375125,134390067,NO,14942
chr7,150019384,150022972,NO,3588
chr12,125322232,125340478,NO,18246
chr10,125648986,125652021,NO,3035
chr10,31072476,31075333,NO,2857
chr12,133237825,133254958,NO,17133
chr16,2672839,2696053,NO,23214
chr1,1259523,1262715,NO,3192
chr5,138720057,138728782,NO,8725
chr20,49087069,49101481,NO,14412
chr18,43913470,43925427,NO,11957
chr12,109489757,109492463,NO,2706
chr15,74460577,74473507,NO,12930
chr17,79122759,79135133,NO,12374
chr3,138066330,138069718,NO,3388
chr20,35961730,35986534,NO,24804
chr19,46143988,46146629,NO,2641
chr20,20687529,20694246,NO,6717
chr17,57230736,57233764,NO,3028
chr1,150846819,150854167,NO,7348
chr5,52020229,52053431,NO,33202
chr11,15597966,15603131,NO,5165
chrX,149713300,149717161,NO,3861
chr9,137529419,137537878,NO,8459
chr2,10950395,10955361,NO,4966
chr5,126143691,126150750,NO,7059
chr11,12830942,12864396,NO,33454
chr1,161469260,161483987,NO,14727
chr2,86151416,86176579,NO,25163
chr11,46293273,46318172,NO,24899
chr17,57860104,57882811,NO,22707
chr7,87847375,87850815,NO,3440
chr2,97522593,97527958,NO,5365
chr12,32409117,32427281,NO,18164
chr16,85016037,85039897,NO,23860
chr14,90185739,90197484,NO,11745
chr17,66307370,66311780,NO,4410
chr6,106610737,106613181,NO,2444
chr11,65541348,65546060,NO,4712
chr12,94134428,94143344,NO,8916
chr14,50801131,50813381,NO,12250
chr16,85058727,85064092,NO,5365
chr1,110031072,110045320,NO,14248
chr9,130622182,130625922,NO,3740
chr11,125084141,125138866,NO,54725
chr2,12927969,12976561,NO,48592
chr17,28087134,28089071,NO,1937
chr9,107752837,107756532,NO,3695
chr1,100981356,101006035,NO,24679
chr2,220077462,220090895,NO,13433
chr5,151117544,151130099,NO,12555
chr9,20619720,20624235,NO,4515
chr1,89660767,89667356,NO,6589
chr17,79423228,79455871,NO,32643
chr6,32095112,32098680,NO,3568
chr14,65536639,65548830,NO,12191
chr5,17435527,17446515,NO,10988
chr9,129081966,129111723,NO,29757
chr8,141598081,141609446,NO,11365
chr6,150215956,150219494,NO,3538
chr19,38510915,38540773,NO,29858
chr17,3613797,3644432,NO,30635
chr19,46219428,46222289,NO,2861
chr16,3135786,3139390,NO,3604
chr16,55825150,55839682,NO,14532
chr1,209845633,209849675,NO,4042
chr13,34215089,34219872,NO,4783
chr1,173375594,173399701,NO,24107
chr16,709992,725301,NO,15309
chr10,62052578,62084165,NO,31587
chr6,36965707,36997905,NO,32198
chr3,29321897,29327629,NO,5732
chr19,1264258,1267644,NO,3386
chr14,55117052,55135280,NO,18228
chr9,38046221,38070167,NO,23946
chr19,4645629,4658173,NO,12544
chr1,42356244,42368628,NO,12384
chr1,228122308,228135925,NO,13617
chr6,137104380,137110586,NO,6206
chr4,79550898,79589352,NO,38454
chr20,3993847,4005242,NO,11395
chr12,103969168,103996244,NO,27076
chrX,153647566,153660539,NO,12973
chr19,54813752,54831033,NO,17281
chr19,50054454,50075298,NO,20844
chr6,19836691,19852321,NO,15630
chr17,77003441,77006826,NO,3385
chr7,55132253,55169170,NO,36917
chr19,40938359,40940625,NO,2266
chr8,8188318,8206192,NO,17874
chr4,153020723,153038003,NO,17280
chr3,141514798,141517605,NO,2807
chr10,28688121,28692607,NO,4486
chr9,71160442,71175876,NO,15434
chr10,132098343,132100396,NO,2053
chr3,14243986,14276946,NO,32960
chr5,133457348,133487003,NO,29655
chr2,8595323,8628328,NO,33005
chr16,68669444,68692871,NO,23427
chr6,150772679,150778362,NO,5683
chr21,30449126,30453840,NO,4714
chr2,69429412,69464928,NO,35516
chr2,19546939,19548563,NO,1624
chr5,148799036,148804741,NO,5705
chr8,8726976,8759495,NO,32519
chr4,141611330,141643410,NO,32080
chr16,4232593,4234516,NO,1923
chr19,1149427,1153212,NO,3785
chr7,73891777,73896253,NO,4476
chr5,71603178,71605008,NO,1830
chr19,50918074,50935924,NO,17850
chr14,73928160,73934629,NO,6469
chr5,148828904,148833627,NO,4723
chr15,38360745,38378758,NO,18013
chr9,130677185,130682667,NO,5482
chr2,97546678,97552783,NO,6105
chr11,94839682,94844038,NO,4356
chr4,20252459,20257340,NO,4881
chr17,55517139,55556689,NO,39550
chr19,8036142,8052854,NO,16712
chr21,40278515,40303966,NO,25451
chr3,40493795,40495539,NO,1744
chr2,27300506,27305541,NO,5035
chr7,2835752,2863271,NO,27519
chr1,172349865,172369674,NO,19809
chr20,61946307,61977788,NO,31481
chr9,115911228,115918427,NO,7199
chr20,62402864,62406139,NO,3275
chr6,170352113,170366137,NO,14024
chr10,26757561,26781400,NO,23839
chr18,45528610,45536005,NO,7395
chr6,18387013,18414093,NO,27080
chr22,44576579,44579500,NO,2921
chr7,6116657,6121579,NO,4922
chr15,56534908,56538582,NO,3674
chr7,28108490,28129302,NO,20812
chr17,79054808,79071853,NO,17045
chr22,31001238,31006642,NO,5404
chr14,78008486,78032287,NO,23801
chr21,27541122,27543768,NO,2646
chr12,94598209,94603514,NO,5305
chr1,150520904,150526490,NO,5586
chr17,41790879,41812044,NO,21165
chr3,122477487,122493693,NO,16206
chr22,30719722,30723843,NO,4121
chr16,3903812,3912726,NO,8914
chr3,32498174,32526771,NO,28597
chr14,31888700,31890534,NO,1834
chr13,98627752,98629951,NO,2199
chr22,18313306,18330300,NO,16994
chr7,27181158,27183448,NO,2290
chr8,145001816,145005599,NO,3783
chr14,50854647,50864781,NO,10134
chr15,91456461,91460401,NO,3940
chr22,18427791,18456577,NO,28786
chr19,44028849,44032362,NO,3513
chr1,153537708,153541041,NO,3333
chr2,190538323,190540213,NO,1890
chr10,23383600,23389556,NO,5956
chr9,15293943,15300642,NO,6699
chr18,22799895,22820212,NO,20317
chr2,144685467,144699061,NO,13594
chr22,22169539,22178790,NO,9251
chrX,149673921,149678073,NO,4152
chr9,136108968,136114950,NO,5982
chr20,31152321,31173290,NO,20969
chr7,47353358,47370413,NO,17055
chr12,125093150,125112120,NO,18970
chr20,52353384,52371447,NO,18063
chr9,112728105,112737534,NO,9429
chr22,29425886,29429330,NO,3444
chr15,77471045,77485155,NO,14110
chr2,208099608,208105904,NO,6296
chr15,51447097,51484564,NO,37467
chr1,234879157,234915180,NO,36023
chr11,8738554,8745696,NO,7142
chr14,75405378,75409645,NO,4267
chr3,128326206,128339691,NO,13485
chr2,136964311,136998227,NO,33916
chr18,47810606,47814878,NO,4272
chr14,77540435,77549907,NO,9472
chr2,128919864,128928222,NO,8358
chr7,101458359,101467108,NO,8749
chr17,41380323,41394102,NO,13779
chr15,60651532,60665063,NO,13531
chr15,22447606,22467057,NO,19451
chr3,187566303,187571392,NO,5089
chr19,3968055,3971912,NO,3857
chr6,90925292,90949320,NO,24028
chr2,64926011,64959582,NO,33571
chr8,22931078,22949266,NO,18188
chr16,30461773,30485784,NO,24011
chr2,136757984,136789709,NO,31725
chr17,20900717,20909708,NO,8991
chr3,58335212,58342461,NO,7249
chr10,80059120,80063785,NO,4665
chr17,38753540,38772308,NO,18768
chr1,26634658,26648420,NO,13762
chr19,53625766,53634345,NO,8579
chr16,429623,434898,NO,5275
chr13,110777968,110791683,NO,13715
chr9,136391748,136442890,NO,51142
chr1,16075424,16088735,NO,13311
chr16,28610324,28625584,NO,15260
chr17,41170095,41174858,NO,4763
chr20,44573678,44578502,NO,4824
chr3,120274092,120279298,NO,5206
chr16,87420989,87423335,NO,2346
chr2,11883984,11895086,NO,11102
chr22,38652433,38666906,NO,14473
chr8,10573102,10588895,NO,15793
chr6,52355711,52383476,NO,27765
chr22,20007709,20010809,NO,3100
chr11,94656771,94672535,NO,15764
chr16,21831126,21833079,NO,1953
chr19,45577548,45580649,NO,3101
chr18,33160603,33162652,NO,2049
chr13,42613574,42616200,NO,2626
chr19,13971462,13973503,NO,2041
chr7,116213222,116234605,NO,21383
chr14,71865152,71886835,NO,21683
chr16,10646553,10654140,NO,7587
chrX,129064632,129067295,NO,2663
chr11,78000606,78005242,NO,4636
chr10,105516424,105532912,NO,16488
chr11,47936125,47940599,NO,4474
chr17,29635182,29646231,NO,11049
chr11,61786494,61801443,NO,14949
chr22,50219560,50232877,NO,13317
chr20,23603177,23611563,NO,8386
chr1,2242363,2247471,NO,5108
chr6,43635132,43642914,NO,7782
chr9,130586139,130592644,NO,6505
chr6,32048396,32061902,NO,13506
chr15,58429836,58440250,NO,10414
chr1,206910188,206946757,NO,36569
chrX,2402259,2419554,NO,17295
chr2,20723272,20740033,NO,16761
chr2,46113015,46120567,NO,7552
chr1,26120220,26134818,NO,14598
chr3,4855889,4876407,NO,20518
chr7,26437041,26439380,NO,2339
chr13,114199279,114208759,NO,9480
chr2,237875802,237898602,NO,22800
chr3,169719289,169725604,NO,6315
chr1,9775248,9791517,NO,16269
chr2,69533125,69538247,NO,5122
chr16,85253485,85270399,NO,16914
chr12,110510673,110518307,NO,7634
chr20,46034735,46046365,NO,11630
chr18,77213253,77227291,NO,14038
chr13,33923457,33928425,NO,4968
chr6,149079255,149083574,NO,4319
chr3,9956123,9959455,NO,3332
chr15,65145500,65150773,NO,5273
chr18,13562566,13580346,NO,17780
chr19,41801915,41806885,NO,4970
chr4,174331731,174340019,NO,8288
chr11,27222736,27240513,NO,17777
chr4,1570433,1583368,NO,12935
chr16,22434673,22440755,NO,6082
chr13,40760896,40781948,NO,21052
chr8,49426045,49428963,NO,2918
chr10,31870446,31893314,NO,22868
chr2,55449955,55456004,NO,6049
chr1,167511651,167533606,NO,21955
chr1,40804192,40819182,NO,14990
chr4,113062930,113069327,NO,6397
chr20,62327123,62333847,NO,6724
chr1,57042406,57045675,NO,3269
chr16,57331740,57334718,NO,2978
chr11,65267438,65269951,NO,2513
chr3,4781315,4784496,NO,3181
chr6,113951826,113956898,NO,5072
chr10,73356069,73359331,NO,3262
chr18,71934802,71957076,NO,22274
chr4,96460092,96471995,NO,11903
chr1,153669402,153672076,NO,2674
chr6,42219049,42231030,NO,11981
chr6,159274044,159291897,NO,17853
chr1,148555411,148557145,NO,1734
chr10,45868654,45876693,NO,8039
chrX,154027173,154031772,NO,4599
chr19,37463183,37478924,NO,15741
chr2,30555807,30589824,NO,34017
chr16,57680101,57704157,NO,24056
chr22,19973707,19979596,NO,5889
chr15,91107103,91142378,NO,35275
chr10,52750398,52753888,NO,3490
chr14,97053226,97061565,NO,8339
chr19,37794556,37809502,NO,14946
chr17,25646403,25661052,NO,14649
chr2,106884254,106900532,NO,16278
chr4,53707544,53736370,NO,28826
chr1,9472718,9502266,NO,29548
chr17,43485342,43491040,NO,5698
chr7,940517,971381,NO,30864
chr7,152536614,152539571,NO,2957
chr11,128159928,128175947,NO,16019
chr2,47496165,47502362,NO,6197
chr11,76509456,76548403,NO,38947
chr17,45578910,45590072,NO,11162
chr13,51720839,51730685,NO,9846
chr20,46355387,46378297,NO,22910
chr8,17511024,17533035,NO,22011
chr20,47283939,47303775,NO,19836
chr12,12959701,12962664,NO,2963
chr19,49227239,49230850,NO,3611
chr7,149964217,149967442,NO,3225
chr3,13931222,13938347,NO,7125
chr10,73118836,73139090,NO,20254
chr17,65417598,65449966,NO,32368
chr20,62669602,62674222,NO,4620
chr15,44063203,44070261,NO,7058
chr19,13054295,13058067,NO,3772
chr20,32261614,32264299,NO,2685
chr22,24786370,24800910,NO,14540
chr14,99726810,99740378,NO,13568
chr22,17697278,17725280,NO,28002
chr3,25490181,25514044,NO,23863
chr6,33215982,33218176,NO,2194
chr16,15752557,15768286,NO,15729
chr1,7486875,7516300,NO,29425
chr2,235886752,235898491,NO,11739
chr16,31361189,31364782,NO,3593
chr22,30713222,30718145,NO,4923
chr1,23719693,23722721,NO,3028
chr20,39122168,39135598,NO,13430
chr3,119040936,119043081,NO,2145
chr19,3536525,3555377,NO,18852
chr15,86159838,86169286,NO,9448
chr17,36432531,36443640,NO,11109
chr16,67491193,67494780,NO,3587
chr22,36422352,36425847,NO,3495
chr14,100056733,100069110,NO,12377
chr8,145049887,145053341,NO,3454
chr3,73159612,73160333,NO,721
chr17,4692552,4694367,NO,1815
chr3,16882896,16892075,NO,9179
chr4,41361986,41366220,NO,4234
chr18,11946541,11948486,NO,1945
chr3,69589818,69608745,NO,18927
chr5,176540881,176556671,NO,15790
chr18,25755036,25758656,NO,3620
chr11,60808924,60851538,NO,42614
chr22,29531440,29549799,NO,18359
chr3,126247152,126259990,NO,12838
chr19,10971698,10988130,NO,16432
chr22,18049243,18061588,NO,12345
chr4,1193732,1197644,NO,3912
chr18,46064619,46068451,NO,3832
chr19,47315920,47328918,NO,12998
chr22,35723520,35727333,NO,3813
chr11,65170623,65173638,NO,3015
chr5,148784399,148790067,NO,5668
chr11,73490078,73491317,NO,1239
chr1,42127299,42151006,NO,23707
chr6,33712548,33740161,NO,27613
chr19,41724052,41733035,NO,8983
chr1,155162160,155166228,NO,4068
chr12,96493243,96538754,NO,45511
chr13,111854294,111871121,NO,16827
chr19,7098586,7100087,NO,1501
chr3,37901194,37905855,NO,4661
chr16,4554774,4566641,NO,11867
chr9,123495241,123500661,NO,5420
chr3,13454858,13458533,NO,3675
chr5,131592673,131602333,NO,9660
chr21,44897206,44900296,NO,3090
chr4,74736893,74770398,NO,33505
chr3,134164758,134184230,NO,19472
chr11,119598849,119601562,NO,2713
chr16,11169799,11200054,NO,30255
chr19,2030727,2034442,NO,3715
chr6,33538263,33540644,NO,2381
chr5,107004386,107009690,NO,5304
chr2,38078069,38084249,NO,6180
chr7,90223966,90227017,NO,3051
chr12,13347177,13352772,NO,5595
chrX,154840362,154843113,NO,2751
chr13,51803737,51827553,NO,23816
chr20,17854135,17878093,NO,23958
chr1,203594444,203599456,NO,5012
chr1,118138791,118150671,NO,11880
chr4,38311942,38334915,NO,22973
chr17,33539341,33553053,NO,13712
chr1,216773423,216775274,NO,1851
chr16,89571141,89573063,NO,1922
chr16,67138706,67151146,NO,12440
chr22,29807655,29818165,NO,10510
chr20,56322682,56325799,NO,3117
chr10,13343215,13344944,NO,1729
chr1,160751186,160768480,NO,17294
chr2,232257599,232272631,NO,15032
chr17,17771616,17782513,NO,10897
chrX,153743427,153746603,NO,3176
chr20,62477322,62480427,NO,3105
chr14,73079535,73085972,NO,6437
chr19,38465833,38497171,NO,31338
chr10,101797254,101806010,NO,8756
chr8,28910056,28924021,NO,13965
chr5,51985268,52007468,NO,22200
chr19,847501,873227,NO,25726
chr8,33369770,33383010,NO,13240
chr3,57929427,57946251,NO,16824
chr5,14397583,14419068,NO,21485
chr8,27533327,27561410,NO,28083
chr1,2120337,2122717,NO,2380
chr16,67522366,67526725,NO,4359
chr20,3764863,3767755,NO,2892
chr3,171684400,171703401,NO,19001
chr22,43389480,43398370,NO,8890
chr11,56839425,56867876,NO,28451
chr6,14093953,14124849,NO,30896
chr7,128093791,128096626,NO,2835
chr19,39107642,39110784,NO,3142
chr11,45679274,45687703,NO,8429
chr1,23503151,23505609,NO,2458
chr2,218842482,218865066,NO,22584
chr12,52364484,52371424,NO,6940
chr19,14582658,14591717,NO,9059
chr12,54751913,54773684,NO,21771
chr6,26304814,26322993,NO,18179
chr22,20018719,20023366,NO,4647
chr2,231088374,231091448,NO,3074
chrX,70826415,70843819,NO,17404
chr7,22881608,22912513,NO,30905
chr10,11855188,11867906,NO,12718
chr8,126613360,126623687,NO,10327
chr8,10207227,10221440,NO,14213
chr9,84199845,84228760,NO,28915
chr15,92398985,92411645,NO,12660
chr10,63746491,63761543,NO,15052
chr3,42679765,42697413,NO,17648
chrX,19858981,19893888,NO,34907
chr12,94541522,94552260,NO,10738
chr2,128641880,128645719,NO,3839
chr13,27844328,27850557,NO,6229
chr10,104208857,104211629,NO,2772
chr17,33672270,33674561,NO,2291
chr12,122346305,122363753,NO,17448
chr12,123624583,123636456,NO,11873
chr1,41161819,41179876,NO,18057
chr1,207668675,207671797,NO,3122
chr8,59221502,59229392,NO,7890
chr1,144593105,144594818,NO,1713
chr3,56782703,56793159,NO,10456
chr5,39256245,39275832,NO,19587
chr1,158769494,158789799,NO,20305
chr19,2677542,2700076,NO,22534
chr2,46391474,46428403,NO,36929
chr6,44020826,44028016,NO,7190
chr7,100040315,100044497,NO,4182
chr4,154439148,154453420,NO,14272
chr7,151620018,151633883,NO,13865
chr20,40321017,40322864,NO,1847
chr11,3963487,3973250,NO,9763
chr3,110788788,110791878,NO,3090
chr2,28938223,28941112,NO,2889
chr3,58310753,58322385,NO,11632
chr10,12283381,12287456,NO,4075
chr1,231108212,231115620,NO,7408
chr7,77647894,77650213,NO,2319
chr9,35688833,35692449,NO,3616
chr19,13317568,13320565,NO,2997
chr16,16070144,16102024,NO,31880
chr2,103037867,103060522,NO,22655
chr11,68137759,68150451,NO,12692
chr4,184679813,184688119,NO,8306
chr1,227001691,227016312,NO,14621
chr1,32965434,32968220,NO,2786
chr6,56404905,56408389,NO,3484
chr14,70338863,70346840,NO,7977
chr2,159940702,159956470,NO,15768
chr17,80723247,80766012,NO,42765
chr12,6999471,7009945,NO,10474
chr10,126687164,126707095,NO,19931
chr19,39615714,39635845,NO,20131
chr3,9796036,9823677,NO,27641
chr19,12991351,12996991,NO,5640
chr7,73670621,73695010,NO,24389
chr7,76588719,76593856,NO,5137
chr9,130953082,130955947,NO,2865
chr5,148667580,148685057,NO,17477
chr9,74907280,74922251,NO,14971
chr17,29894710,29910004,NO,15294
chr17,7451546,7454429,NO,2883
chr11,8750048,8755888,NO,5840
chr16,58505036,58512035,NO,6999
chr8,129060230,129067122,NO,6892
chr1,8261447,8300019,NO,38572
chr22,25348016,25388305,NO,40289
chr1,89725051,89753738,NO,28687
chr11,64106436,64110579,NO,4143
chr8,42149019,42158108,NO,9089
chr11,10948560,10956122,NO,7562
chr16,4394595,4398137,NO,3542
chr20,6680244,6685209,NO,4965
chr10,50384941,50399389,NO,14448
chr14,105257817,105262892,NO,5075
chr19,42591710,42598788,NO,7078
chr20,39945277,39959089,NO,13812
chr1,101756752,101778186,NO,21434
chr1,6307940,6321902,NO,13962
chr1,1092836,1094554,NO,1718
chrX,114794470,114797358,NO,2888
chr7,44296347,44300247,NO,3900
chr22,46676132,46689884,NO,13752
chr14,54419480,54424101,NO,4621
chr2,228270963,228281994,NO,11031
chr19,908088,910342,NO,2254
chr3,37533325,37553462,NO,20137
chr1,235242113,235247898,NO,5785
chr11,35097599,35109952,NO,12353
chr9,37416542,37434808,NO,18266
chr3,174157530,174159819,NO,2289
chr3,187669374,187687590,NO,18216
chr16,3998967,4013721,NO,14754
chr2,237779765,237799994,NO,20229
chr3,97539960,97541906,NO,1946
chr22,20817207,20819470,NO,2263
chr22,43138544,43149230,NO,10686
chr12,92896471,92901089,NO,4618
chr14,77181271,77194174,NO,12903
chr11,96026599,96048480,NO,21881
chr12,50604328,50616704,NO,12376
chr16,69429945,69452365,NO,22420
chr10,13143649,13159185,NO,15536
chr21,35570172,35575830,NO,5658
chr20,35168707,35179883,NO,11176
chr14,105659124,105686317,NO,27193
chr16,70048283,70060895,NO,12612
chr12,52240204,52246267,NO,6063
chr22,18573746,18575882,NO,2136
chr15,70090532,70101788,NO,11256
chr11,46400181,46404207,NO,4026
chr10,96032433,96037966,NO,5533
chr1,185342708,185347093,NO,4385
chr6,167069276,167078632,NO,9356
chr21,38935305,38937449,NO,2144
chr4,153556898,153567180,NO,10282
chr11,6765908,6768842,NO,2934
chr12,109575031,109599034,NO,24003
chr9,135247279,135259322,NO,12043
chr14,23247128,23261038,NO,13910
chr20,49596487,49601023,NO,4536
chr6,56707395,56717402,NO,10007
chr22,42957699,42983925,NO,26226
chr20,8405623,8416571,NO,10948
chr20,42697011,42704714,NO,7703
chr6,158980306,158989813,NO,9507
chr5,66460553,66463114,NO,2561
chr8,29379765,29389357,NO,9592
chr11,74171075,74174405,NO,3330
chr11,111781521,111785632,NO,4111
chr18,74177777,74189786,NO,12009
chr3,49207893,49212270,NO,4377
chr15,52512873,52528737,NO,15864
chr7,29124573,29180516,NO,55943
chr17,25675612,25681673,NO,6061
chr1,182745738,182765871,NO,20133
chr3,131103830,131107095,NO,3265
chr20,24960259,24970631,NO,10372
chr1,53100941,53104279,NO,3338
chr8,125574925,125578275,NO,3350
chr14,24162050,24172374,NO,10324
chr19,4909856,4933951,NO,24095
chr14,68698904,68718676,NO,19772
chr16,57168124,57201290,NO,33166
chr22,39472029,39475488,NO,3459
chr12,31144909,31183021,NO,38112
chr3,8477855,8502428,NO,24573
chr6,34239584,34268613,NO,29029
chr11,59948827,59962712,NO,13885
chr22,46462353,46464147,NO,1794
chr10,112134998,112159513,NO,24515
chr5,10625480,10636306,NO,10826
chr17,3789777,3799062,NO,9285
chr5,118606519,118626515,NO,19996
chr8,49493328,49513354,NO,20026
chr8,131108798,131119369,NO,10571
chr1,17386343,17394977,NO,8634
chr1,205550648,205569287,NO,18639
chr13,47160853,47181510,NO,20657
chr11,64755413,64762138,NO,6725
chr9,113796613,113801770,NO,5157
chr3,25468871,25475851,NO,6980
chr16,29749250,29758563,NO,9313
chr9,127181831,127192238,NO,10407
chr12,51417496,51420783,NO,3287
chr4,111116836,111120048,NO,3212
chr15,95556637,95567960,NO,11323
chr9,129231245,129234804,NO,3559
chr16,89766064,89769129,NO,3065
chr15,90943593,90958323,NO,14730
chr3,13303336,13324427,NO,21091
chr21,44122564,44126143,NO,3579
chr1,38939454,38948561,NO,9107
chr10,73395170,73399448,NO,4278
chr13,103450709,103456628,NO,5919
chr20,57720905,57753602,NO,32697
chr1,92149813,92162746,NO,12933
chr2,25320079,25322642,NO,2563
chr12,75866071,75876970,NO,10899
chr2,38631993,38635370,NO,3377
chr8,128911637,128941584,NO,29947
chr12,6431736,6435230,NO,3494
chr1,8762137,8773416,NO,11279
chr1,55350906,55359466,NO,8560
chr20,49254790,49279243,NO,24453
chr12,56913482,56921216,NO,7734
chr2,60577844,60584091,NO,6247
chr19,45705604,45719914,NO,14310
chr12,89605987,89646617,NO,40630
chr12,104989592,105009573,NO,19981
chr1,101184831,101201302,NO,16471
chr17,46917502,46921391,NO,3889
chr17,2611988,2627749,NO,15761
chr1,26187749,26203139,NO,15390
chr13,96358670,96367757,NO,9087
chr19,18502382,18505901,NO,3519
chr19,35609308,35616331,NO,7023
chr2,232406227,232422921,NO,16694
chr1,1825660,1859669,NO,34009
chr12,53691248,53694536,NO,3288
chr6,52458889,52469037,NO,10148
chr16,29188426,29196860,NO,8434
chr12,2725252,2754870,NO,29618
chr22,29755417,29766082,NO,10665
chr2,5765521,5771123,NO,5602
chr2,173193654,173207808,NO,14154
chr11,86641737,86664596,NO,22859
chr17,62057387,62065116,NO,7729
chr5,159687557,159699459,NO,11902
chr15,75107179,75111096,NO,3917
chr11,61598329,61603899,NO,5570
chr12,6472050,6473826,NO,1776
chr21,15892730,15923077,NO,30347
chr5,53966088,53970486,NO,4398
chr16,71597769,71600684,NO,2915
chr3,138084248,138109713,NO,25465
chr6,53100575,53110633,NO,10058
chrX,70390681,70403255,NO,12574
chr5,76241511,76255012,NO,13501
chr7,107918873,107951800,NO,32927
chr6,167410798,167413641,NO,2843
chr7,157179463,157192332,NO,12869
chr9,129784147,129817218,NO,33071
chr1,110626327,110641715,NO,15388
chr16,2131659,2142300,NO,10641
chr1,155057064,155058753,NO,1689
chr5,173334584,173369375,NO,34791
chr6,148683996,148690550,NO,6554
chr22,25573519,25575635,NO,2116
chr9,132519148,132540427,NO,21279
chr6,24856945,24860369,NO,3424
chr12,117498475,117508933,NO,10458
chr5,90596988,90610857,NO,13869
chr10,29969746,29977874,NO,8128
chr19,56002531,56006805,NO,4274
chr6,87861141,87862791,NO,1650
chr6,12277364,12296687,NO,19323
chr6,7042500,7053667,NO,11167
chr9,130635042,130640722,NO,5680
chr10,64575470,64578222,NO,2752
chr15,74606821,74619815,NO,12994
chr13,113631581,113638586,NO,7005
chr7,37703041,37735315,NO,32274
chr6,46018296,46031789,NO,13493
chr3,141365465,141383854,NO,18389
chrX,13160837,13186412,NO,25575
chr9,36993379,37004694,NO,11315
chr14,23315112,23319641,NO,4529
chr12,122459154,122468937,NO,9783
chr17,28664426,28704518,NO,40092
chr11,119210321,119213092,NO,2771
chr16,30757587,30771348,NO,13761
chr19,14662114,14685929,NO,23815
chr17,72303888,72314080,NO,10192
chr4,6658969,6666188,NO,7219
chr9,35755999,35758077,NO,2078
chr7,6673870,6680143,NO,6273
chrX,166005,200734,NO,34729
chr9,126674594,126693013,NO,18419
chr19,41266002,41272129,NO,6127
chr7,97739321,97763765,NO,24444
chr19,50533244,50536936,NO,3692
chr2,47038433,47046310,NO,7877
chr1,44692572,44730615,NO,38043
chr5,159190455,159226177,NO,35722
chr2,179387190,179396876,NO,9686
chr7,99588721,99596108,NO,7387
chr21,19151776,19168186,NO,16410
chr18,30348586,30352739,NO,4153
chr7,50849881,50861993,NO,12112
chr9,92269804,92277981,NO,8177
chr1,36830712,36833611,NO,2899
chr15,101777321,101785738,NO,8417
chr17,46631517,46638126,NO,6609
chr3,69369866,69403104,NO,33238
chr16,66773332,66776874,NO,3542
chrX,38495404,38522141,NO,26737
chr2,99438573,99450957,NO,12384
chr4,84032827,84072336,NO,39509
chrX,53709579,53711882,NO,2303
chr15,31763698,31776567,NO,12869
chr5,146860857,146885666,NO,24809
chr6,32570200,32591920,NO,21720
chr17,17343765,17351786,NO,8021
chr19,3658237,3684939,NO,26702
chr7,73440865,73448896,NO,8031
chr1,17408549,17426867,NO,18318
chr12,2348254,2361092,NO,12838
chr2,190416466,190442448,NO,25982
chr7,50460736,50485324,NO,24588
chr19,2149546,2152618,NO,3072
chr9,131464441,131467167,NO,2726
chr8,125207342,125222627,NO,15285
chr6,166049810,166063211,NO,13401
chr6,29617101,29618236,NO,1135
chr3,13693089,13697675,NO,4586
chr1,28481252,28503872,NO,22620
chr20,62418096,62422690,NO,4594
chr10,13873356,13896696,NO,23340
chr3,187975530,187990210,NO,14680
chr7,76211805,76221611,NO,9806
chr1,10796685,10823332,NO,26647
chr8,143812998,143821600,NO,8602
chr4,184747068,184755773,NO,8705
chr22,47365413,47368678,NO,3265
chr5,150500933,150514743,NO,13810
chr1,200320786,200337921,NO,17135
chr3,188134772,188165011,NO,30239
chr5,176520273,176526557,NO,6284
chr19,38809046,38814499,NO,5453
chr20,34066961,34080496,NO,13535
chr14,100202951,100226484,NO,23533
chr1,236134366,236148082,NO,13716
chr22,46391552,46395388,NO,3836
chr1,236161965,236185205,NO,23240
chr1,54683425,54687538,NO,4113
chr7,12753145,12760613,NO,7468
chr11,6212705,6225008,NO,12303
chr8,11056623,11059618,NO,2995
chr8,142216072,142220231,NO,4159
chr1,244482329,244488746,NO,6417
chr15,45340315,45362891,NO,22576
chr2,3948568,3962464,NO,13896
chr22,19873647,19880608,NO,6961
chr15,67305643,67323179,NO,17536
chr16,75549745,75551680,NO,1935
chr17,17286826,17324941,NO,38115
chr8,131054015,131059240,NO,5225
chr7,139928830,139932259,NO,3429
chr20,42567857,42584863,NO,17006
chr7,6542921,6544651,NO,1730
chr1,211589390,211590638,NO,1248
chr8,25139768,25152715,NO,12947
chr19,49630785,49654993,NO,24208
chr17,7338561,7342166,NO,3605
chr10,132879527,132899797,NO,20270
chr13,113824826,113841929,NO,17103
chr1,161274695,161277505,NO,2810
chr11,63298640,63306378,NO,7738
chr4,140819381,140846567,NO,27186
chr9,35510174,35531705,NO,21531
chr6,167751427,167765590,NO,14163
chr15,30762671,30763723,NO,1052
chr1,109932045,109941176,NO,9131
chr15,32828404,32829437,NO,1033
chr1,115633922,115651821,NO,17899
chr8,101912051,101921387,NO,9336
chr18,10054477,10060937,NO,6460
chr14,67954458,67956438,NO,1980
chr11,6713823,6725540,NO,11717
chr17,29034723,29036794,NO,2071
chr1,145448069,145451253,NO,3184
chr12,7241537,7246082,NO,4545
chr7,55188143,55202377,NO,14234
chr11,45766113,45778256,NO,12143
chr19,48983030,48997533,NO,14503
chr2,46577390,46580513,NO,3123
chr8,103740131,103751244,NO,11113
chr16,74429771,74433295,NO,3524
chr22,36023098,36035361,NO,12263
chr18,22491471,22498179,NO,6708
chr13,28953523,28997480,NO,43957
chr19,47679520,47707310,NO,27790
chr17,71152524,71166953,NO,14429
chr7,24859855,24883129,NO,23274
chr8,49448131,49469589,NO,21458
chrX,118889333,118894659,NO,5326
chr6,41238368,41243219,NO,4851
chr16,2095619,2098749,NO,3130
chr4,74569923,74599161,NO,29238
chr21,37501966,37503198,NO,1232
chr1,90219315,90229364,NO,10049
chr4,166142112,166145122,NO,3010
chr1,15135446,15143130,NO,7684
chr7,36300589,36306309,NO,5720
chr8,26931218,26942837,NO,11619
chr1,90363074,90392948,NO,29874
chr17,73853630,73856145,NO,2515
chr12,116796452,116821440,NO,24988
chr19,50278869,50295378,NO,16509
chr5,140009961,140013388,NO,3427
chr16,87497101,87521454,NO,24353
chr16,2556459,2559074,NO,2615
chr18,29664239,29667853,NO,3614
chr2,218559252,218603478,NO,44226
chr19,6800543,6803722,NO,3179
chr22,24092604,24095514,NO,2910
chr11,60741163,60773131,NO,31968
chr1,198890854,198906970,NO,16116
chr16,70230023,70233559,NO,3536
chr15,83418336,83420734,NO,2398
chr1,224643770,224647857,NO,4087
chr9,20683226,20685255,NO,2029
chr11,121275996,121291087,NO,15091
chr2,46299976,46326437,NO,26461
chr1,169637048,169676760,NO,39712
chr2,101943941,101957370,NO,13429
chr11,1883693,1887545,NO,3852
chr7,5422671,5437923,NO,15252
chr20,43270556,43275837,NO,5281
chr11,74974838,74993349,NO,18511
chr17,61710957,61724944,NO,13987
chr19,49976774,49980177,NO,3403
chr19,57348391,57351804,NO,3413
chr17,29862150,29877886,NO,15736
chr20,39873627,39879312,NO,5685
chr19,45187425,45199545,NO,12120
chr16,67554594,67556055,NO,1461
chr9,120482655,120488767,NO,6112
chr19,56188027,56191001,NO,2974
chr3,150593199,150609344,NO,16145
chr4,17093045,17098394,NO,5349
chr5,179104666,179106787,NO,2121
chr5,54892514,54899021,NO,6507
chr6,116707419,116732789,NO,25370
chr1,181472240,181476448,NO,4208
chr2,114382080,114385564,NO,3484
chr14,89817417,89832203,NO,14786
chr4,141158424,141175152,NO,16728
chr17,77041954,77048019,NO,6065
chr3,124489030,124500892,NO,11862
chr11,78060295,78066112,NO,5817
chr1,205481195,205489662,NO,8467
chr6,12528208,12540379,NO,12171
chr6,119026257,119040965,NO,14708
chr20,60812730,60818080,NO,5350
chr17,72965995,72979193,NO,13198
chr5,102090105,102092177,NO,2072
chr22,46456409,46461526,NO,5117
chrX,64808022,64822755,NO,14733
chr1,154425535,154436665,NO,11130
chr9,137752329,137757030,NO,4701
chr22,19509485,19516133,NO,6648
chr12,77271805,77274827,NO,3022
chr14,93029745,93054077,NO,24332
chr3,27664200,27681513,NO,17313
chr16,21517920,21530203,NO,12283
chr22,36461255,36463054,NO,1799
chr20,32250575,32252520,NO,1945
chr10,7448961,7453643,NO,4682
chr16,31226030,31265660,NO,39630
chr7,158655705,158657818,NO,2113
chr7,72394965,72408498,NO,13533
chr16,68270767,68292438,NO,21671
chr3,52488534,52491569,NO,3035
chr17,8075800,8078371,NO,2571
chr5,81146404,81153862,NO,7458
chr7,5859658,5875066,NO,15408
chr8,59506361,59509541,NO,3180
chr7,151572025,151575067,NO,3042
chr8,19027902,19042717,NO,14815
chr12,109057308,109062292,NO,4984
chr6,35886940,35889365,NO,2425
chr11,128281570,128299448,NO,17878
chr17,2905420,2908395,NO,2975
chr7,76073912,76076128,NO,2216
chr18,24230800,24237849,NO,7049
chr11,107986073,107995701,NO,9628
chr5,169784244,169790874,NO,6630
chr3,52039053,52056966,NO,17913
chr7,6789744,6794259,NO,4515
chr19,53399668,53401803,NO,2135
chr1,83608158,83617985,NO,9827
chr3,107842690,107856194,NO,13504
chr19,52206554,52208797,NO,2243
chr2,3673420,3683796,NO,10376
chr16,30639869,30646542,NO,6673
chr10,45955393,45967599,NO,12206
chr1,60135229,60173713,NO,38484
chr7,76234545,76236763,NO,2218
chr12,27701856,27715098,NO,13242
chr6,91634340,91647414,NO,13074
chr17,4803692,4813445,NO,9753
chr17,37157892,37175227,NO,17335
chr4,140655395,140670276,NO,14881
chr4,186945868,186954344,NO,8476
chr7,45739013,45750982,NO,11969
chr9,130628303,130632475,NO,4172
chr3,72491792,72505301,NO,13509
chr13,99923162,99934939,NO,11777
chr1,17629925,17638812,NO,8887
chr19,608742,612004,NO,3262
chr5,175558723,175562959,NO,4236
chr1,44005773,44008761,NO,2988
chr10,30990076,30995397,NO,5321
chr6,45389064,45392576,NO,3512
chr20,50097316,50117896,NO,20580
chr3,197280762,197283309,NO,2547
chr7,47072016,47093050,NO,21034
chr13,48695371,48702213,NO,6842
chr8,22067180,22085554,NO,18374
chr14,23442996,23452734,NO,9738
chr1,223735546,223746004,NO,10458
chr17,47582295,47593971,NO,11676
chr4,40722802,40735213,NO,12411
chr4,146653622,146657995,NO,4373
chr7,66222766,66234683,NO,11917
chr12,50092233,50101598,NO,9365
chr3,157154223,157157680,NO,3457
chr9,33043242,33045205,NO,1963
chr1,68189324,68216310,NO,26986
chr14,32361295,32364487,NO,3192
chr12,121565469,121568082,NO,2613
chr10,88470336,88472504,NO,2168
chr7,73630984,73646173,NO,15189
chr9,114601054,114617885,NO,16831
chr11,7596397,7600356,NO,3959
chr14,55092362,55096263,NO,3901
chr7,6065292,6067337,NO,2045
chr2,113449477,113467794,NO,18317
chr15,65156111,65160422,NO,4311
chr19,17281072,17295934,NO,14862
chr9,5493088,5511548,NO,18460
chrX,149530875,149535475,NO,4600
chr17,76028031,76038094,NO,10063
chr7,33037414,33040043,NO,2629
chr2,182168593,182177835,NO,9242
chr11,62162156,62170819,NO,8663
chr17,21074063,21095449,NO,21386
chr19,44065712,44068575,NO,2863
chr12,53737922,53740741,NO,2819
chr7,6009794,6014274,NO,4480
chr13,34184386,34199564,NO,15178
chr11,44005679,44015543,NO,9864
chr3,120134945,120151983,NO,17038
chr9,133886413,133896345,NO,9932
chr4,77609954,77631025,NO,21071
chr12,96883028,96904441,NO,21413
chr12,107151560,107162234,NO,10674
chr15,41272192,41294129,NO,21937
chr18,13259691,13285497,NO,25806
chr4,38745610,38771143,NO,25533
chr1,33592161,33594280,NO,2119
chr2,238874861,238878724,NO,3863
chr1,161154326,161157749,NO,3423
chr5,57537001,57570125,NO,33124
chr2,179277835,179279967,NO,2132
chrX,73755029,73757625,NO,2596
chr1,22855764,22865255,NO,9491
chr7,112481,130305,NO,17824
chr8,13132653,13134976,NO,2323
chr4,82414798,82431089,NO,16291
chr9,134453507,134474314,NO,20807
chr1,117296733,117313705,NO,16972
chr17,25782463,25802453,NO,19990
chr1,7785585,7806283,NO,20698
chr15,100650934,100672813,NO,21879
chr8,23103621,23105130,NO,1509
chr7,104985953,105005629,NO,19676
chr5,179218520,179222053,NO,3533
chr5,70220145,70228494,NO,8349
chr16,89180443,89189182,NO,8739
chr8,38322577,38326733,NO,4156
chr12,69723489,69737890,NO,14401
chr16,27378013,27395542,NO,17529
chr10,30742363,30757275,NO,14912
chr20,2187400,2203981,NO,16581
chr9,136566121,136581311,NO,15190
chr1,112845810,112861790,NO,15980
chr19,15746240,15753747,NO,7507
chr1,1975912,1984528,NO,8616
chr1,68695430,68698911,NO,3481
chr11,36467599,36478749,NO,11150
chr1,184589812,184600435,NO,10623
chrX,40120649,40127484,NO,6835
chr19,18539000,18541350,NO,2350
chr7,27154466,27158915,NO,4449
chr18,77550767,77553355,NO,2588
chr7,2646031,2649546,NO,3515
chr5,142381069,142389141,NO,8072
chrX,39666968,39677651,NO,10683
chr19,35528554,35532801,NO,4247
chr19,45738393,45750053,NO,11660
chr4,113208354,113234718,NO,26364
chr17,19410188,19412365,NO,2177
chr4,6310698,6327965,NO,17267
chr12,117255905,117257665,NO,1760
chr10,32666300,32668928,NO,2628
chr16,88176776,88185104,NO,8328
chr6,42280081,42285388,NO,5307
chr12,94160136,94180147,NO,20011
chr5,138897008,138898658,NO,1650
chr21,33823067,33851585,NO,28518
chr12,90256144,90258891,NO,2747
chr19,49255115,49257896,NO,2781
chr11,45230037,45237488,NO,7451
chr18,53043314,53073213,NO,29899
chr7,141679128,141692228,NO,13100
chr13,33771032,33788955,NO,17923
chr1,7763708,7766315,NO,2607
chr17,57073595,57080728,NO,7133
chr10,3697349,3712580,NO,15231
chr2,192475975,192523182,NO,47207
chr3,99759153,99767577,NO,8424
chr2,204482240,204522253,NO,40013
chr2,157255906,157262536,NO,6630
chr12,52804480,52818171,NO,13691
chr2,43618419,43666974,NO,48555
chr2,208196839,208200701,NO,3862
chr3,121951221,121967288,NO,16067
chr6,36720283,36749353,NO,29070
chr19,52301156,52304208,NO,3052
chr1,47902077,47906793,NO,4716
chr20,30101628,30112198,NO,10570
chr17,19627193,19632277,NO,5084
chr11,86287233,86304427,NO,17194
chr2,235197810,235203154,NO,5344
chr14,23575252,23591454,NO,16202
chr4,779272,782403,NO,3131
chr4,16858550,16868836,NO,10286
chr19,3140732,3143455,NO,2723
chr1,115824801,115828479,NO,3678
chr11,534678,538099,NO,3421
chr3,58561162,58572140,NO,10978
chr3,182927893,182930962,NO,3069
chr4,7893589,7920590,NO,27001
chr9,108281931,108282660,NO,729
chr11,8709338,8711240,NO,1902
chr2,198119401,198127230,NO,7829
chr12,4245127,4274675,NO,29548
chrX,54665257,54667625,NO,2368
chr2,37988727,38010689,NO,21962
chr10,17065370,17074596,NO,9226
chr4,166168654,166179392,NO,10738
chr8,144650137,144652110,NO,1973
chr18,72957814,72962710,NO,4896
chr22,41047221,41065767,NO,18546
chr16,19128185,19144173,NO,15988
chr22,22116961,22127633,NO,10672
chr16,88143871,88154170,NO,10299
chr17,81030957,81042023,NO,11066
chr15,85264130,85279321,NO,15191
chr1,54559985,54565087,NO,5102
chr17,55676389,55700960,NO,24571
chr3,15672017,15689789,NO,17772
chr7,127665546,127673054,NO,7508
chr3,99590828,99600203,NO,9375
chr2,235859866,235870048,NO,10182
chr3,57741123,57743341,NO,2218
chr19,47126355,47130368,NO,4013
chr8,97771929,97774531,NO,2602
chr11,117087362,117093329,NO,5967
chr16,84316856,84321398,NO,4542
chr12,32675095,32720612,NO,45517
chr10,667719,675831,NO,8112
chr19,8482727,8489408,NO,6681
chr12,42981239,42984731,NO,3492
chr21,44079692,44095085,NO,15393
chr1,247109148,247126195,NO,17047
chrX,40501355,40505220,NO,3865
chr22,45944993,45950374,NO,5381
chr10,65458617,65474075,NO,15458
chr10,7225537,7236032,NO,10495
chr2,46227143,46243729,NO,16586
chr14,102990274,102992689,NO,2415
chr4,38525273,38532032,NO,6759
chr4,120256539,120259512,NO,2973
chr8,128199341,128224438,NO,25097
chr17,6227029,6231923,NO,4894
chr2,235770039,235783631,NO,13592
chr6,45914139,45938622,NO,24483
chr17,45277086,45283804,NO,6718
chr1,59478468,59486735,NO,8267
chr19,53659598,53662947,NO,3349
chr17,74666577,74668797,NO,2220
chr7,57415491,57444530,NO,29039
chr10,49513981,49515901,NO,1920
chr5,70196318,70197442,NO,1124
chr15,77195454,77198468,NO,3014
chr14,81851956,81867988,NO,16032
chr3,133775891,133790748,NO,14857
chr2,231181726,231189121,NO,7395
chr5,79420949,79438249,NO,17300
chr6,139591199,139614331,NO,23132
chr17,2162216,2170971,NO,8755
chr9,137787110,137790885,NO,3775
chr15,68698442,68712649,NO,14207
chr16,856986,858521,NO,1535
chr20,3712554,3716007,NO,3453
chr3,183233171,183260161,NO,26990
chr5,14440258,14464509,NO,24251
chr19,39650213,39658610,NO,8397
chr16,89826927,89832390,NO,5463
chr6,134662617,134673336,NO,10719
chr11,6654508,6658921,NO,4413
chr6,119082751,119090683,NO,7932
chr16,87951263,87956874,NO,5611
chr7,129465160,129500144,NO,34984
chr10,32427764,32441363,NO,13599
chr14,95064319,95067193,NO,2874
chr15,101461449,101484949,NO,23500
chr3,12717093,12724631,NO,7538
chr17,60703739,60706842,NO,3103
chr13,107517930,107528331,NO,10401
chr1,90308024,90310252,NO,2228
chr17,45300018,45304317,NO,4299
chr5,163341873,163344865,NO,2992
chr8,8637726,8655683,NO,17957
chr12,132646658,132675230,NO,28572
chr7,101927766,101931053,NO,3287
chr19,12097950,12100055,NO,2105
chr8,38539376,38541933,NO,2557
chr17,47465193,47481975,NO,16782
chr10,97193092,97208526,NO,15434
chr14,81736117,81744239,NO,8122
chr6,13383439,13408933,NO,25494
chr9,107814409,107829480,NO,15071
chr1,204836682,204857509,NO,20827
chr14,100658346,100660309,NO,1963
chr10,103588468,103591595,NO,3127
chr6,15472131,15477911,NO,5780
chr17,46626572,46630975,NO,4403
chr16,3107981,3110587,NO,2606
chr7,55954541,55955994,NO,1453
chr7,3888486,3907511,NO,19025
chr20,61358832,61372957,NO,14125
chr19,49216771,49220788,NO,4017
chr22,46970886,46989887,NO,19001
chr7,735988,739999,NO,4011
chrX,129086660,129096183,NO,9523
chr8,96086491,96113535,NO,27044
chrX,49086506,49094340,NO,7834
chr5,180066747,180075182,NO,8435
chr11,95070045,95075006,NO,4961
chr11,120039270,120057765,NO,18495
chr10,98497525,98508611,NO,11086
chr16,71756621,71761240,NO,4619
chr9,132015775,132045874,NO,30099
chr18,12838140,12841671,NO,3531
chr22,43038771,43043339,NO,4568
chr1,207482702,207493880,NO,11178
chr2,231523984,231533653,NO,9669
chr19,15542684,15544907,NO,2223
chr15,74211866,74217529,NO,5663
chr16,4713254,4715675,NO,2421
chr22,22511209,22523331,NO,12122
chr17,79168159,79174876,NO,6717
chr2,42153882,42168294,NO,14412
chr5,179084358,179085879,NO,1521
chr19,8740443,8756586,NO,16143
chr11,76568966,76574623,NO,5657
chr13,31286685,31289993,NO,3308
chr1,24221631,24243582,NO,21951
chr1,26053657,26071818,NO,18161
chr3,133695620,133712147,NO,16527
chrX,48595091,48596924,NO,1833
chr11,73728889,73734763,NO,5874
chr17,59325588,59333310,NO,7722
chr17,33894385,33895829,NO,1444
chr12,95033674,95039279,NO,5605
chr6,159136075,159142380,NO,6305
chr2,149858691,149863970,NO,5279
chr22,45160169,45164933,NO,4764
chr1,3229218,3233866,NO,4648
chr4,2483596,2499943,NO,16347
chr17,6081152,6099458,NO,18306
chr14,103857154,103894682,NO,37528
chr15,79229147,79244541,NO,15394
chr8,11390049,11416372,NO,26323
chr1,179056163,179061853,NO,5690
chr19,49132790,49135253,NO,2463
chr15,99090151,99092571,NO,2420
chr2,11300480,11316453,NO,15973
chr6,110212730,110216468,NO,3738
chr4,148652384,148655515,NO,3131
chr7,157343093,157378769,NO,35676
chr18,45751272,45756963,NO,5691
chr6,139644439,139660766,NO,16327
chr8,42268674,42271712,NO,3038
chr12,30947219,30949666,NO,2447
chr22,47330457,47339831,NO,9374
chrX,130926546,130957235,NO,30689
chr4,41143439,41162965,NO,19526
chr3,151063433,151081581,NO,18148
chr2,241310257,241330191,NO,19934
chr17,72732234,72735750,NO,3516
chr11,3147038,3149849,NO,2811
chr11,76463366,76485605,NO,22239
chr15,67131579,67136931,NO,5352
chr6,5011146,5033810,NO,22664
chr8,18934834,18943229,NO,8395
chr15,69366203,69377023,NO,10820
chr5,18745040,18746855,NO,1815
chr1,174933219,174938892,NO,5673
chr10,89986949,90017735,NO,30786
chr17,1664954,1668252,NO,3298
chr19,3183799,3186866,NO,3067
chr7,151122557,151127860,NO,5303
chr17,45352494,45364361,NO,11867
chr2,164204299,164205906,NO,1607
chr4,26075227,26079153,NO,3926
chr3,133248702,133265267,NO,16565
chr2,208632762,208636432,NO,3670
chr1,33895722,33910363,NO,14641
chr6,7216110,7225815,NO,9705
chr12,3355367,3366448,NO,11081
chr1,9124035,9146367,NO,22332
chr3,43287465,43300062,NO,12597
chr18,56630755,56642947,NO,12192
chr9,74397287,74411962,NO,14675
chrX,108779480,108781020,NO,1540
chr1,92948640,92952850,NO,4210
chr8,38704135,38729260,NO,25125
chr20,58146611,58161456,NO,14845
chr14,99696072,99713402,NO,17330
chr9,69064681,69066218,NO,1537
chr6,158181891,158190874,NO,8983
chr1,224685243,224692295,NO,7052
chr19,20605544,20608047,NO,2503
chr12,46852901,46881904,NO,29003
chr1,85779193,85797784,NO,18591
chr14,104816750,104823433,NO,6683
chr17,53652740,53666003,NO,13263
chr15,69754283,69761697,NO,7414
chr3,43194717,43236743,NO,42026
chr20,39619260,39637582,NO,18322
chr14,99500947,99505584,NO,4637
chr17,59280978,59300685,NO,19707
chr4,78764374,78778881,NO,14507
chr22,45709680,45716116,NO,6436
chr1,153345975,153349313,NO,3338
chr10,49997665,50010321,NO,12656
chr8,8992376,9006322,NO,13946
chr22,24899003,24912799,NO,13796
chr1,94277147,94303806,NO,26659
chr3,72318326,72324520,NO,6194
chr17,21366055,21368776,NO,2721
chr3,16458692,16490593,NO,31901
chr7,37544027,37555241,NO,11214
chr12,93636569,93650519,NO,13950
chr20,2216646,2218826,NO,2180
chr11,18719318,18728987,NO,9669
chr21,46499268,46531247,NO,31979
chr19,37282382,37289149,NO,6767
chr17,16520668,16521627,NO,959
chr2,112375382,112383965,NO,8583
chr12,46603602,46614137,NO,10535
chr1,167682367,167684879,NO,2512
chr10,7127167,7150155,NO,22988
chr16,1013850,1028192,NO,14342
chr19,8370401,8374037,NO,3636
chr3,184231030,184244304,NO,13274
chr7,47708452,47718135,NO,9683
chr4,26274460,26291390,NO,16930
chr6,90885350,90904669,NO,19319
chr2,54685887,54711071,NO,25184
chr12,48101777,48112754,NO,10977
chr11,35623551,35645807,NO,22256
chr7,2748807,2775512,NO,26705
chr15,42873091,42875575,NO,2484
chr6,151132733,151139368,NO,6635
chr2,109196073,109211991,NO,15918
chr16,31152422,31154684,NO,2262
chr2,10469374,10473420,NO,4046
chr4,41420265,41451635,NO,31370
chr2,233539757,233547365,NO,7608
chr1,101087742,101095585,NO,7843
chr18,52901397,52936683,NO,35286
chr22,21391508,21400814,NO,9306
chr2,11267734,11270841,NO,3107
chr20,1757518,1768540,NO,11022
chr8,126517643,126526375,NO,8732
chr6,126067664,126071391,NO,3727
chr5,38782382,38810993,NO,28611
chr22,50177716,50202515,NO,24799
chr19,40736111,40749533,NO,13422
chr3,50393573,50403424,NO,9851
chr7,6831452,6834799,NO,3347
chr7,105984168,105988498,NO,4330
chr1,229118629,229127231,NO,8602
chr6,18327668,18332223,NO,4555
chr18,20886729,20893531,NO,6802
chr8,62671844,62673624,NO,1780
chr2,202072549,202085996,NO,13447
chr12,93521013,93533611,NO,12598
chr11,65238495,65240435,NO,1940
chr2,196423040,196429100,NO,6060
chr17,4746719,4762937,NO,16218
chr7,75993072,75994695,NO,1623
chr17,73224069,73246782,NO,22713
chr2,202049533,202059066,NO,9533
chr7,5969420,5972588,NO,3168
chr5,66562703,66566408,NO,3705
chr1,201681757,201694189,NO,12432
chr4,100768505,100781277,NO,12772
chr8,131275017,131291964,NO,16947
chr1,228335523,228339478,NO,3955
chr10,4163426,4175022,NO,11596
chr19,50310211,50313600,NO,3389
chr9,127420159,127423186,NO,3027
chr6,148829382,148860356,NO,30974
chr17,17261589,17271579,NO,9990
chr9,129736176,129749222,NO,13046
chr12,121676220,121679912,NO,3692
chr21,45224398,45238847,NO,14449
chr14,77276896,77280000,NO,3104
chr6,25174266,25195294,NO,21028
chr9,135092192,135100116,NO,7924
chr4,3225449,3229040,NO,3591
chr8,41685193,41687028,NO,1835
chr17,48178978,48201805,NO,22827
chr17,66433324,66438235,NO,4911
chr6,160424667,160436772,NO,12105
chr19,16228139,16231217,NO,3078
chr8,144360503,144364508,NO,4005
chr1,220940676,220965686,NO,25010
chr13,24182348,24185881,NO,3533
chr14,51392347,51405107,NO,12760
chr7,22122082,22134666,NO,12584
chr16,17526747,17554421,NO,27674
chr2,73259506,73262730,NO,3224
chr19,55995818,55999696,NO,3878
chr14,104901560,104928056,NO,26496
chr4,120283960,120294374,NO,10414
chr20,62312443,62315739,NO,3296
chr22,42811471,42816196,NO,4725
chr19,14237656,14240248,NO,2592
chr12,71112054,71119070,NO,7016
chrX,49011223,49013610,NO,2387
chr7,77072015,77103347,NO,31332
chr12,110541928,110550097,NO,8169
chr5,76146777,76153200,NO,6423
chr7,65761179,65776589,NO,15410
chr2,8438087,8451714,NO,13627
chr1,158114637,158120524,NO,5887
chr13,34082069,34089342,NO,7273
chrX,68113628,68116275,NO,2647
chr16,31007508,31010084,NO,2576
chr8,55237774,55249027,NO,11253
chr17,1495569,1497998,NO,2429
chr8,128981835,129006665,NO,24830
chr2,204648701,204681250,NO,32549
chr9,468295,471020,NO,2725
chr1,214491638,214505766,NO,14128
chr6,4316466,4321080,NO,4614
chr19,5031814,5050216,NO,18402
chr10,3304055,3307746,NO,3691
chr5,55708047,55712210,NO,4163
chr17,40902764,40916669,NO,13905
chr7,75795188,75796631,NO,1443
chr17,29135569,29149685,NO,14116
chr17,66595670,66600006,NO,4336
chr3,65840218,65847930,NO,7712
chr7,99067959,99076816,NO,8857
chr11,2117635,2131193,NO,13558
chr11,45872680,45882053,NO,9373
chr12,6247659,6255386,NO,7727
chr2,197065358,197079118,NO,13760
chr9,2157086,2160743,NO,3657
chr19,1015017,1018916,NO,3899
chr4,160276401,160294093,NO,17692
chr3,16148948,16158261,NO,9313
chr1,23426247,23449704,NO,23457
chr9,13274937,13280325,NO,5388
chr19,41139761,41153277,NO,13516
chr19,7769977,7780028,NO,10051
chr6,149556529,149595159,NO,38630
chr17,33639741,33642554,NO,2813
chr16,3104534,3106950,NO,2416
chr10,15414644,15428904,NO,14260
chr11,117055933,117061246,NO,5313
chr12,133020381,133023304,NO,2923
chr20,43985803,43989271,NO,3468
chr7,4680858,4682482,NO,1624
chr16,4702640,4706136,NO,3496
chr8,131652235,131664083,NO,11848
chr8,21994459,21997706,NO,3247
chr3,141084955,141098701,NO,13746
chr18,45598534,45601970,NO,3436
chr9,136206165,136209898,NO,3733
chr19,18546712,18550758,NO,4046
chr2,237264331,237279392,NO,15061
chr6,91319790,91321815,NO,2025
chr12,1770532,1776935,NO,6403
chr16,16300168,16308624,NO,8456
chr19,47235888,47237908,NO,2020
chr1,27845363,27851254,NO,5891
chr11,59039740,59057114,NO,17374
chr16,57503992,57515536,NO,11544
chr1,113584469,113602938,NO,18469
chr16,72235837,72238346,NO,2509
chrX,99902582,99906074,NO,3492
chr16,2072702,2074754,NO,2052
chr16,48465583,48480148,NO,14565
chr20,3719288,3722013,NO,2725
chr2,231729126,231743702,NO,14576
chr15,95670561,95676380,NO,5819
chr6,52402544,52423342,NO,20798
chr3,156533814,156535733,NO,1919
chr8,49309194,49313162,NO,3968
chr22,43357704,43374045,NO,16341
chr10,20291321,20294937,NO,3616
chr12,50961654,50974325,NO,12671
chr2,129507794,129513041,NO,5247
chr17,14640796,14652598,NO,11802
chr11,62194991,62212686,NO,17695
chr3,4800605,4823164,NO,22559
chr9,86046481,86064490,NO,18009
chr11,86448235,86452924,NO,4689
chr16,28375411,28376828,NO,1417
chr11,32402528,32413982,NO,11454
chr3,129097367,129112403,NO,15036
chr6,27462853,27487683,NO,24830
chr5,148760499,148768577,NO,8078
chr19,52274153,52276699,NO,2546
chr13,60206925,60218479,NO,11554
chr6,35048470,35061117,NO,12647
chr22,42062370,42064155,NO,1785
chr18,56435233,56458020,NO,22787
chr1,27324148,27329076,NO,4928
chr6,166666465,166673695,NO,7230
chr14,50829476,50833981,NO,4505
chr2,120988259,120997827,NO,9568
chr22,22211766,22217677,NO,5911
chr8,737911,740614,NO,2703
chr10,103720671,103746871,NO,26200
chr19,56158443,56161109,NO,2666
chr20,48781714,48789639,NO,7925
chr1,31288918,31297893,NO,8975
chr2,99374016,99389696,NO,15680
chr2,192109618,192112854,NO,3236
chr10,95853148,95868370,NO,15222
chr10,33413819,33418665,NO,4846
chr14,100999833,101015024,NO,15191
chr7,38254628,38272784,NO,18156
chr5,1587326,1597868,NO,10542
chr16,86011288,86029788,NO,18500
chr12,76093351,76119918,NO,26567
chr10,12636578,12657418,NO,20840
chr17,26360828,26369747,NO,8919
chr7,129953481,129956754,NO,3273
chr1,155138118,155140735,NO,2617
chr20,51687639,51704473,NO,16834
chr8,95272050,95276088,NO,4038
chr5,73393667,73402086,NO,8419
chr1,108591290,108594778,NO,3488
chr13,110039521,110055917,NO,16396
chr12,49204136,49209883,NO,5747
chr1,228349199,228351882,NO,2683
chr19,7254198,7273194,NO,18996
chrX,47879737,47881665,NO,1928
chr17,9953534,9973691,NO,20157
chr3,40001283,40004565,NO,3282
chr4,40808847,40815309,NO,6462
chr16,70403967,70416188,NO,12221
chr2,15843436,15850405,NO,6969
chr10,105371850,105380361,NO,8511
chr14,62119847,62138770,NO,18923
chr12,32740334,32743679,NO,3345
chr16,66160395,66185794,NO,25399
chr16,69515316,69517257,NO,1941
chr6,134211801,134217789,NO,5988
chr19,31209577,31211566,NO,1989
chr9,133320121,133327858,NO,7737
chr6,33575808,33579332,NO,3524
chr12,117029578,117038244,NO,8666
chr22,19158247,19162780,NO,4533
chr9,110349157,110384052,NO,34895
chr17,7024183,7042599,NO,18416
chr6,168431903,168437576,NO,5673
chr11,67187524,67189301,NO,1777
chr19,41168001,41170293,NO,2292
chr19,12775086,12778319,NO,3233
chr1,143657420,143673971,NO,16551
chr16,89489338,89521021,NO,31683
chr22,19982135,19987999,NO,5864
chr1,184265208,184268561,NO,3353
chr11,57036263,57046143,NO,9880
chr13,114260449,114271879,NO,11430
chr3,5052411,5068963,NO,16552
chr15,26326845,26328452,NO,1607
chr15,71032587,71037071,NO,4484
chr19,3056298,3059374,NO,3076
chr8,21524130,21533332,NO,9202
chr19,18484179,18486236,NO,2057
chr17,47328951,47338551,NO,9600
chr6,157545798,157558054,NO,12256
chr16,56944274,56951832,NO,7558
chr15,64747778,64754731,NO,6953
chr2,114039648,114042622,NO,2974
chr2,36659804,36688798,NO,28994
chr7,2343684,2347860,NO,4176
chr17,25957803,25965773,NO,7970
chr1,94174103,94220031,NO,45928
chr1,19405977,19410954,NO,4977
chr2,128165100,128170269,NO,5169
chr19,21776869,21788423,NO,11554
chr1,47998377,48022633,NO,24256
chr6,13302218,13304994,NO,2776
chr8,97503445,97508316,NO,4871
chr7,130550907,130554140,NO,3233
chr16,79801324,79805186,NO,3862
chr6,157609382,157616604,NO,7222
chr20,25512976,25521577,NO,8601
chr5,158225452,158248696,NO,23244
chr13,40962443,40977982,NO,15539
chr14,51793906,51803007,NO,9101
chr4,1003523,1008763,NO,5240
chr6,28948276,28954151,NO,5875
chr11,12106918,12110179,NO,3261
chr3,43809956,43812870,NO,2914
chr14,89630268,89633072,NO,2804
chr7,75962392,75977097,NO,14705
chr14,90082987,90093070,NO,10083
chr6,143140738,143149586,NO,8848
chr16,67579357,67583538,NO,4181
chr1,222437564,222440817,NO,3253
chr10,13916844,13946614,NO,29770
chr1,181998068,181999818,NO,1750
chr17,29335006,29336839,NO,1833
chr6,158652288,158654377,NO,2089
chr1,203158644,203172633,NO,13989
chr11,100574797,100612511,NO,37714
chr8,19553456,19566475,NO,13019
chr16,18591214,18599732,NO,8518
chr21,35016753,35030534,NO,13781
chr14,59872818,59895809,NO,22991
chr10,69608960,69610171,NO,1211
chr2,25584316,25586289,NO,1973
chr3,12837497,12852522,NO,15025
chr1,49356920,49398207,NO,41287
chr6,15420694,15454397,NO,33703
chr5,177757375,177761296,NO,3921
chr7,35764546,35770747,NO,6201
chr17,38736571,38739629,NO,3058
chr5,71851960,71854368,NO,2408
chr16,57611079,57644676,NO,33597
chr12,12586779,12597138,NO,10359
chr17,26874156,26877661,NO,3505
chr7,150481244,150486391,NO,5147
chr7,100164266,100168255,NO,3989
chr2,102971924,102985354,NO,13430
chr17,37308868,37311035,NO,2167
chr20,4942521,4955251,NO,12730
chr12,122580840,122606747,NO,25907
chr4,53587818,53589334,NO,1516
chr9,92755831,92763674,NO,7843
chr7,105856562,105859378,NO,2816
chr2,429491,442282,NO,12791
chr3,32618213,32622288,NO,4075
chr7,50301727,50322076,NO,20349
chr3,48634068,48637517,NO,3449
chr10,5669919,5689129,NO,19210
chr9,296352,298839,NO,2487
chr6,42246161,42261422,NO,15261
chr20,35897991,35905990,NO,7999
chr13,46912590,46929606,NO,17016
chr21,37661290,37672174,NO,10884
chrX,49641682,49644943,NO,3261
chr19,19292018,19298374,NO,6356
chr1,752377,754829,NO,2452
chr9,126100589,126106726,NO,6137
chr3,115502541,115503999,NO,1458
chr17,19447491,19459156,NO,11665
chr18,55323751,55336064,NO,12313
chr5,73536447,73554449,NO,18002
chr14,68925468,68944957,NO,19489
chr22,36592348,36599295,NO,6947
chr15,95387062,95399220,NO,12158
chr21,35885476,35893754,NO,8278
chr17,6496699,6515969,NO,19270
chr6,27144951,27156923,NO,11972
chr6,157694592,157696697,NO,2105
chr14,102816753,102820289,NO,3536
chr14,52817111,52828006,NO,10895
chr10,97086832,97095383,NO,8551
chr14,105122287,105127281,NO,4994
chr16,53241565,53255026,NO,13461
chr18,60170380,60174457,NO,4077
chr13,75898218,75901782,NO,3564
chr17,75825449,75836728,NO,11279
chr3,138633666,138635310,NO,1644
chr20,34652024,34653852,NO,1828
chr3,57993561,57997577,NO,4016
chr7,29283669,29288602,NO,4933
chr10,97541488,97554536,NO,13048
chr6,10719916,10721533,NO,1617
chr1,156186923,156188662,NO,1739
chr9,107630573,107642955,NO,12382
chr13,40918629,40927420,NO,8791
chr12,56400574,56402329,NO,1755
chr14,103261401,103286799,NO,25398
chr3,124594659,124598723,NO,4064
chr12,65018412,65020712,NO,2300
chr13,49227017,49235789,NO,8772
chr9,72583,74202,NO,1619
chr8,8931906,8947258,NO,15352
chr16,20913946,20923203,NO,9257
chr19,8245774,8260759,NO,14985
chr1,92310283,92318319,NO,8036
chr2,25562136,25565868,NO,3732
chr9,130767978,130774128,NO,6150
chr13,31264146,31273087,NO,8941
chr3,16091746,16102906,NO,11160
chr10,61436858,61456118,NO,19260
chr7,30024774,30030112,NO,5338
chr6,106439726,106443367,NO,3641
chr1,59606727,59617582,NO,10855
chr9,92219572,92221938,NO,2366
chr8,144770768,144774639,NO,3871
chr12,56959038,56965016,NO,5978
chr12,92423226,92430360,NO,7134
chr1,157372134,157374659,NO,2525
chr13,31016900,31020897,NO,3997
chr5,81073755,81076183,NO,2428
chr3,11407711,11422369,NO,14658
chr1,201871746,201887953,NO,16207
chr1,203370047,203376843,NO,6796
chr6,29598912,29604479,NO,5567
chr17,62804143,62805710,NO,1567
chr13,41051560,41059679,NO,8119
chr20,62504006,62506326,NO,2320
chr7,151432742,151452657,NO,19915
chr20,46008766,46021947,NO,13181
chr6,32074718,32077368,NO,2650
chr2,143898273,143916874,NO,18601
chr7,151099999,151104778,NO,4779
chr16,3149529,3153246,NO,3717
chr17,73422356,73440878,NO,18522
chr15,71969309,71973413,NO,4104
chr1,147844920,147861484,NO,16564
chr1,221270759,221273886,NO,3127
chr6,43042036,43046499,NO,4463
chr19,11958510,11960418,NO,1908
chr11,45201138,45204157,NO,3019
chr3,44551341,44553260,NO,1919
chr19,34358946,34375864,NO,16918
chr7,2338282,2340430,NO,2148
chr10,30475171,30478096,NO,2925
chr16,2634575,2637324,NO,2749
chr1,78514706,78522096,NO,7390
chr3,177144485,177169451,NO,24966
chr22,45658045,45693025,NO,34980
chr12,57627603,57633063,NO,5460
chr2,177418290,177431526,NO,13236
chr7,807317,822069,NO,14752
chr22,24596489,24605022,NO,8533
chr1,147070545,147072803,NO,2258
chr6,15879705,15902133,NO,22428
chr17,43538818,43540303,NO,1485
chr12,121903913,121906416,NO,2503
chr4,153583274,153585503,NO,2229
chr7,22517371,22528781,NO,11410
chr1,145968336,145970408,NO,2072
chr1,147510070,147512142,NO,2072
chr6,139012716,139018537,NO,5821
chr15,58725797,58734844,NO,9047
chr19,47229219,47233035,NO,3816
chr1,117074204,117083555,NO,9351
chr19,13943791,13945856,NO,2065
chr3,73534984,73542089,NO,7105
chr5,141658858,141677486,NO,18628
chr5,159291257,159306617,NO,15360
chr13,111422789,111428410,NO,5621
chr1,204443357,204448719,NO,5362
chr17,48254919,48264576,NO,9657
chr15,81384261,81392109,NO,7848
chr17,27308256,27310473,NO,2217
chr7,150281590,150285274,NO,3684
chr7,151091556,151097283,NO,5727
chr11,68096652,68099727,NO,3075
chr9,37908155,37918123,NO,9968
chr19,50220398,50231460,NO,11062
chr14,77294199,77311707,NO,17508
chrX,9424219,9434380,NO,10161
chr1,24699800,24719177,NO,19377
chr1,28269111,28271420,NO,2309
chr14,100806395,100812576,NO,6181
chr5,171836730,171856594,NO,19864
chr10,101247076,101258461,NO,11385
chr8,22417559,22420476,NO,2917
chr18,77709556,77711942,NO,2386
chr10,49875970,49881434,NO,5464
chr2,60710881,60743944,NO,33063
chr1,26248552,26250547,NO,1995
chr14,103473326,103491040,NO,17714
chr4,10007425,10026183,NO,18758
chr1,154148380,154154255,NO,5875
chr13,49875309,49889038,NO,13729
chr2,48637971,48661683,NO,23712
chr9,133721070,133736536,NO,15466
chr8,37455650,37458718,NO,3068
chrX,309480,319199,NO,9719
chr3,167581340,167595757,NO,14417
chr3,37806904,37814557,NO,7653
chr10,72114165,72124715,NO,10550
chr3,193788099,193808172,NO,20073
chr7,127743309,127762386,NO,19077
chr2,25383304,25385039,NO,1735
chr6,169613006,169615938,NO,2932
chr6,86170153,86176123,NO,5970
chr20,59131815,59141729,NO,9914
chr17,38173799,38180349,NO,6550
chr6,149381251,149402397,NO,21146
chr19,1896989,1898802,NO,1813
chr17,19604736,19608223,NO,3487
chr16,2091933,2095185,NO,3252
chr9,91486300,91489889,NO,3589
chr19,1086921,1089447,NO,2526
chr4,140215900,140217872,NO,1972
chr11,111410767,111413266,NO,2499
chr9,4759721,4763954,NO,4233
chr17,40518536,40533355,NO,14819
chr15,73578149,73597092,NO,18943
chr4,40232099,40249191,NO,17092
chr4,4318838,4335690,NO,16852
chr9,128394646,128415535,NO,20889
chr14,81982840,81987462,NO,4622
chr8,48485632,48515206,NO,29574
chr1,22961852,22965861,NO,4009
chr12,6526053,6540747,NO,14694
chr1,16122714,16127906,NO,5192
chr4,160169496,160195400,NO,25904
chr12,27731172,27748644,NO,17472
chrX,37604720,37615278,NO,10558
chr20,31554639,31561322,NO,6683
chr17,462560,477824,NO,15264
chr14,71686524,71689128,NO,2604
chr1,85084112,85087041,NO,2929
chr6,6915453,6932042,NO,16589
chr6,53412053,53413800,NO,1747
chr6,19801461,19806185,NO,4724
chr10,30862535,30877010,NO,14475
chr8,81489324,81491859,NO,2535
chr7,4050383,4062041,NO,11658
chr16,4535182,4540426,NO,5244
chr8,123921699,123935657,NO,13958
chr2,42189827,42195752,NO,5925
chrX,135271021,135297676,NO,26655
chr11,1900466,1904007,NO,3541
chr21,38592500,38594214,NO,1714
chr18,30695941,30752333,NO,56392
chr17,16913270,16925908,NO,12638
chr3,37171354,37188173,NO,16819
chr4,174430181,174448941,NO,18760
chr3,50370419,50372519,NO,2100
chr7,139523681,139531521,NO,7840
chrX,18903809,18906336,NO,2527
chr22,23587304,23607165,NO,19861
chr14,85997025,86002841,NO,5816
chr3,149968980,149975124,NO,6144
chr3,158526298,158537223,NO,10925
chr10,5882048,5895208,NO,13160
chr18,72782002,72784070,NO,2068
chr1,56935518,56944037,NO,8519
chr10,7513562,7527708,NO,14146
chr18,7272342,7274342,NO,2000
chr3,46503158,46505731,NO,2573
chr9,135644321,135646360,NO,2039
chr12,92259750,92271469,NO,11719
chr6,43710538,43715862,NO,5324
chr3,119435597,119467616,NO,32019
chr6,20204134,20207824,NO,3690
chr1,230281082,230290396,NO,9314
chr3,38039418,38040847,NO,1429
chr4,153877654,153883072,NO,5418
chr3,197438694,197440763,NO,2069
chr2,145416972,145429975,NO,13003
chr3,15310670,15315451,NO,4781
chrX,13491244,13506751,NO,15507
chr2,197225370,197238657,NO,13287
chr14,24742657,24749265,NO,6608
chr9,94907859,94916621,NO,8762
chr3,39282603,39331976,NO,49373
chr16,30724538,30737319,NO,12781
chr2,112132232,112140134,NO,7902
chr17,63118802,63120207,NO,1405
chr16,74471780,74484603,NO,12823
chr11,1801720,1804989,NO,3269
chr6,3323650,3338366,NO,14716
chr17,4348011,4353643,NO,5632
chr2,37569699,37572827,NO,3128
chr2,96656962,96658820,NO,1858
chr17,74593376,74598660,NO,5284
chr7,30466730,30474224,NO,7494
chr16,18061934,18067002,NO,5068
chr12,64976728,64979854,NO,3126
chr22,42792518,42794478,NO,1960
chr4,144832826,144833838,NO,1012
chr20,47588313,47601343,NO,13030
chr18,73975286,73979062,NO,3776
chr7,63766611,63768891,NO,2280
chr18,10592912,10595323,NO,2411
chr18,11916137,11918525,NO,2388
chr20,22840831,22843970,NO,3139
chr1,72748228,72750522,NO,2294
chr17,61042544,61044657,NO,2113
chrX,49164747,49167131,NO,2384
chr10,101414324,101419925,NO,5601
chr2,54949408,54951516,NO,2108
chr15,67021439,67038884,NO,17445
chr18,3621789,3625579,NO,3790
chr9,124246844,124249679,NO,2835
chr12,52519317,52522125,NO,2808
chr7,390820,403322,NO,12502
chr16,57926026,57928812,NO,2786
chr19,555437,568392,NO,12955
chr7,105330825,105332867,NO,2042
chr4,7939568,7941804,NO,2236
chr1,202779109,202791493,NO,12384
chr4,41050583,41054993,NO,4410
chr8,134418307,134420278,NO,1971
chr9,135114413,135120706,NO,6293
chr10,5326016,5340210,NO,14194
chr8,141355682,141360884,NO,5202
chr15,72564121,72565920,NO,1799
chr2,242047439,242068087,NO,20648
chr22,40342446,40358570,NO,16124
chr16,88295195,88299587,NO,4392
chr20,59862136,59883840,NO,21704
chr11,111684941,111691555,NO,6614
chr8,27131690,27154933,NO,23243
chr8,22240289,22251078,NO,10789
chr1,15929499,15930944,NO,1445
chr5,1385526,1387294,NO,1768
chr17,15393435,15429879,NO,36444
chr3,9987575,9989621,NO,2046
chr16,4709110,4712473,NO,3363
chr10,16992602,17011466,NO,18864
chr10,78896436,78924304,NO,27868
chr16,68065803,68075836,NO,10033
chr9,101002841,101014535,NO,11694
chr14,69093816,69106847,NO,13031
chr2,8760542,8777892,NO,17350
chr2,87867774,87875681,NO,7907
chr20,62172492,62174780,NO,2288
chr5,53877269,53916883,NO,39614
chr9,123228368,123238527,NO,10159
chr2,236341483,236343366,NO,1883
chr4,71599602,71601679,NO,2077
chr22,17738437,17748037,NO,9600
chr15,71998752,72010371,NO,11619
chr10,14689523,14702563,NO,13040
chr5,177738910,177742804,NO,3894
chr21,42758192,42769804,NO,11612
chr6,150724400,150743057,NO,18657
chr9,96263032,96275204,NO,12172
chr1,53168387,53173498,NO,5111
chr18,55296853,55307792,NO,10939
chr3,56949843,56958760,NO,8917
chr11,15646749,15673993,NO,27244
chr1,218519936,218525500,NO,5564
chr17,56708384,56710427,NO,2043
chr10,97580755,97601922,NO,21167
chr19,18669975,18674151,NO,4176
chr1,27870279,27874596,NO,4317
chr1,160598311,160612578,NO,14267
chr4,37664125,37669320,NO,5195
chr22,46396910,46400820,NO,3910
chr16,57093129,57097112,NO,3983
chr1,230405861,230418594,NO,12733
chrX,41294516,41303087,NO,8571
chr1,111161946,111190703,NO,28757
chr13,41137380,41165041,NO,27661
chr14,55347580,55349718,NO,2138
chr19,3810456,3814354,NO,3898
chr6,133063437,133072811,NO,9374
chr1,66735648,66748916,NO,13268
chr4,1185153,1188828,NO,3675
chr6,108939813,108957874,NO,18061
chr8,13004706,13027689,NO,22983
chr10,17776929,17801689,NO,24760
chr4,4854411,4863672,NO,9261
chr2,85059889,85075008,NO,15119
chr17,74377634,74382065,NO,4431
chr22,40606610,40617435,NO,10825
chr2,240072276,240080168,NO,7892
chr1,222987457,222989048,NO,1591
chr13,40794887,40811160,NO,16273
chr11,1578956,1596022,NO,17066
chr13,110812097,110815003,NO,2906
chr18,9403471,9417731,NO,14260
chr14,102780045,102784292,NO,4247
chr19,13960678,13962754,NO,2076
chr11,16812465,16836981,NO,24516
chr19,42891099,42906636,NO,15537
chr20,22696851,22704295,NO,7444
chr11,129988471,129995224,NO,6753
chr7,148637591,148639334,NO,1743
chr17,78559680,78561618,NO,1938
chr19,5075357,5091563,NO,16206
chrX,53019097,53025736,NO,6639
chr3,139249402,139255513,NO,6111
chr19,3698254,3700681,NO,2427
chr1,164675866,164682489,NO,6623
chr2,110097631,110101130,NO,3499
chr3,58257458,58282767,NO,25309
chr6,37469505,37485466,NO,15961
chr5,74614687,74617069,NO,2382
chr2,112781178,112791931,NO,10753
chr2,237624996,237628945,NO,3949
chr4,105978407,105983180,NO,4773
chr16,89682309,89692415,NO,10106
chr8,29026408,29029008,NO,2600
chr12,3813699,3838670,NO,24971
chr20,59906250,59908826,NO,2576
chr18,3058122,3062419,NO,4297
chr19,15559527,15564288,NO,4761
chr9,110429272,110446716,NO,17444
chr20,23227282,23239910,NO,12628
chr8,144123463,144137540,NO,14077
chr17,402668,442559,NO,39891
chr22,19753181,19756312,NO,3131
chr1,150732802,150750662,NO,17860
chr5,176964226,176974356,NO,10130
chr8,223816,229694,NO,5878
chr1,27518476,27528236,NO,9760
chr20,46187545,46208131,NO,20586
chr17,2025611,2042386,NO,16775
chr14,68666202,68681477,NO,15275
chr1,15584604,15588821,NO,4217
chr16,2218987,2221659,NO,2672
chr1,160398412,160408628,NO,10216
chr5,53941085,53943778,NO,2693
chr7,130645174,130647557,NO,2383
chr8,50821694,50824831,NO,3137
chr8,144627652,144630059,NO,2407
chr7,27152492,27154457,NO,1965
chr3,69417217,69421575,NO,4358
chr2,2059490,2065406,NO,5916
chr8,59184951,59196345,NO,11394
chr10,28957207,28969390,NO,12183
chr10,34815050,34829507,NO,14457
chr1,22140634,22145455,NO,4821
chr11,67380774,67382680,NO,1906
chr19,14258638,14261605,NO,2967
chr10,121413415,121423878,NO,10463
chr20,30792623,30804693,NO,12070
chr12,123543451,123573969,NO,30518
chr15,74424595,74430222,NO,5627
chr17,80063449,80065299,NO,1850
chr13,26759819,26761285,NO,1466
chr10,73846403,73849378,NO,2975
chr8,71126332,71139562,NO,13230
chr7,76136872,76147607,NO,10735
chr15,65274021,65278338,NO,4317
chr2,27849064,27852520,NO,3456
chr12,92792591,92806353,NO,13762
chr2,1157838,1166618,NO,8780
chr1,160536859,160547560,NO,10701
chr20,2235756,2244567,NO,8811
chr11,72915240,72930049,NO,14809
chr6,32211278,32223945,NO,12667
chr8,18575127,18614740,NO,39613
chr18,42287878,42306153,NO,18275
chr7,101360082,101362336,NO,2254
chr2,114298743,114300147,NO,1404
chr10,112285025,112290633,NO,5608
chr8,126477678,126479746,NO,2068
chr14,92411413,92415048,NO,3635
chr7,36814443,36830443,NO,16000
chr19,34624795,34626241,NO,1446
chr4,77722543,77734240,NO,11697
chr8,131194371,131233775,NO,39404
chr3,172032911,172038040,NO,5129
chr8,126936767,126963659,NO,26892
chr19,40909059,40910641,NO,1582
chr4,90031669,90033349,NO,1680
chr9,98388600,98390818,NO,2218
chr16,66440211,66443063,NO,2852
chr21,45392300,45427147,NO,34847
chr11,70456547,70475931,NO,19384
chr1,230240084,230263306,NO,23222
chr16,89221174,89234514,NO,13340
chr9,137662465,137681912,NO,19447
chr19,3164497,3166400,NO,1903
chr7,106503757,106508171,NO,4414
chr8,21766344,21772029,NO,5685
chr1,39597359,39599243,NO,1884
chr20,17938188,17940953,NO,2765
chr16,12551763,12554400,NO,2637
chr1,31316938,31321502,NO,4564
chr17,33373686,33379821,NO,6135
chr14,91224089,91226336,NO,2247
chr19,55516719,55527471,NO,10752
chr13,50782443,50805113,NO,22670
chr8,49582554,49596496,NO,13942
chr3,194357650,194363064,NO,5414
chr20,36542701,36548742,NO,6041
chr16,29298903,29303329,NO,4426
chr6,4348825,4359992,NO,11167
chr1,17336137,17343242,NO,7105
chr9,130515362,130518461,NO,3099
chr12,94196786,94213813,NO,17027
chr14,69753867,69759063,NO,5196
chr10,3916250,3930596,NO,14346
chr3,71438266,71441299,NO,3033
chrX,154234169,154238593,NO,4424
chr21,45660223,45664571,NO,4348
chr2,135039873,135053587,NO,13714
chr9,86085764,86088899,NO,3135
chr2,202897273,202899553,NO,2280
chrX,129114256,129131665,NO,17409
chr1,118320943,118321635,NO,692
chr13,45899404,45909999,NO,10595
chr6,156486250,156489715,NO,3465
chr19,341496,345287,NO,3791
chr12,121888442,121891402,NO,2960
chr1,12532112,12541451,NO,9339
chr5,440576,449174,NO,8598
chr17,27911297,27914052,NO,2755
chr6,15061294,15068016,NO,6722
chr3,149250211,149272517,NO,22306
chrX,153212408,153215697,NO,3289
chr11,1703087,1715863,NO,12776
chr10,33555836,33566666,NO,10830
chr12,121199014,121221414,NO,22400
chr12,123427212,123432525,NO,5313
chr1,204385875,204389936,NO,4061
chr17,45809814,45814567,NO,4753
chrX,119618860,119620508,NO,1648
chr7,142919017,142921432,NO,2415
chrX,2238497,2243344,NO,4847
chr6,159210442,159230467,NO,20025
chr3,44995869,45012005,NO,16136
chr20,5148944,5152776,NO,3832
chr17,79088108,79093832,NO,5724
chr12,89777189,89787948,NO,10759
chr12,12619233,12636903,NO,17670
chr6,33791926,33808940,NO,17014
chr3,46247737,46275200,NO,27463
chr5,176754337,176767319,NO,12982
chr5,139947844,139955294,NO,7450
chr7,25018839,25021868,NO,3029
chr16,1762242,1772706,NO,10464
chr2,101539956,101542242,NO,2286
chr1,23938772,23947437,NO,8665
chr19,2086312,2088587,NO,2275
chr16,56880769,56909306,NO,28537
chr6,75912302,75927151,NO,14849
chr5,98361416,98369927,NO,8511
chr3,194696168,194698592,NO,2424
chr10,125968068,125980697,NO,12629
chr14,101037651,101042450,NO,4799
chr3,189772244,189777805,NO,5561
chr13,22008790,22011841,NO,3051
chr17,818352,821995,NO,3643
chr19,33884376,33889069,NO,4693
chrX,64626354,64628184,NO,1830
chr19,18475301,18477465,NO,2164
chr16,66736867,66741781,NO,4914
chr14,103966768,103988222,NO,21454
chr3,37631040,37633828,NO,2788
chr19,52265751,52269317,NO,3566
chr17,37248235,37256464,NO,8229
chr21,44984778,45006333,NO,21555
chr2,74211312,74213598,NO,2286
chr5,171576353,171581519,NO,5166
chr7,3981710,3989410,NO,7700
chr11,71779843,71782173,NO,2330
chr20,32366416,32381942,NO,15526
chr1,118195784,118207195,NO,11411
chrX,68048761,68052167,NO,3406
chr15,75638887,75643291,NO,4404
chr17,48735541,48739995,NO,4454
chr5,2183126,2185711,NO,2585
chr16,81895003,81901390,NO,6387
chr10,129670176,129680383,NO,10207
chr8,131073832,131077782,NO,3950
chr15,101803929,101808582,NO,4653
chr22,34199334,34222446,NO,23112
chr2,236909336,236916924,NO,7588
chr14,106452482,106456723,NO,4241
chr1,52034403,52044730,NO,10327
chr19,51896948,51911814,NO,14866
chr14,21564321,21567642,NO,3321
chr6,36595003,36605266,NO,10263
chr8,145044597,145049138,NO,4541
chr9,124413302,124421213,NO,7911
chr18,19605585,19608126,NO,2541
chr4,82470979,82487777,NO,16798
chr13,33664316,33667865,NO,3549
chr17,73822530,73824928,NO,2398
chr11,44991054,45014664,NO,23610
chr12,56535799,56539510,NO,3711
chr22,19830575,19833117,NO,2542
chr5,60921036,60928155,NO,7119
chr19,22034011,22035525,NO,1514
chr18,43266396,43269128,NO,2732
chr6,84760103,84769817,NO,9714
chr11,123036725,123073799,NO,37074
chr6,132810499,132832805,NO,22306
chr1,198744756,198747783,NO,3027
chr20,10584146,10594931,NO,10785
chr20,59923581,59930544,NO,6963
chr10,439778,441219,NO,1441
chr2,46715230,46727736,NO,12506
chr9,80550365,80562930,NO,12565
chr4,114212353,114222163,NO,9810
chr20,33596198,33606146,NO,9948
chr12,51635592,51642038,NO,6446
chr20,46107921,46122476,NO,14555
chr8,39797254,39810069,NO,12815
chr7,36630481,36654701,NO,24220
chr1,66836853,66841263,NO,4410
chr3,14610659,14613169,NO,2510
chr2,218141704,218144716,NO,3012
chr3,49571802,49578232,NO,6430
chr1,109356969,109373888,NO,16919
chr4,7779519,7784221,NO,4702
chr17,27138465,27140140,NO,1675
chr1,221506841,221510203,NO,3362
chr12,122248403,122251881,NO,3478
chr17,65465358,65492918,NO,27560
chr15,65151002,65155087,NO,4085
chr3,184762614,184765310,NO,2696
chr15,67052584,67066963,NO,14379
chr4,15401868,15426470,NO,24602
chr3,107317310,107319027,NO,1717
chr9,94579106,94606982,NO,27876
chr3,45986371,46000840,NO,14469
chr16,16161064,16170874,NO,9810
chr7,142623309,142626173,NO,2864
chr16,88560099,88567428,NO,7329
chr20,48241647,48253171,NO,11524
chr4,2746914,2749323,NO,2409
chr17,34311052,34316106,NO,5054
chr6,13353896,13357600,NO,3704
chr3,178978475,178986957,NO,8482
chr6,37515299,37531480,NO,16181
chr6,37098364,37113136,NO,14772
chrX,70321706,70324883,NO,3177
chr6,106531833,106536526,NO,4693
chr2,28883484,28888857,NO,5373
chr18,3653793,3666552,NO,12759
chr12,7591984,7593141,NO,1157
chr17,41166375,41168684,NO,2309
chr17,9142752,9145811,NO,3059
chr17,5981819,5985298,NO,3479
chr11,57405010,57413940,NO,8930
chr9,98884472,98904524,NO,20052
chr13,37661209,37666894,NO,5685
chr9,129986189,130008097,NO,21908
chr1,36865952,36867868,NO,1916
chr1,19712430,19719011,NO,6581
chr12,94241741,94243378,NO,1637
chr4,77500687,77512644,NO,11957
chr14,56273176,56286693,NO,13517
chr6,151074152,151089335,NO,15183
chr19,1870996,1874606,NO,3610
chr18,67602687,67622983,NO,20296
chr19,35837132,35839354,NO,2222
chr8,326588,328531,NO,1943
chr9,117715565,117721421,NO,5856
chr17,45913289,45916638,NO,3349
chr2,234239553,234241497,NO,1944
chr15,75246929,75250079,NO,3150
chr1,247289355,247290650,NO,1295
chr16,81401761,81435284,NO,33523
chr16,72045571,72048867,NO,3296
chr6,7188017,7203248,NO,15231
chr1,31255236,31272544,NO,17308
chr8,131684372,131686569,NO,2197
chr11,46614691,46616375,NO,1684
chr2,62442581,62447337,NO,4756
chr1,16212051,16213880,NO,1829
chr17,71587582,71597050,NO,9468
chr13,113526842,113529219,NO,2377
chr1,2573642,2575022,NO,1380
chr10,126246614,126250223,NO,3609
chr6,27719933,27722214,NO,2281
chr21,43606746,43609351,NO,2605
chr11,70161383,70173679,NO,12296
chr10,22517616,22519786,NO,2170
chr14,100744916,100764430,NO,19514
chr20,10481972,10495274,NO,13302
chr13,111122439,111132097,NO,9658
chr9,129890693,129896606,NO,5913
chr9,35698363,35701426,NO,3063
chr2,109647229,109650137,NO,2908
chr19,50362757,50365523,NO,2766
chr2,237421449,237455894,NO,34445
chr5,55396415,55420200,NO,23785
chr8,131502983,131505067,NO,2084
chr19,40862934,40884707,NO,21773
chr11,74885311,74893790,NO,8479
chr3,141029870,141031455,NO,1585
chr16,85339393,85356392,NO,16999
chr6,112003963,112008314,NO,4351
chr12,2392671,2404723,NO,12052
chrX,15767571,15770572,NO,3001
chr3,65865717,65884996,NO,19279
chr18,33095820,33106890,NO,11070
chr16,374368,399779,NO,25411
chr14,105557504,105560676,NO,3172
chr12,68798864,68814830,NO,15966
chr16,2656070,2657980,NO,1910
chr1,246732626,246748795,NO,16169
chr10,71625525,71627814,NO,2289
chr19,34807089,34823679,NO,16590
chr11,61871241,61880250,NO,9009
chr17,63095990,63103450,NO,7460
chrX,37635815,37656532,NO,20717
chr22,40719662,40732590,NO,12928
chr17,72737596,72739994,NO,2398
chr22,47587423,47591490,NO,4067
chr8,120985672,121003990,NO,18318
chr6,41649698,41651808,NO,2110
chr2,178029598,178031608,NO,2010
chr17,33348162,33351059,NO,2897
chr3,53143733,53158143,NO,14410
chr14,65111039,65122204,NO,11165
chr17,65253193,65257274,NO,4081
chr6,6748437,6760099,NO,11662
chr7,130903435,130916893,NO,13458
chr18,35029643,35038349,NO,8706
chr12,132849918,132863288,NO,13370
chr1,25174036,25175576,NO,1540
chr8,67434219,67448641,NO,14422
chr14,21505918,21508606,NO,2688
chr1,246109433,246120263,NO,10830
chr4,88418847,88448057,NO,29210
chr6,3825456,3835846,NO,10390
chr9,74245086,74262778,NO,17692
chr8,10190278,10193497,NO,3219
chr1,2136608,2138108,NO,1500
chr20,50244960,50248967,NO,4007
chr16,87589800,87591647,NO,1847
chr9,134089666,134114293,NO,24627
chrX,52004419,52005787,NO,1368
chr11,100997361,100999543,NO,2182
chr19,35800383,35812226,NO,11843
chr19,34840550,34851209,NO,10659
chr1,112806260,112811445,NO,5185
chr2,191826497,191846348,NO,19851
chr1,204475148,204477523,NO,2375
chr10,28620713,28624505,NO,3792
chr14,77328918,77334521,NO,5603
chr19,46519417,46526983,NO,7566
chr9,93910060,93927211,NO,17151
chr12,53358184,53371572,NO,13388
chr10,44287405,44305439,NO,18034
chr11,2954030,2967508,NO,13478
chr14,93332332,93345351,NO,13019
chr10,90145035,90148605,NO,3570
chr22,28121691,28123787,NO,2096
chr2,11969353,11971094,NO,1741
chr9,82224915,82239744,NO,14829
chr9,45355708,45357359,NO,1651
chr3,172297820,172327062,NO,29242
chr6,168134088,168162082,NO,27994
chr17,18313815,18316227,NO,2412
chr7,65669543,65672468,NO,2925
chr6,52168995,52173401,NO,4406
chr10,104956705,104962885,NO,6180
chr18,77671228,77673566,NO,2338
chr1,145541737,145543790,NO,2053
chr2,120960570,120968612,NO,8042
chr1,78562337,78580268,NO,17931
chr4,53688721,53692455,NO,3734
chr2,137134046,137152531,NO,18485
chr5,141768106,141780419,NO,12313
chr1,35907723,35920671,NO,12948
chr10,24738049,24754168,NO,16119
chr6,11592552,11610582,NO,18030
chr17,222259,244139,NO,21880
chr19,53425946,53427932,NO,1986
chr3,146186534,146187818,NO,1284
chr12,76370913,76377741,NO,6828
chr2,217421794,217439214,NO,17420
chr5,39520424,39527967,NO,7543
chr5,178804322,178807102,NO,2780
chr8,55155165,55158363,NO,3198
chr18,2856004,2858427,NO,2423
chr14,74867588,74870159,NO,2571
chr9,101868837,101882396,NO,13559
chr19,53699592,53701098,NO,1506
chr10,92689520,92691853,NO,2333
chr8,13046627,13061981,NO,15354
chr5,142075207,142078822,NO,3615
chr13,110356388,110358769,NO,2381
chr6,89743979,89755166,NO,11187
chr12,92854778,92862698,NO,7920
chr2,71942858,71948958,NO,6100
chr15,99442079,99445664,NO,3585
chr16,2009083,2012035,NO,2952
chr1,184223791,184228435,NO,4644
chr5,95192719,95206906,NO,14187
chr16,85968904,85982060,NO,13156
chr1,21900265,21917777,NO,17512
chr15,69958340,69962026,NO,3686
chr11,35233772,35250860,NO,17088
chr3,55519221,55522637,NO,3416
chr14,21182643,21194990,NO,12347
chr6,47028675,47051784,NO,23109
chr15,74889949,74891632,NO,1683
chr14,75017794,75020360,NO,2566
chr11,12713732,12716450,NO,2718
chr3,151036350,151050040,NO,13690
chr1,15414487,15417730,NO,3243
chr19,40922561,40924238,NO,1677
chr5,173248280,173263618,NO,15338
chr17,1902613,1924742,NO,22129
chr4,13543653,13547071,NO,3418
chr13,99856270,99891469,NO,35199
chr11,119541715,119555916,NO,14201
chr10,18032967,18048672,NO,15705
chr7,80243839,80285231,NO,41392
chr1,114517707,114526203,NO,8496
chr16,81719337,81732526,NO,13189
chr17,30333838,30335511,NO,1673
chr17,6929515,6933939,NO,4424
chr3,138580981,138610451,NO,29470
chr16,30785813,30787853,NO,2040
chr11,100451876,100457941,NO,6065
chr5,149109262,149112221,NO,2959
chr6,11323159,11331487,NO,8328
chr7,22736071,22763820,NO,27749
chr12,63091038,63109791,NO,18753
chr9,3936354,3964172,NO,27818
chr4,152245417,152247553,NO,2136
chr17,20434751,20437174,NO,2423
chr4,140578682,140583089,NO,4407
chr12,50578908,50583509,NO,4601
chr13,29104902,29107850,NO,2948
chr8,26116199,26125325,NO,9126
chr17,64455412,64465675,NO,10263
chr6,110091656,110095048,NO,3392
chr22,41611947,41634262,NO,22315
chr2,74408130,74414206,NO,6076
chr8,42122590,42125516,NO,2926
chrX,1367102,1369151,NO,2049
chr1,160710670,160738368,NO,27698
chr3,184095078,184098812,NO,3734
chr8,143884488,143889983,NO,5495
chr5,10445002,10461074,NO,16072
chr6,20474970,20498231,NO,23261
chr1,229073436,229077472,NO,4036
chr22,39922551,39926122,NO,3571
chr15,95711984,95718118,NO,6134
chr2,239289780,239296234,NO,6454
chr1,227061471,227071387,NO,9916
chr2,191331424,191335478,NO,4054
chr6,148762220,148777533,NO,15313
chr7,63353286,63371013,NO,17727
chr1,1564013,1567493,NO,3480
chr3,16509579,16525696,NO,16117
chr5,168543501,168549876,NO,6375
chr4,1727061,1730257,NO,3196
chr20,5573889,5589437,NO,15548
chr17,72673534,72687712,NO,14178
chr10,35736655,35743569,NO,6914
chr11,72121619,72125997,NO,4378
chr3,113829248,113842445,NO,13197
chr12,69344745,69347123,NO,2378
chr6,147091206,147094320,NO,3114
chr12,68841107,68846403,NO,5296
chr19,44711284,44712192,NO,908
chr2,38487493,38494627,NO,7134
chrX,9948589,9954717,NO,6128
chr12,106667731,106676460,NO,8729
chr18,9103875,9117889,NO,14014
chr6,135040209,135042997,NO,2788
chr10,75384730,75386564,NO,1834
chr19,45669749,45677082,NO,7333
chr1,36558350,36562575,NO,4225
chr7,3131005,3144676,NO,13671
chr1,222627778,222639676,NO,11898
chr15,38420634,38424088,NO,3454
chr10,33218562,33230246,NO,11684
chr13,111449559,111464929,NO,15370
chr17,44954511,44956889,NO,2378
chr14,102966123,102971778,NO,5655
chr2,8552076,8555881,NO,3805
chr9,130550808,130553872,NO,3064
chr1,12127042,12149044,NO,22002
chr15,51609649,51627861,NO,18212
chr4,8507912,8536647,NO,28735
chr1,39915278,39918664,NO,3386
chr3,58443549,58471250,NO,27701
chrX,18686411,18694092,NO,7681
chr14,56799830,56809855,NO,10025
chrX,13391604,13397776,NO,6172
chr16,87615177,87617012,NO,1835
chr2,3631717,3634431,NO,2714
chr21,45615839,45628612,NO,12773
chr4,140683218,140686493,NO,3275
chr2,175527694,175532912,NO,5218
chr1,203337619,203351276,NO,13657
chr1,20810211,20821088,NO,10877
chr6,41734007,41736220,NO,2213
chr4,1226416,1228532,NO,2116
chr22,24014867,24019420,NO,4553
chr8,98437968,98455034,NO,17066
chr5,58182932,58187843,NO,4911
chr8,143991035,144006350,NO,15315
chr15,45122200,45134788,NO,12588
chr17,75270280,75284510,NO,14230
chr6,152689788,152703151,NO,13363
chr22,30736344,30744966,NO,8622
chr16,28722203,28723783,NO,1580
chr11,45042929,45051490,NO,8561
chr9,36469753,36472002,NO,2249
chr15,68173902,68177814,NO,3912
chr1,178544594,178551713,NO,7119
chr3,51571838,51573959,NO,2121
chr1,172787427,172796067,NO,8640
chr8,74276160,74295888,NO,19728
chr8,28633443,28637745,NO,4302
chr20,62473715,62477228,NO,3513
chr17,80452024,80455929,NO,3905
chr1,33925950,33940435,NO,14485
chr8,29073977,29088526,NO,14549
chr10,106058649,106061411,NO,2762
chr9,95969938,95981985,NO,12047
chr6,31542275,31545911,NO,3636
chr10,43749312,43751807,NO,2495
chr14,65501233,65522095,NO,20862
chr17,76587134,76589393,NO,2259
chr16,84784600,84809646,NO,25046
chr3,53521097,53533354,NO,12257
chr4,7632316,7652528,NO,20212
chr11,116795220,116803929,NO,8709
chr2,174854963,174863636,NO,8673
chr7,140089435,140102742,NO,13307
chr2,192058101,192071871,NO,13770
chr1,41880876,41899378,NO,18502
chr15,83517979,83524845,NO,6866
chr16,25117689,25119056,NO,1367
chr12,15308068,15320632,NO,12564
chr1,160509442,160520120,NO,10678
chr15,100223246,100250299,NO,27053
chr1,12493433,12515104,NO,21671
chr6,16412767,16422991,NO,10224
chr4,7053532,7062962,NO,9430
chr1,173839158,173841005,NO,1847
chr7,150036597,150039447,NO,2850
chr14,60237809,60254603,NO,16794
chr4,54568353,54570056,NO,1703
chr12,31985226,31989007,NO,3781
chr7,100199625,100202690,NO,3065
chr14,64698692,64715770,NO,17078
chr12,92756462,92758895,NO,2433
chr22,50247429,50261637,NO,14208
chr10,81139126,81142789,NO,3663
chr14,23319692,23321435,NO,1743
chr7,120652359,120690242,NO,37883
chr11,468404,470711,NO,2307
chr6,12957248,12963754,NO,6506
chr4,8429373,8439740,NO,10367
chr6,3159902,3163777,NO,3875
chr13,23948835,23950458,NO,1623
chr7,2309112,2312046,NO,2934
chr17,8269353,8280750,NO,11397
chr7,50252506,50261193,NO,8687
chr7,158769247,158773605,NO,4358
chr6,112032112,112053215,NO,21103
chr17,62961263,62966517,NO,5254
chr20,18538663,18552512,NO,13849
chr3,13492651,13494541,NO,1890
chr9,107688310,107690769,NO,2459
chr10,13980553,14002389,NO,21836
chr6,5130368,5133948,NO,3580
chr19,47239635,47241656,NO,2021
chr6,154553091,154578761,NO,25670
chr3,38998771,39003180,NO,4409
chr5,121691571,121705718,NO,14147
chr3,184490651,184505131,NO,14480
chr2,223653752,223671013,NO,17261
chr11,2310474,2312216,NO,1742
chr1,207197330,207200054,NO,2724
chr15,85360664,85368296,NO,7632
chr3,42514051,42519079,NO,5028
chr13,34297214,34318709,NO,21495
chr18,22713913,22722371,NO,8458
chr9,130787470,130791394,NO,3924
chr9,136542232,136549793,NO,7561
chr16,75133126,75145349,NO,12223
chr21,16047919,16060652,NO,12733
chr1,86894142,86896678,NO,2536
chr9,92170246,92172296,NO,2050
chr7,128711806,128714000,NO,2194
chr14,90755279,90767978,NO,12699
chr10,44878086,44882195,NO,4109
chr10,90977000,91003545,NO,26545
chr7,131976689,131984849,NO,8160
chr5,75838514,75844603,NO,6089
chr11,116851005,116857928,NO,6923
chr17,8041405,8043328,NO,1923
chr8,13219184,13225644,NO,6460
chr14,68606287,68613464,NO,7177
chr4,140595944,140614199,NO,18255
chr11,2334560,2337411,NO,2851
chr13,43618878,43633369,NO,14491
chr3,4516067,4520517,NO,4450
chr15,48833979,48853792,NO,19813
chr6,169557633,169573591,NO,15958
chr8,57470772,57473333,NO,2561
chr7,25659536,25665631,NO,6095
chr19,53038509,53040184,NO,1675
chr12,122883550,122898901,NO,15351
chr16,4689222,4691618,NO,2396
chr8,2074207,2076023,NO,1816
chr6,28072156,28073420,NO,1264
chr17,17464337,17471107,NO,6770
chr4,169798398,169803426,NO,5028
chr4,99366991,99369584,NO,2593
chr16,90143516,90149377,NO,5861
chr15,90418792,90421279,NO,2487
chr15,90205605,90209777,NO,4172
chr18,10032163,10041737,NO,9574
chr2,122353119,122370310,NO,17191
chr10,73452823,73455984,NO,3161
chr14,55239311,55250484,NO,11173
chr20,43965265,43968287,NO,3022
chr1,2134692,2136593,NO,1901
chr2,228189228,228191066,NO,1838
chr20,20714419,20725300,NO,10881
chr10,80502281,80532516,NO,30235
chr19,1073766,1078148,NO,4382
chr21,39591270,39601964,NO,10694
chr13,94962283,94982163,NO,19880
chr10,70982041,70989918,NO,7877
chr10,92957932,92961470,NO,3538
chr2,46502055,46505402,NO,3347
chr12,111493953,111495805,NO,1852
chr1,207580797,207589213,NO,8416
chr3,47050660,47059931,NO,9271
chr2,145353344,145366960,NO,13616
chr12,78221832,78228210,NO,6378
chr14,77872283,77874746,NO,2463
chr15,76431831,76463669,NO,31838
chr19,17827765,17833072,NO,5307
chr20,47474050,47490257,NO,16207
chr13,24873332,24882182,NO,8850
chr15,59466607,59474247,NO,7640
chr13,42037082,42040669,NO,3587
chr18,22676474,22683315,NO,6841
chr6,155758034,155774125,NO,16091
chr10,97238356,97241165,NO,2809
chr11,8934707,8939204,NO,4497
chr7,150125116,150133114,NO,7998
chr4,6964349,6970170,NO,5821
chr1,2209494,2212154,NO,2660
chr12,122269525,122278317,NO,8792
chr6,139845541,139869002,NO,23461
chr1,92000968,92035987,NO,35019
chr3,151911239,151923469,NO,12230
chr22,39485742,39489031,NO,3289
chr10,43248278,43250815,NO,2537
chr14,21438739,21440505,NO,1766
chr14,20944388,20947089,NO,2701
chr21,36900120,36903084,NO,2964
chr22,46443026,46444728,NO,1702
chr2,97618707,97628934,NO,10227
chr17,17803658,17817844,NO,14186
chr1,228457249,228471441,NO,14192
chr18,13221674,13224516,NO,2842
chr11,19598147,19600766,NO,2619
chr10,104227354,104230056,NO,2702
chrX,21964651,21992840,NO,28189
chr19,51225841,51229124,NO,3283
chr19,15397383,15410637,NO,13254
chr3,71595199,71597999,NO,2800
chr22,35805425,35807891,NO,2466
chr8,131256791,131261707,NO,4916
chr17,7358386,7360446,NO,2060
chr17,60772092,60784741,NO,12649
chr19,45138980,45152759,NO,13779
chr1,147993618,148000950,NO,7332
chr10,88703356,88706260,NO,2904
chr19,48394245,48402160,NO,7915
chr17,76981705,76984014,NO,2309
chr2,28685947,28693732,NO,7785
chr1,167569224,167572454,NO,3230
chr3,171546401,171556758,NO,10357
chr5,172357510,172382893,NO,25383
chr11,67182520,67187402,NO,4882
chr2,102332120,102336353,NO,4233
chr3,49275241,49286719,NO,11478
chr19,5993355,5995091,NO,1736
chr17,53770578,53785241,NO,14663
chr8,27803665,27807398,NO,3733
chr5,123984899,123988158,NO,3259
chr4,37755561,37763342,NO,7781
chr6,53323071,53330958,NO,7887
chr9,132890372,132900181,NO,9809
chr19,56121790,56124558,NO,2768
chr4,86618635,86633731,NO,15096
chrX,57977174,57979530,NO,2356
chr3,61832665,61835636,NO,2971
chr6,33600292,33603816,NO,3524
chr5,8059939,8070684,NO,10745
chr2,28670484,28672382,NO,1898
chr10,12305113,12313581,NO,8468
chr19,23455926,23457344,NO,1418
chr9,27393918,27414905,NO,20987
chr17,1638875,1641322,NO,2447
chr21,45176812,45179440,NO,2628
chr15,101548320,101567983,NO,19663
chr4,3109281,3125524,NO,16243
chr15,95905451,95911054,NO,5603
chr15,100154176,100171528,NO,17352
chr6,16319988,16323803,NO,3815
chr2,95872570,95873906,NO,1336
chr13,108918446,108920253,NO,1807
chr6,14210781,14218865,NO,8084
chr1,227175777,227178809,NO,3032
chr14,105994196,105997338,NO,3142
chr1,2129570,2131373,NO,1803
chr5,158759434,158771648,NO,12214
chr20,19254600,19258853,NO,4253
chr14,104039819,104045631,NO,5812
chr8,58943080,58963727,NO,20647
chr5,141394683,141405292,NO,10609
chr4,3203311,3206952,NO,3641
chr16,29821041,29824130,NO,3089
chr8,10267383,10276264,NO,8881
chr10,26832932,26856688,NO,23756
chr2,204974230,204980899,NO,6669
chr13,31236154,31249096,NO,12942
chr2,45794245,45795925,NO,1680
chr14,105855023,105861072,NO,6049
chr13,114301198,114309456,NO,8258
chr17,74511000,74512496,NO,1496
chr5,169759795,169764770,NO,4975
chr10,100346386,100349599,NO,3213
chr2,89156630,89165917,NO,9287
chr6,144980276,144988967,NO,8691
chr7,142934576,142938312,NO,3736
chr7,4140339,4143360,NO,3021
chr7,47292892,47307364,NO,14472
chr5,159245228,159253583,NO,8355
chr20,49305890,49309140,NO,3250
chr16,58154136,58162033,NO,7897
chr1,23748257,23751894,NO,3637
chr3,53303435,53305088,NO,1653
chr6,56226410,56237133,NO,10723
chr12,122803215,122812994,NO,9779
chr8,10872358,10874485,NO,2127
chr3,64929616,64941537,NO,11921
chr3,47704909,47705735,NO,826
chr20,61463086,61470218,NO,7132
chr2,10124542,10135655,NO,11113
chr5,79484928,79495095,NO,10167
chr2,25427012,25439547,NO,12535
chr5,158380292,158386155,NO,5863
chr7,92311486,92328261,NO,16775
chr2,65164038,65174105,NO,10067
chr10,44184791,44203506,NO,18715
chr16,10936211,10946551,NO,10340
chr7,92775005,92777877,NO,2872
chr8,141551858,141560860,NO,9002
chr17,47909637,47929454,NO,19817
chr18,56553943,56563537,NO,9594
chr2,10255527,10261278,NO,5751
chr17,71360966,71363340,NO,2374
chr5,142430744,142447248,NO,16504
chr3,69457635,69470857,NO,13222
chr19,32396524,32401586,NO,5062
chr12,100578665,100591974,NO,13309
chr11,65332157,65334702,NO,2545
chr11,130766213,130768872,NO,2659
chr8,127568654,127571488,NO,2834
chr19,47233195,47235837,NO,2642
chr19,4014681,4024644,NO,9963
chr13,51085864,51104197,NO,18333
chr1,243890062,243895838,NO,5776
chr4,38115566,38134314,NO,18748
chr10,28587801,28592726,NO,4925
chr7,111720470,111725310,NO,4840
chr13,113394438,113396374,NO,1936
chr14,93472571,93480060,NO,7489
chr3,156845699,156849264,NO,3565
chr3,183164968,183166314,NO,1346
chr2,61916209,61922587,NO,6378
chr5,137704547,137705996,NO,1449
chr17,4502031,4512105,NO,10074
chr11,64386103,64389198,NO,3095
chr1,3374029,3390199,NO,16170
chr10,62491273,62494002,NO,2729
chr14,65139756,65149733,NO,9977
chr1,178900300,178904370,NO,4070
chr2,110969293,110970543,NO,1250
chr14,21551757,21554663,NO,2906
chr2,219596008,219610844,NO,14836
chr2,127819063,127823446,NO,4383
chr5,73416013,73424212,NO,8199
chr2,131554831,131556445,NO,1614
chr6,149968891,149970460,NO,1569
chr16,3155521,3157192,NO,1671
chr20,61403656,61409202,NO,5546
chr4,164531763,164534781,NO,3018
chr6,119631471,119636400,NO,4929
chr4,15342347,15356997,NO,14650
chrX,69653561,69656016,NO,2455
chr19,36419377,36423319,NO,3942
chr16,85788042,85793427,NO,5385
chr7,908901,914035,NO,5134
chr22,23440102,23442330,NO,2228
chr1,212356982,212376389,NO,19407
chr7,6768916,6770361,NO,1445
chr1,110923050,110927926,NO,4876
chr10,43655589,43671280,NO,15691
chr14,21077634,21082917,NO,5283
chr11,124980751,124982415,NO,1664
chr14,91667668,91669564,NO,1896
chr9,79257666,79270614,NO,12948
chr11,126616487,126619379,NO,2892
chrX,153249432,153251583,NO,2151
chr11,3320595,3330673,NO,10078
chr12,9876330,9895863,NO,19533
chr6,112158525,112167409,NO,8884
chr13,46869408,46871842,NO,2434
chr15,27273149,27275206,NO,2057
chr1,204448745,204452467,NO,3722
chr17,72227759,72231930,NO,4171
chr20,62464830,62467516,NO,2686
chr3,124371673,124390959,NO,19286
chr22,27028258,27052101,NO,23843
chr2,153682003,153686430,NO,4427
chr3,140935909,140938433,NO,2524
chr22,35863159,35877202,NO,14043
chr12,89845142,89855728,NO,10586
chr5,137964674,137971336,NO,6662
chr15,101099053,101110333,NO,11280
chr14,91188323,91210710,NO,22387
chr17,46569479,46576086,NO,6607
chr19,15698326,15705393,NO,7067
chr19,34395630,34398435,NO,2805
chr10,35657289,35669341,NO,12052
chr9,136988221,136995372,NO,7151
chr3,52558245,52560774,NO,2529
chr1,148927950,148931633,NO,3683
chr7,26368473,26376490,NO,8017
chr11,14598985,14612502,NO,13517
chr1,61648679,61650796,NO,2117
chr12,119683288,119698193,NO,14905
chr1,201417308,201431171,NO,13863
chr13,103244075,103245819,NO,1744
chr14,32345920,32348005,NO,2085
chr1,1143408,1149588,NO,6180
chr3,169662729,169673069,NO,10340
chr15,95508354,95515931,NO,7577
chr3,188003405,188017178,NO,13773
chr19,1901369,1904123,NO,2754
chr10,80806485,80808975,NO,2490
chr11,45376606,45389062,NO,12456
chr17,62771926,62775034,NO,3108
chr13,81032082,81045070,NO,12988
chr3,48730788,48733466,NO,2678
chr8,18705600,18712120,NO,6520
chr5,34761197,34773148,NO,11951
chr6,154477169,154488723,NO,11554
chr9,128268274,128292754,NO,24480
chr11,10920350,10930383,NO,10033
chr12,4671153,4682176,NO,11023
chr12,6854276,6855936,NO,1660
chr1,25651485,25657663,NO,6178
chr1,61907465,61919884,NO,12419
chr8,52873945,52886655,NO,12710
chr3,3213059,3216161,NO,3102
chr8,22830961,22840898,NO,9937
chr17,8094813,8096414,NO,1601
chr11,12419069,12440170,NO,21101
chr16,49608582,49615299,NO,6717
chr4,148750208,148762542,NO,12334
chr13,41012303,41020215,NO,7912
chr11,6667386,6670617,NO,3231
chr17,73827916,73830378,NO,2462
chr16,1406907,1409475,NO,2568
chr1,65414652,65428549,NO,13897
chr9,91389477,91397535,NO,8058
chr22,45177514,45179898,NO,2384
chr12,69178997,69182150,NO,3153
chr1,10010002,10012005,NO,2003
chr1,79111164,79118077,NO,6913
chr7,20258631,20261309,NO,2678
chr9,132625153,132632618,NO,7465
chr17,76438071,76440237,NO,2166
chr18,2905655,2907798,NO,2143
chr22,28064656,28067785,NO,3129
chr1,203641581,203645896,NO,4315
chr1,22183498,22193582,NO,10084
chr6,170488750,170492534,NO,3784
chr16,57534432,57549732,NO,15300
chr4,84237385,84244441,NO,7056
chrX,22010708,22015687,NO,4979
chr14,77567989,77588960,NO,20971
chr20,62406219,62407983,NO,1764
chr17,18056527,18062263,NO,5736
chr19,46180101,46185757,NO,5656
chr14,102836101,102838101,NO,2000
chr12,65107566,65125041,NO,17475
chr1,184452075,184462032,NO,9957
chr17,76641320,76663132,NO,21812
chr3,194958532,194961386,NO,2854
chr21,35916545,35918445,NO,1900
chr3,46339138,46363203,NO,24065
chr17,72775250,72783593,NO,8343
chr11,116705443,116707511,NO,2068
chr15,59584856,59598265,NO,13409
chr13,33542080,33544418,NO,2338
chr22,47008121,47018640,NO,10519
chr14,104853629,104860696,NO,7067
chr2,217453648,217462232,NO,8584
chr1,64970329,64980624,NO,10295
chr8,101224760,101226089,NO,1329
chr11,3274792,3284844,NO,10052
chr14,104397284,104400718,NO,3434
chr19,49315111,49323489,NO,8378
chr19,11270240,11277790,NO,7550
chr9,27456878,27461794,NO,4916
chr9,27110941,27118803,NO,7862
chr8,101440994,101456163,NO,15169
chr2,73972966,73974649,NO,1683
chr9,137552800,137563112,NO,10312
chr8,135731314,135733948,NO,2634
chr15,64914276,64933096,NO,18820
chr8,38874129,38896380,NO,22251
chr5,158200255,158205791,NO,5536
chrX,39534157,39549464,NO,15307
chr8,116458489,116465142,NO,6653
chr11,43707407,43713375,NO,5968
chr17,33315653,33325753,NO,10100
chr8,25165397,25179542,NO,14145
chr11,47958749,47973261,NO,14512
chr19,11074339,11088023,NO,13684
chr8,11663478,11682369,NO,18891
chr1,171110205,171112643,NO,2438
chr4,89519733,89535289,NO,15556
chr1,85902592,85920194,NO,17602
chr2,169962118,169965848,NO,3730
chr5,158153832,158156415,NO,2583
chr7,184310,195254,NO,10944
chr9,75746509,75747741,NO,1232
chr11,2832366,2848244,NO,15878
chr17,45144243,45148999,NO,4756
chr1,27625135,27628125,NO,2990
chr18,6590384,6594420,NO,4036
chr1,89594161,89596479,NO,2318
chr2,25640300,25645218,NO,4918
chr15,34782307,34787723,NO,5416
chr1,3580956,3595507,NO,14551
chr7,71147333,71149558,NO,2225
chr15,101860473,101888796,NO,28323
chr7,8154856,8172626,NO,17770
chr11,64214991,64217188,NO,2197
chr2,133103949,133111306,NO,7357
chr2,234318281,234331454,NO,13173
chr20,47902467,47904714,NO,2247
chr19,55153824,55155977,NO,2153
chr1,56883186,56891518,NO,8332
chr10,11570223,11596851,NO,26628
chr1,161320364,161333906,NO,13542
chr8,103989184,103992830,NO,3646
chr17,74476272,74478705,NO,2433
chr12,121285140,121289644,NO,4504
chr14,51222207,51224937,NO,2730
chr13,30087343,30090554,NO,3211
chr7,69061859,69064083,NO,2224
chr16,3056453,3059145,NO,2692
chr7,75685964,75688082,NO,2118
chr15,73978677,73989528,NO,10851
chr13,45964929,45971241,NO,6312
chr7,5258150,5277649,NO,19499
chr1,247552980,247573923,NO,20943
chr1,43813840,43815977,NO,2137
chr12,53805966,53820071,NO,14105
chr1,185296792,185315832,NO,19040
chr5,142349117,142362800,NO,13683
chr1,36824746,36827041,NO,2295
chr10,120489166,120492368,NO,3202
chrX,153267072,153276588,NO,9516
chr16,21615140,21624082,NO,8942
chr20,36916193,36929192,NO,12999
chr11,61455740,61464273,NO,8533
chrX,40868928,40870349,NO,1421
chr11,63341311,63343179,NO,1868
chr2,23912917,23922855,NO,9938
chr5,157019268,157030088,NO,10820
chr14,75082841,75087037,NO,4196
chr6,157040568,157042685,NO,2117
chr9,130460994,130462457,NO,1463
chr5,135423172,135426126,NO,2954
chr19,20162179,20163827,NO,1648
chr6,113916443,113919697,NO,3254
chr9,33220446,33228054,NO,7608
chr1,202827029,202834958,NO,7929
chr6,26445360,26456562,NO,11202
chr20,49326723,49342302,NO,15579
chr8,124047488,124052162,NO,4674
chr3,135231784,135235958,NO,4174
chr15,89560348,89563348,NO,3000
chr4,78354023,78369007,NO,14984
chr16,69204773,69214108,NO,9335
chr6,138278928,138296485,NO,17557
chr4,144274950,144281294,NO,6344
chr6,17906784,17908804,NO,2020
chr4,159082790,159092877,NO,10087
chr9,100054314,100056773,NO,2459
chr19,1135170,1137331,NO,2161
chr3,42802415,42806558,NO,4143
chr14,55150738,55165612,NO,14874
chr2,162197046,162198008,NO,962
chr1,175093761,175102325,NO,8564
chr1,228973114,228975280,NO,2166
chr1,27049401,27051163,NO,1762
chr11,46339627,46341296,NO,1669
chr12,4311936,4334144,NO,22208
chr5,139227366,139244056,NO,16690
chr12,102318999,102330816,NO,11817
chr4,185815803,185819269,NO,3466
chr9,117655907,117661602,NO,5695
chr20,11194902,11216595,NO,21693
chr10,63776186,63781763,NO,5577
chr19,4806999,4816678,NO,9679
chr20,35942396,35945669,NO,3273
chr16,90022857,90024774,NO,1917
chr6,144356851,144358623,NO,1772
chr10,115706519,115721555,NO,15036
chr3,177719095,177722675,NO,3580
chr1,209907223,209925855,NO,18632
chr1,32354537,32355712,NO,1175
chr7,130609810,130611748,NO,1938
chr12,48282196,48295760,NO,13564
chr5,179222132,179224269,NO,2137
chr14,83158988,83159620,NO,632
chr17,34216651,34228068,NO,11417
chr14,55178114,55180521,NO,2407
chr17,76139471,76141895,NO,2424
chr19,48165809,48168517,NO,2708
chr15,94404890,94409251,NO,4361
chr2,128265662,128274390,NO,8728
chr5,170058317,170061423,NO,3106
chr21,39542397,39544717,NO,2320
chr17,42356641,42358339,NO,1698
chr7,97874328,97879389,NO,5061
chr17,66976952,66985130,NO,8178
chr15,65142351,65145072,NO,2721
chr7,105087805,105089723,NO,1918
chr15,76023545,76031857,NO,8312
chr9,74286477,74305597,NO,19120
chr7,47796834,47798914,NO,2080
chr17,4628027,4630296,NO,2269
chr16,50693419,50701685,NO,8266
chr14,50408644,50413914,NO,5270
chr3,72571519,72573453,NO,1934
chr21,27335124,27359305,NO,24181
chr16,47515545,47528396,NO,12851
chr2,173172101,173174198,NO,2097
chr7,598186,602134,NO,3948
chr17,72339430,72353611,NO,14181
chr19,54521833,54527501,NO,5668
chr6,32440627,32442544,NO,1917
chr17,14251547,14263001,NO,11454
chr1,28517068,28527089,NO,10021
chr10,5816023,5818745,NO,2722
chr5,111077305,111084844,NO,7539
chr2,70334941,70336716,NO,1775
chr12,8861841,8866806,NO,4965
chr10,12819517,12829847,NO,10330
chr17,41605841,41608992,NO,3151
chr14,75058670,75066855,NO,8185
chr1,27907846,27911501,NO,3655
chr11,10479184,10481578,NO,2394
chr20,23006313,23009345,NO,3032
chr1,111215319,111217882,NO,2563
chr9,7967034,7977608,NO,10574
chr16,88746972,88749139,NO,2167
chr10,119157211,119160133,NO,2922
chr3,43382119,43389623,NO,7504
chr4,140895970,140900266,NO,4296
chr17,46947350,46951522,NO,4172
chr8,42409233,42412855,NO,3622
chr22,31112837,31117258,NO,4421
chr9,123155948,123166464,NO,10516
chr14,95780092,95794533,NO,14441
chr17,60547591,60550022,NO,2431
chr4,186425485,186436157,NO,10672
chr19,49971366,49974372,NO,3006
chr22,21056295,21057647,NO,1352
chr3,39792039,39799499,NO,7460
chr16,15948840,15954922,NO,6082
chr4,154125127,154128757,NO,3630
chr16,14378828,14381163,NO,2335
chr16,67929946,67937929,NO,7983
chr7,7296571,7299633,NO,3062
chr17,66015870,66017137,NO,1267
chr1,43795184,43796968,NO,1784
chr3,72149026,72152015,NO,2989
chr2,164574259,164591174,NO,16915
chr16,16213572,16215840,NO,2268
chr7,8215243,8217956,NO,2713
chr1,147806066,147807688,NO,1622
chr20,49056833,49073502,NO,16669
chr7,37349182,37356410,NO,7228
chr8,41510943,41523652,NO,12709
chr2,31541093,31543481,NO,2388
chr10,80292064,80313162,NO,21098
chr17,11668592,11672103,NO,3511
chr5,75469710,75477925,NO,8215
chr5,159591488,159594109,NO,2621
chr2,68639079,68669113,NO,30034
chr10,12739441,12750601,NO,11160
chr2,240290662,240304018,NO,13356
chr19,1176854,1178467,NO,1613
chr2,48546688,48580900,NO,34212
chr16,23959900,23971576,NO,11676
chr10,33250030,33251856,NO,1826
chr16,81645398,81660161,NO,14763
chr22,29779805,29783331,NO,3526
chr9,33390687,33405360,NO,14673
chr15,35958040,35967867,NO,9827
chr5,140936939,140948847,NO,11908
chr13,21606788,21615038,NO,8250
chr2,216978732,216980591,NO,1859
chr17,64574549,64577266,NO,2717
chr15,92612382,92618570,NO,6188
chr6,21855669,21861694,NO,6025
chr16,89589749,89601931,NO,12182
chr7,107599418,107614204,NO,14786
chr3,71029299,71033830,NO,4531
chr1,153588297,153590859,NO,2562
chr3,33088728,33097508,NO,8780
chr1,42268016,42279158,NO,11142
chr7,95178791,95180699,NO,1908
chr18,12271683,12288381,NO,16698
chr15,95214639,95217885,NO,3246
chr6,82722836,82725780,NO,2944
chr10,91037489,91056544,NO,19055
chr18,22743302,22746138,NO,2836
chr14,76455051,76462758,NO,7707
chr11,64321008,64335080,NO,14072
chr2,46479702,46487192,NO,7490
chr3,10262380,10284282,NO,21902
chr17,74140702,74142815,NO,2113
chr4,77674018,77684066,NO,10048
chr10,125672486,125675815,NO,3329
chr17,5997880,6002758,NO,4878
chr16,87886990,87890787,NO,3797
chr1,148241066,148248260,NO,7194
chr7,149112214,149121114,NO,8900
chr8,21923531,21924736,NO,1205
chr1,30998507,31001330,NO,2823
chr12,98832252,98834404,NO,2152
chr3,184176878,184191835,NO,14957
chr17,78357331,78370041,NO,12710
chr20,4700428,4708284,NO,7856
chr10,29767806,29772684,NO,4878
chr7,32625905,32629391,NO,3486
chr22,39183454,39185467,NO,2013
chr3,47461950,47464404,NO,2454
chr1,115868517,115876247,NO,7730
chr5,16809288,16816318,NO,7030
chr17,76194069,76196221,NO,2152
chr18,22463954,22467192,NO,3238
chr9,85822644,85835350,NO,12706
chr11,59495479,59497327,NO,1848
chr22,46524726,46526505,NO,1779
chr11,66310430,66312362,NO,1932
chr2,132182131,132186447,NO,4316
chr8,55294005,55296288,NO,2283
chr1,27932859,27937056,NO,4197
chr6,154924236,154937357,NO,13121
chr1,149154619,149156705,NO,2086
chr1,153364732,153367478,NO,2746
chrX,117661697,117671470,NO,9773
chr16,15859708,15868962,NO,9254
chr1,59182799,59193627,NO,10828
chrX,154694728,154701829,NO,7101
chr5,17069441,17080598,NO,11157
chr9,4934960,4942645,NO,7685
chr4,78047265,78049840,NO,2575
chr4,140339573,140341843,NO,2270
chr14,91094368,91097760,NO,3392
chr2,72108024,72111602,NO,3578
chr4,119670601,119685880,NO,15279
chr5,77814568,77845297,NO,30729
chr4,129830291,129839403,NO,9112
chr1,95319876,95331393,NO,11517
chr7,27493264,27502732,NO,9468
chr19,18810242,18812492,NO,2250
chr4,164479052,164481127,NO,2075
chr4,8221939,8231339,NO,9400
chrX,17537519,17547166,NO,9647
chr5,58217878,58219431,NO,1553
chr11,123007800,123017046,NO,9246
chr11,48127102,48131878,NO,4776
chr3,37136115,37153822,NO,17707
chr16,86092724,86104462,NO,11738
chr19,39920877,39922424,NO,1547
chr7,76781539,76787592,NO,6053
chr10,99301664,99303919,NO,2255
chr12,116757174,116775232,NO,18058
chr18,43407218,43409903,NO,2685
chr9,90326714,90338187,NO,11473
chr5,58420914,58424383,NO,3469
chr7,102353308,102359348,NO,6040
chr8,129188063,129190845,NO,2782
chr2,62701530,62706062,NO,4532
chrX,19733276,19744811,NO,11535
chr10,93348400,93352772,NO,4372
chr1,172149559,172152082,NO,2523
chr7,96016356,96040051,NO,23695
chr11,335034,337136,NO,2102
chr7,25421664,25446137,NO,24473
chr13,93878867,93881309,NO,2442
chr7,50879208,50881424,NO,2216
chr2,161808358,161813471,NO,5113
chr19,18490531,18492086,NO,1555
chr16,67478962,67482108,NO,3146
chr22,24861508,24879395,NO,17887
chr14,102341355,102345985,NO,4630
chrX,154598393,154605136,NO,6743
chr2,219123255,219126933,NO,3678
chr14,91475216,91489770,NO,14554
chrX,56829435,56840444,NO,11009
chr2,224882201,224896807,NO,14606
chr16,20685743,20688606,NO,2863
chr17,79779048,79781185,NO,2137
chr19,10202777,10207763,NO,4986
chr1,10044671,10051941,NO,7270
chr4,170000483,170002922,NO,2439
chr1,241714228,241716289,NO,2061
chr4,11905951,11907615,NO,1664
chr10,116016869,116021953,NO,5084
chr3,177313965,177316878,NO,2913
chr9,125108693,125111014,NO,2321
chr22,42175999,42178616,NO,2617
chr19,46101107,46119990,NO,18883
chr17,62788351,62790929,NO,2578
chr3,48774755,48788717,NO,13962
chr8,126649135,126656986,NO,7851
chr17,72627679,72638129,NO,10450
chr12,111131563,111136779,NO,5216
chr13,34250117,34254116,NO,3999
chr7,50108115,50110070,NO,1955
chr12,6387101,6389891,NO,2790
chr6,28834014,28835345,NO,1331
chr4,184642169,184644832,NO,2663
chr16,89929619,89931308,NO,1689
chr16,67537327,67539326,NO,1999
chr21,15852745,15856178,NO,3433
chr7,26140173,26142412,NO,2239
chr1,48043148,48054178,NO,11030
chr3,136713158,136714911,NO,1753
chr2,28017815,28024196,NO,6381
chrX,131613664,131616236,NO,2572
chr22,42220718,42223532,NO,2814
chr10,115032187,115034681,NO,2494
chr3,16341821,16354376,NO,12555
chr19,2238574,2242240,NO,3666
chr9,2228897,2242855,NO,13958
chr2,134917948,134920194,NO,2246
chr12,2121923,2127930,NO,6007
chr9,115620802,115626745,NO,5943
chr8,74668095,74670767,NO,2672
chr3,114170111,114175002,NO,4891
chr2,62637670,62639447,NO,1777
chr3,43518823,43521490,NO,2667
chr22,32532803,32537957,NO,5154
chr2,234293503,234297388,NO,3885
chr1,207841848,207843885,NO,2037
chr9,135877827,135880706,NO,2879
chr13,21648541,21654763,NO,6222
chr14,62522808,62524106,NO,1298
chr17,40175228,40177680,NO,2452
chr6,131894886,131898414,NO,3528
chr5,146547646,146550636,NO,2990
chr21,27297371,27307803,NO,10432
chr4,186886289,186887646,NO,1357
chr15,63212032,63234116,NO,22084
chr14,60617981,60628958,NO,10977
chr2,71830170,71843400,NO,13230
chr7,56242069,56243925,NO,1856
chr17,26438466,26446408,NO,7942
chr2,85725920,85744247,NO,18327
chr20,30467049,30468432,NO,1383
chr11,34437964,34453886,NO,15922
chr12,43085646,43100538,NO,14892
chr1,212338997,212341303,NO,2306
chr17,44096864,44105141,NO,8277
chr16,16045602,16056156,NO,10554
chr12,71039096,71047261,NO,8165
chr4,140128277,140145421,NO,17144
chr14,75611366,75615620,NO,4254
chr7,75495484,75506711,NO,11227
chr3,121713278,121722311,NO,9033
chr5,134911402,134915477,NO,4075
chr17,41280344,41282313,NO,1969
chr12,58329340,58333866,NO,4526
chr17,18199788,18205458,NO,5670
chr22,31139090,31150963,NO,11873
chr10,77189603,77191992,NO,2389
chr11,71882403,71893338,NO,10935
chr16,56998101,57000675,NO,2574
chr8,119450920,119456737,NO,5817
chr1,25020428,25032728,NO,12300
chr22,45203862,45207045,NO,3183
chr12,34371016,34372841,NO,1825
chr19,47122856,47126345,NO,3489
chr15,65160705,65163600,NO,2895
chr11,82763064,82775572,NO,12508
chr3,148933807,148944069,NO,10262
chr12,104565363,104572845,NO,7482
chr10,63214233,63216921,NO,2688
chr20,824659,828225,NO,3566
chr13,52303328,52314707,NO,11379
chr3,98479760,98483780,NO,4020
chr6,13256178,13275033,NO,18855
chr1,233248313,233251341,NO,3028
chr11,1675430,1689318,NO,13888
chr11,352399,354574,NO,2175
chr2,238382788,238384758,NO,1970
chr12,14979398,14995111,NO,15713
chr4,57622863,57624848,NO,1985
chr7,30349549,30362922,NO,13373
chr1,120173657,120175989,NO,2332
chr12,6455972,6457626,NO,1654
chr8,95121904,95132753,NO,10849
chr19,12605665,12607065,NO,1400
chr17,42939516,42941614,NO,2098
chr11,111284985,111289672,NO,4687
chr1,10207718,10212214,NO,4496
chr2,146507374,146510463,NO,3089
chr6,15502348,15509621,NO,7273
chr4,54766163,54781838,NO,15675
chr17,60729422,60732363,NO,2941
chr17,78864843,78875280,NO,10437
chr5,169301307,169307940,NO,6633
chr5,25190235,25191185,NO,950
chr14,96555648,96562994,NO,7346
chr14,23514132,23517451,NO,3319
chr3,119281107,119291102,NO,9995
chr8,144288120,144290953,NO,2833
chr9,19182160,19185337,NO,3177
chr17,56735950,56744888,NO,8938
chr1,149740067,149750480,NO,10413
chr11,1479674,1482949,NO,3275
chr5,133771909,133775478,NO,3569
chr4,79641049,79644265,NO,3216
chr13,111718560,111720460,NO,1900
chr22,43618324,43633702,NO,15378
chr8,124549755,124565518,NO,15763
chr5,36722965,36725778,NO,2813
chr17,3666635,3674543,NO,7908
chr10,15502955,15529273,NO,26318
chr19,10456101,10458238,NO,2137
chr1,17913584,17915935,NO,2351
chr2,25076975,25080278,NO,3303
chr1,184503497,184505981,NO,2484
chr18,55764127,55766118,NO,1991
chr1,68024711,68030680,NO,5969
chr7,47325353,47334932,NO,9579
chr19,36659633,36662011,NO,2378
chr1,120533145,120540511,NO,7366
chr11,35324939,35335655,NO,10716
chr5,141432832,141444613,NO,11781
chrX,53467151,53469302,NO,2151
chr7,139951767,139963769,NO,12002
chr5,131437567,131440202,NO,2635
chr14,65622859,65624579,NO,1720
chr21,27934965,27943994,NO,9029
chr11,117068579,117072124,NO,3545
chr1,36351494,36360742,NO,9248
chr17,7286967,7295282,NO,8315
chr5,60570768,60573826,NO,3058
chr8,143743048,143749135,NO,6087
chr11,75099148,75107685,NO,8537
chr3,65963286,65967144,NO,3858
chr21,37625942,37633160,NO,7218
chr12,13331514,13333201,NO,1687
chr10,6050375,6061342,NO,10967
chr10,78003292,78013028,NO,9736
chr11,61362029,61364086,NO,2057
chr17,20609958,20611127,NO,1169
chr2,113383969,113389969,NO,6000
chr19,13841332,13843174,NO,1842
chr14,61904610,61921627,NO,17017
chr11,68113531,68122970,NO,9439
chr13,36044449,36045947,NO,1498
chrX,135991075,135992713,NO,1638
chr15,39718919,39727896,NO,8977
chr16,70818133,70824209,NO,6076
chr14,74078776,74080283,NO,1507
chr3,12446419,12456063,NO,9644
chr1,20478824,20492804,NO,13980
chr4,108758200,108760667,NO,2467
chr10,20210330,20236552,NO,26222
chr14,95036249,95039223,NO,2974
chr20,60019984,60024679,NO,4695
chr14,42073642,42076652,NO,3010
chr7,27398933,27405256,NO,6323
chr18,74915982,74921494,NO,5512
chrX,20008132,20009971,NO,1839
chr1,155188046,155190416,NO,2370
chr1,27264261,27275627,NO,11366
chr1,224356319,224363774,NO,7455
chr3,152116334,152124572,NO,8238
chr2,191365818,191374074,NO,8256
chr17,7368911,7371259,NO,2348
chr2,112897673,112914019,NO,16346
chr2,173325841,173330717,NO,4876
chr12,12161906,12164550,NO,2644
chr6,160135214,160138319,NO,3105
chr18,43829368,43831385,NO,2017
chr1,173091511,173093279,NO,1768
chr10,33950316,33966421,NO,16105
chr10,99014818,99017559,NO,2741
chr9,112921,115063,NO,2142
chrX,54508094,54510791,NO,2697
chr5,148795648,148798999,NO,3351
chr2,1593827,1609868,NO,16041
chr1,149355165,149365557,NO,10392
chr15,90640411,90643913,NO,3502
chr12,92933581,92955744,NO,22163
chrX,7161722,7180637,NO,18915
chr3,33699984,33701602,NO,1618
chr12,9910853,9917737,NO,6884
chr17,15280429,15288445,NO,8016
chr10,71167833,71169435,NO,1602
chr1,182227742,182229630,NO,1888
chr6,35658753,35660454,NO,1701
chr22,23270980,23285039,NO,14059
chr6,32404072,32406242,NO,2170
chr9,131702516,131706664,NO,4148
chr2,126979191,126981682,NO,2491
chr2,101196739,101198340,NO,1601
chr2,42215947,42227600,NO,11653
chr17,55858800,55863071,NO,4271
chr7,47845155,47847568,NO,2413
chr2,178617627,178621252,NO,3625
chr1,32091637,32106298,NO,14661
chr6,40509939,40512901,NO,2962
chr6,33311120,33313586,NO,2466
chrX,108297178,108297948,NO,770
chr1,227941810,227955120,NO,13310
chr17,8697041,8711416,NO,14375
chr6,126239306,126249360,NO,10054
chr7,47823095,47827163,NO,4068
chr19,14782659,14794595,NO,11936
chr8,130832823,130836341,NO,3518
chr2,190474032,190478943,NO,4911
chr12,45628261,45639055,NO,10794
chr16,69477067,69483082,NO,6015
chr13,77318352,77324989,NO,6637
chr10,79631872,79648372,NO,16500
chr6,94125877,94127778,NO,1901
chr15,60860100,60876601,NO,16501
chrX,46988413,46992334,NO,3921
chr6,112105277,112127766,NO,22489
chr17,76800858,76816304,NO,15446
chr9,114764199,114775947,NO,11748
chr19,38405549,38423270,NO,17721
chr5,138235059,138239558,NO,4499
chr1,114883322,114889521,NO,6199
chr17,4029906,4034913,NO,5007
chr9,68394374,68395930,NO,1556
chr16,12087877,12091390,NO,3513
chr12,47549190,47560217,NO,11027
chr1,244462149,244463534,NO,1385
chr1,204481745,204483557,NO,1812
chr6,112364111,112365332,NO,1221
chr7,140003997,140017830,NO,13833
chr2,219720446,219733243,NO,12797
chr6,155542221,155546176,NO,3955
chrX,47220902,47226307,NO,5405
chr16,68503880,68505558,NO,1678
chr10,78203384,78207654,NO,4270
chr5,39721162,39721901,NO,739
chr15,39609543,39628707,NO,19164
chr17,37729441,37730787,NO,1346
chr13,113435488,113438657,NO,3169
chr19,47161912,47164597,NO,2685
chr10,96942929,96944149,NO,1220
chr6,136222498,136227545,NO,5047
chr14,70221866,70228134,NO,6268
chr1,38388286,38398020,NO,9734
chr2,161064052,161079032,NO,14980
chr6,24743082,24749861,NO,6779
chr6,111982580,111988356,NO,5776
chr10,11267798,11270100,NO,2302
chr1,151625838,151635109,NO,9271
chr7,130614873,130616472,NO,1599
chr17,58648457,58655404,NO,6947
chr21,36875913,36881967,NO,6054
chr1,1239846,1241910,NO,2064
chr18,43991242,43997110,NO,5868
chr11,35131809,35133802,NO,1993
chr12,57150949,57162636,NO,11687
chr9,98359315,98363618,NO,4303
chr14,103359501,103369162,NO,9661
chr17,504391,532431,NO,28040
chr16,10479445,10480725,NO,1280
chr15,89740155,89745308,NO,5153
chr2,127900692,127912958,NO,12266
chr3,188107413,188119343,NO,11930
chr10,15480794,15482645,NO,1851
chr9,124319586,124321394,NO,1808
chr19,5281651,5293568,NO,11917
chr1,86967847,86970260,NO,2413
chr1,34363977,34375042,NO,11065
chr1,6335810,6342427,NO,6617
chr10,105230099,105232389,NO,2290
chr4,46726130,46726733,NO,603
chrX,152636370,152648157,NO,11787
chr7,149657560,149661016,NO,3456
chr17,40266823,40269371,NO,2548
chr16,72964924,72973548,NO,8624
chr19,45901029,45907287,NO,6258
chr3,141217175,141218941,NO,1766
chr15,45076018,45077709,NO,1691
chr16,89423189,89429031,NO,5842
chr4,40674005,40675972,NO,1967
chr20,39091791,39100280,NO,8489
chr11,124790169,124791752,NO,1583
chr12,109166520,109177393,NO,10873
chr12,42311728,42327114,NO,15386
chr6,41149841,41154355,NO,4514
chr3,195272450,195279080,NO,6630
chr17,16767183,16769425,NO,2242
chr2,28176953,28182197,NO,5244
chr2,235677285,235681829,NO,4544
chr6,5671199,5675273,NO,4074
chr3,196414750,196418686,NO,3936
chr19,41259471,41261928,NO,2457
chr8,94891440,94910960,NO,19520
chr18,13464409,13466362,NO,1953
chr10,81243273,81251106,NO,7833
chr15,52129619,52139442,NO,9823
chr18,19855163,19867066,NO,11903
chr22,34316195,34318917,NO,2722
chr11,8719704,8722469,NO,2765
chr7,100484295,100486110,NO,1815
chr6,30714958,30717880,NO,2922
chr10,82419373,82423096,NO,3723
chr12,6900621,6902713,NO,2092
chr17,38347268,38361192,NO,13924
chr3,149943486,149951969,NO,8483
chr8,145081790,145084019,NO,2229
chr5,142513275,142529140,NO,15865
chr14,21554895,21556741,NO,1846
chr16,150880,153492,NO,2612
chr6,64515276,64517383,NO,2107
chr16,57722480,57725624,NO,3144
chr10,97268217,97276174,NO,7957
chr5,55903664,55913597,NO,9933
chr10,522187,531729,NO,9542
chr3,128477267,128479841,NO,2574
chr15,79069552,79080853,NO,11301
chr15,62682149,62684571,NO,2422
chr5,176420891,176424026,NO,3135
chr1,68276837,68282383,NO,5546
chr11,118894860,118896491,NO,1631
chr6,107963546,107992797,NO,29251
chr17,57711082,57716373,NO,5291
chr1,101460847,101471956,NO,11109
chr8,29491520,29500364,NO,8844
chr8,103588318,103597875,NO,9557
chr5,90478009,90486497,NO,8488
chr15,32159011,32163659,NO,4648
chr20,17786730,17789876,NO,3146
chr2,238806897,238815113,NO,8216
chr7,151534794,151549348,NO,14554
chr15,68890715,68900993,NO,10278
chr2,241527196,241529873,NO,2677
chr10,132929569,132932030,NO,2461
chr7,30199118,30225604,NO,26486
chr4,78484122,78487159,NO,3037
chr19,51841924,51843984,NO,2060
chr5,34713092,34719939,NO,6847
chr6,154974130,154976119,NO,1989
chr11,1798409,1800116,NO,1707
chr16,14835822,14837178,NO,1356
chr16,14796700,14798056,NO,1356
chr12,9270594,9288522,NO,17928
chr11,65221874,65223334,NO,1460
chr17,41115973,41117193,NO,1220
chr3,87841056,87847744,NO,6688
chr9,31334639,31347800,NO,13161
chr14,62178587,62186741,NO,8154
chr8,6275288,6287278,NO,11990
chr1,247608659,247612107,NO,3448
chr3,196728733,196730721,NO,1988
chr5,100162997,100192369,NO,29372
chr6,106895525,106899195,NO,3670
chr2,110743900,110745749,NO,1849
chr9,114745476,114749820,NO,4344
chr19,13063094,13065872,NO,2778
chr2,38047255,38057574,NO,10319
chr21,36179294,36181522,NO,2228
chr12,31949929,31964716,NO,14787
chr2,240690801,240698992,NO,8191
chr3,189810856,189819821,NO,8965
chr19,1112073,1114478,NO,2405
chr10,3465689,3476590,NO,10901
chr7,91808138,91809394,NO,1256
chr12,50635239,50652438,NO,17199
chr6,46738600,46742103,NO,3503
chr4,187760611,187767133,NO,6522
chr1,167789056,167789918,NO,862
chr12,15841125,15855294,NO,14169
chr20,36431687,36437245,NO,5558
chr15,40268323,40269443,NO,1120
chr10,32247719,32249722,NO,2003
chr1,65344436,65364689,NO,20253
chr4,159731207,159739422,NO,8215
chr7,153830125,153833489,NO,3364
chr18,53174294,53178530,NO,4236
chr15,68548752,68550115,NO,1363
chr9,126265336,126268731,NO,3395
chr1,229292668,229295252,NO,2584
chr10,13828508,13843739,NO,15231
chr10,81076668,81083494,NO,6826
chr17,63526202,63532759,NO,6557
chr1,89775416,89777937,NO,2521
chr1,212925127,212928554,NO,3427
chr15,66661857,66663083,NO,1226
chr2,97009285,97020374,NO,11089
chr5,169101,171847,NO,2746
chr5,368131,381484,NO,13353
chr2,177042203,177043846,NO,1643
chr11,28131499,28132631,NO,1132
chr17,60959698,60973761,NO,14063
chr9,86118022,86126740,NO,8718
chr1,34040054,34041992,NO,1938
chr22,42907680,42912065,NO,4385
chr17,78065706,78067186,NO,1480
chr1,52057969,52073769,NO,15800
chr20,57697008,57699591,NO,2583
chr1,165344943,165346558,NO,1615
chr11,70672038,70674159,NO,2121
chr6,16205068,16217190,NO,12122
chr10,104193258,104196378,NO,3120
chr22,40904624,40915830,NO,11206
chr3,124334454,124340826,NO,6372
chr6,134537395,134571199,NO,33804
chr1,183203333,183214199,NO,10866
chr5,52190809,52213147,NO,22338
chr21,34430806,34433109,NO,2303
chr2,70128152,70130465,NO,2313
chr7,417096,428822,NO,11726
chr10,16874053,16875683,NO,1630
chr22,19995622,19999019,NO,3397
chr16,85313063,85325949,NO,12886
chr15,95149488,95152436,NO,2948
chr1,28781998,28785995,NO,3997
chr8,142031431,142033843,NO,2412
chr5,82663150,82674920,NO,11770
chr6,10837753,10839660,NO,1907
chr9,131855754,131858716,NO,2962
chr3,194456719,194471379,NO,14660
chr1,172714720,172718109,NO,3389
chr7,93997165,94006419,NO,9254
chr4,16891653,16899532,NO,7879
chr10,14778723,14794209,NO,15486
chr5,75985408,75988537,NO,3129
chr4,153857291,153859856,NO,2565
chr14,35302055,35313058,NO,11003
chr3,143533177,143550663,NO,17486
chr10,112594133,112603780,NO,9647
chr7,2276155,2278225,NO,2070
chr22,42760555,42773227,NO,12672
chr16,81683943,81686395,NO,2452
chr1,227544097,227546098,NO,2001
chr11,130347253,130350836,NO,3583
chr11,6149553,6151190,NO,1637
chr17,1515296,1516883,NO,1587
chr7,73707825,73721945,NO,14120
chr6,139909029,139929234,NO,20205
chr10,52177183,52191885,NO,14702
chr22,47687291,47689496,NO,2205
chr16,72820954,72823223,NO,2269
chr2,231454236,231476283,NO,22047
chr11,69353117,69355777,NO,2660
chr5,124177587,124185050,NO,7463
chr16,48569654,48572699,NO,3045
chr22,38169539,38171625,NO,2086
chr12,15133883,15136699,NO,2816
chr5,150113381,150115308,NO,1927
chr17,4635946,4637611,NO,1665
chr10,29095306,29100060,NO,4754
chr8,55121436,55132021,NO,10585
chr9,133630150,133632920,NO,2770
chr17,1681658,1684098,NO,2440
chr1,202547151,202559491,NO,12340
chr7,28708216,28710172,NO,1956
chr20,62456671,62458803,NO,2132
chr2,106775611,106778229,NO,2618
chr12,68953158,68954961,NO,1803
chr1,222588615,222594237,NO,5622
chr19,19701550,19710451,NO,8901
chrX,24497165,24499133,NO,1968
chr13,30716712,30723691,NO,6979
chrX,68238007,68248443,NO,10436
chr1,207506383,207510824,NO,4441
chr4,15754717,15759261,NO,4544
chr19,55135023,55137443,NO,2420
chr9,124614215,124617039,NO,2824
chr10,114780161,114782501,NO,2340
chr1,36668725,36670547,NO,1822
chr5,137940252,137943006,NO,2754
chr12,57450420,57464014,NO,13594
chr1,2405412,2407407,NO,1995
chr10,79360717,79370263,NO,9546
chr3,196392715,196399257,NO,6542
chr12,92167651,92173583,NO,5932
chr17,8102825,8104152,NO,1327
chr18,47794212,47795316,NO,1104
chr3,37094962,37103785,NO,8823
chr15,77435339,77438811,NO,3472
chr20,60760333,60763119,NO,2786
chr3,101503139,101505031,NO,1892
chr8,128865850,128867640,NO,1790
chr17,48715763,48718963,NO,3200
chr1,10300974,10313958,NO,12984
chr7,65583124,65591492,NO,8368
chr13,45325629,45339656,NO,14027
chr17,58167408,58172374,NO,4966
chr12,92304658,92317172,NO,12514
chr17,7398851,7401824,NO,2973
chr20,17590512,17593942,NO,3430
chr1,167485605,167488014,NO,2409
chr6,108972293,108977911,NO,5618
chr1,114326004,114327598,NO,1594
chr2,112456244,112460513,NO,4269
chr20,52322841,52325752,NO,2911
chr3,40821249,40823409,NO,2160
chr19,47422975,47429276,NO,6301
chr2,113596883,113599964,NO,3081
chr19,37498170,37499768,NO,1598
chr3,8522824,8525720,NO,2896
chr11,12027799,12030907,NO,3108
chr10,75798900,75818229,NO,19329
chr16,48590579,48596529,NO,5950
chr14,33365966,33367354,NO,1388
chr2,38710882,38736376,NO,25494
chr12,93577424,93579567,NO,2143
chr14,82121538,82123967,NO,2429
chr15,82172491,82178011,NO,5520
chr15,90844126,90859880,NO,15754
chr5,142301932,142306722,NO,4790
chr1,95257918,95268317,NO,10399
chr11,74853904,74867766,NO,13862
chr19,8066072,8067941,NO,1869
chr21,33941417,33942846,NO,1429
chr7,50563858,50571061,NO,7203
chr10,31092033,31101833,NO,9800
chr7,44127085,44128879,NO,1794
chr3,171773275,171792856,NO,19581
chr9,97609271,97636090,NO,26819
chr12,32636122,32652444,NO,16322
chr1,1185318,1207109,NO,21791
chrX,49047743,49048541,NO,798
chr2,236324984,236326937,NO,1953
chr1,43672010,43673827,NO,1817
chr3,50552548,50554437,NO,1889
chr1,186583896,186590665,NO,6769
chr6,35452756,35459197,NO,6441
chr7,76613067,76616167,NO,3100
chr11,118185898,118188429,NO,2531
chr7,6265941,6272809,NO,6868
chr19,1008572,1010807,NO,2235
chr8,144427204,144438027,NO,10823
chr6,36390546,36392028,NO,1482
chr17,14096245,14105540,NO,9295
chr12,49483357,49486726,NO,3369
chrX,39707082,39716515,NO,9433
chr9,133911422,133913870,NO,2448
chr7,93926319,93931621,NO,5302
chr16,84673747,84677718,NO,3971
chr2,175357409,175359174,NO,1765
chr8,125755487,125764949,NO,9462
chr5,54068031,54083353,NO,15322
chr9,90524195,90525222,NO,1027
chr1,28640076,28642532,NO,2456
chr3,18485514,18487494,NO,1980
chr22,25759755,25762595,NO,2840
chr12,110804033,110822916,NO,18883
chr9,137036716,137038673,NO,1957
chr11,75896263,75902177,NO,5914
chr10,82011902,82014570,NO,2668
chr14,65748609,65755213,NO,6604
chr16,50236434,50238856,NO,2422
chr17,5014459,5015947,NO,1488
chr8,97864032,97874539,NO,10507
chr3,124295049,124305816,NO,10767
chrX,47492204,47503594,NO,11390
chr6,108575180,108580865,NO,5685
chr15,74391850,74393097,NO,1247
chr9,20972696,20997128,NO,24432
chr7,76114953,76118174,NO,3221
chr19,1180050,1181249,NO,1199
chr2,33561325,33568814,NO,7489
chr2,236171210,236177431,NO,6221
chr15,59808968,59817272,NO,8304
chr9,116754540,116767069,NO,12529
chr20,39674875,39680652,NO,5777
chr5,142587212,142602487,NO,15275
chr17,17837948,17844797,NO,6849
chr5,100112238,100116469,NO,4231
chr8,30269311,30281449,NO,12138
chr6,14276267,14278379,NO,2112
chr15,58837794,58845111,NO,7317
chr21,27918397,27920239,NO,1842
chr7,2702095,2704054,NO,1959
chr21,37484751,37487080,NO,2329
chr19,38907373,38909507,NO,2134
chr15,63728632,63741416,NO,12784
chr2,232182795,232186959,NO,4164
chr11,8728282,8732293,NO,4011
chr10,6389158,6390977,NO,1819
chr6,147643037,147644063,NO,1026
chr9,137814032,137829422,NO,15390
chr3,69248336,69255870,NO,7534
chr11,1847111,1849303,NO,2192
chr5,159614863,159616390,NO,1527
chr17,4933582,4953466,NO,19884
chr9,113828296,113841193,NO,12897
chr6,26568241,26573014,NO,4773
chr14,51251441,51259799,NO,8358
chr15,64793985,64800353,NO,6368
chr19,18543427,18545362,NO,1935
chr16,31123526,31125762,NO,2236
chr11,111796881,111798508,NO,1627
chrX,103172651,103174315,NO,1664
chr17,43414968,43419783,NO,4815
chr9,84269523,84271681,NO,2158
chr2,43244886,43260530,NO,15644
chr2,9792863,9798300,NO,5437
chr5,80528309,80531166,NO,2857
chr15,57917848,57928221,NO,10373
chr1,32135410,32138072,NO,2662
chr11,70556554,70559292,NO,2738
chr2,153259587,153278385,NO,18798
chr2,64552769,64558399,NO,5630
chr1,205138192,205161016,NO,22824
chr10,35499909,35514604,NO,14695
chr17,78900193,78902065,NO,1872
chr5,131550070,131562018,NO,11948
chr1,150487403,150489101,NO,1698
chr5,159122675,159132599,NO,9924
chr2,97571887,97574052,NO,2165
chr7,134116603,134118273,NO,1670
chr12,64570265,64575978,NO,5713
chr6,152886808,152898044,NO,11236
chr15,98956677,98960733,NO,4056
chr8,119207448,119215499,NO,8051
chr17,46674277,46676090,NO,1813
chr1,224179789,224181032,NO,1243
chr7,44807153,44810098,NO,2945
chr17,32639315,32650197,NO,10882
chr22,23241099,23248520,NO,7421
chr11,70649416,70651744,NO,2328
chr16,2418397,2422161,NO,3764
chr16,3414432,3415883,NO,1451
chr17,74964599,74966389,NO,1790
chr7,106619458,106622004,NO,2546
chr17,1245517,1251902,NO,6385
chr7,34787262,34789182,NO,1920
chr7,130425127,130427473,NO,2346
chr16,2589504,2591983,NO,2479
chr11,114210685,114212648,NO,1963
chr8,126422372,126426220,NO,3848
chr9,35648846,35651540,NO,2694
chrX,1776025,1781200,NO,5175
chr17,55614335,55629796,NO,15461
chr2,71764711,71773262,NO,8551
chr15,27290452,27307530,NO,17078
chr5,138288446,138311547,NO,23101
chr10,45490449,45493223,NO,2774
chr1,54637875,54640184,NO,2309
chr22,30768428,30771805,NO,3377
chr9,72663558,72673716,NO,10158
chr15,45570838,45572145,NO,1307
chr1,93440189,93447203,NO,7014
chr7,130625342,130626789,NO,1447
chr5,126181268,126188300,NO,7032
chr9,107730294,107731770,NO,1476
chr21,45917084,45924450,NO,7366
chr7,130740441,130742973,NO,2532
chr1,92924712,92926759,NO,2047
chr14,93219823,93246272,NO,26449
chrX,117851410,117859586,NO,8176
chr15,38962324,38965750,NO,3426
chr8,29347538,29357665,NO,10127
chr2,91844555,91846416,NO,1861
chr7,26896044,26898926,NO,2882
chr2,106799860,106806854,NO,6994
chr12,123198008,123210918,NO,12910
chr17,71680696,71716191,NO,35495
chr1,205665699,205676736,NO,11037
chr8,2966604,2971400,NO,4796
chr3,64195223,64206614,NO,11391
chr5,64398320,64399630,NO,1310
chr14,100569538,100573813,NO,4275
chr16,25041396,25043842,NO,2446
chr17,6614352,6617859,NO,3507
chr1,220905303,220907064,NO,1761
chr5,138461998,138468621,NO,6623
chr12,104192643,104201332,NO,8689
chr12,47642193,47644326,NO,2133
chr11,130389563,130393480,NO,3917
chr1,155200492,155203102,NO,2610
chr22,24142206,24146127,NO,3921
chr15,72928726,72930069,NO,1343
chr2,112703743,112716532,NO,12789
chr5,34498515,34512733,NO,14218
chr10,81685307,81699482,NO,14175
chr10,64966452,64968337,NO,1885
chr19,4709098,4714326,NO,5228
chr16,88016456,88028421,NO,11965
chr4,99537849,99548028,NO,10179
chr12,70924294,70929998,NO,5704
chr6,36702224,36704212,NO,1988
chr3,169762053,169767928,NO,5875
chr4,6750768,6754393,NO,3625
chr1,172326971,172329192,NO,2221
chr15,39463904,39473635,NO,9731
chr11,3805610,3809924,NO,4314
chr3,152927405,152940579,NO,13174
chr8,48343398,48351570,NO,8172
chr10,3892664,3895004,NO,2340
chr4,124939485,124941503,NO,2018
chr15,90507254,90520051,NO,12797
chr2,87894054,87904478,NO,10424
chr10,22969876,22975324,NO,5448
chr2,75832499,75836614,NO,4115
chr13,51287544,51290493,NO,2949
chr2,112103447,112113866,NO,10419
chr7,37425305,37432562,NO,7257
chr5,142497304,142499615,NO,2311
chr3,69713045,69715256,NO,2211
chr6,143849181,143859139,NO,9958
chr18,51786368,51789179,NO,2811
chr6,43594301,43595897,NO,1596
chr12,120754573,120755778,NO,1205
chr13,24039937,24041738,NO,1801
chr3,43042198,43058791,NO,16593
chr2,153346812,153357719,NO,10907
chr11,123300644,123302303,NO,1659
chr2,219756880,219762370,NO,5490
chr16,15901138,15908884,NO,7746
chr15,41912888,41914453,NO,1565
chr5,7877958,7883644,NO,5686
chrX,21673633,21675090,NO,1457
chr5,138749866,138754832,NO,4966
chr16,49472877,49487350,NO,14473
chr1,223348305,223354931,NO,6626
chr20,35385353,35386852,NO,1499
chr16,78702752,78705193,NO,2441
chr9,123198987,123201250,NO,2263
chr12,121497236,121498778,NO,1542
chr5,8456812,8458606,NO,1794
chr10,90594531,90614018,NO,19487
chr22,17089238,17091318,NO,2080
chr3,10050332,10058370,NO,8038
chr1,158147040,158148025,NO,985
chr9,75562803,75567524,NO,4721
chr18,55443394,55460935,NO,17541
chr3,133524162,133525644,NO,1482
chr22,44758569,44763496,NO,4927
chr14,103780820,103782665,NO,1845
chr10,80009523,80016793,NO,7270
chr2,121624448,121626125,NO,1677
chr8,90986451,90995300,NO,8849
chrX,153207864,153210679,NO,2815
chr17,3705578,3722814,NO,17236
chr3,49481050,49500145,NO,19095
chr12,105614183,105623639,NO,9456
chr8,80695589,80697057,NO,1468
chr8,10234969,10247863,NO,12894
chr6,6807203,6812615,NO,5412
chr3,133185415,133196707,NO,11292
chr18,32846800,32848162,NO,1362
chr11,82594454,82607573,NO,13119
chr1,180366355,180372544,NO,6189
chr8,55064864,55067160,NO,2296
chr21,37801503,37803525,NO,2022
chr1,8688954,8690420,NO,1466
chr4,103533351,103536320,NO,2969
chr18,19476603,19485442,NO,8839
chr9,14096038,14097585,NO,1547
chr1,45858715,45860570,NO,1855
chr14,97372203,97379118,NO,6915
chr15,96701175,96704466,NO,3291
chr11,117815464,117831009,NO,15545
chr19,1217244,1219565,NO,2321
chr1,161176032,161178052,NO,2020
chr2,114259940,114261978,NO,2038
chr6,25086461,25095765,NO,9304
chr1,212101699,212112315,NO,10616
chr19,12305016,12306717,NO,1701
chr12,22093371,22095613,NO,2242
chr20,22743334,22744994,NO,1660
chr10,75646270,75649230,NO,2960
chr8,75646671,75649721,NO,3050
chr8,82692649,82694270,NO,1621
chr19,13990740,13993425,NO,2685
chr6,169850152,169853300,NO,3148
chr8,66893316,66895597,NO,2281
chr8,129104503,129105135,NO,632
chr11,44747634,44752073,NO,4439
chr7,76866725,76869331,NO,2606
chr3,158485634,158493740,NO,8106
chr6,169824475,169829454,NO,4979
chr19,40446809,40459680,NO,12871
chr16,66239733,66242182,NO,2449
chr7,116510400,116517902,NO,7502
chr1,185388986,185391245,NO,2259
chr9,95416870,95420715,NO,3845
chr2,102537360,102539073,NO,1713
chr1,150185299,150186855,NO,1556
chr8,11313636,11315530,NO,1894
chrX,149738692,149744228,NO,5536
chr5,159645874,159647619,NO,1745
chr14,32395840,32405183,NO,9343
chr4,17438419,17439832,NO,1413
chr1,45249521,45252993,NO,3472
chr1,145091753,145093192,NO,1439
chr5,177539935,177545624,NO,5689
chr15,71060463,71065394,NO,4931
chr19,53727585,53728237,NO,652
chr14,21510760,21513591,NO,2831
chr7,123397051,123425073,NO,28022
chr7,26415428,26416990,NO,1562
chr14,69475166,69481704,NO,6538
chr5,141911699,141922879,NO,11180
chr20,33167779,33171604,NO,3825
chr6,7086050,7088406,NO,2356
chr17,55738582,55741275,NO,2693
chr5,76361529,76374053,NO,12524
chr7,157644094,157648088,NO,3994
chr3,37686318,37688714,NO,2396
chr19,47141493,47143448,NO,1955
chr3,43405053,43412141,NO,7088
chr2,120933897,120935479,NO,1582
chr22,21821735,21822970,NO,1235
chr1,208711111,208713088,NO,1977
chr3,172467679,172469346,NO,1667
chr2,97497841,97499682,NO,1841
chr1,100852597,100866671,NO,14074
chr18,12678580,12680222,NO,1642
chr1,6971142,6973810,NO,2668
chr14,100005838,100012429,NO,6591
chr18,21002144,21004073,NO,1929
chr2,153467919,153469796,NO,1877
chr7,77168850,77200222,NO,31372
chr3,168866231,168867835,NO,1604
chr4,186682447,186695116,NO,12669
chr17,46100669,46103676,NO,3007
chr6,37207393,37213559,NO,6166
chr6,132340606,132342463,NO,1857
chr2,210805433,210806899,NO,1466
chr10,74262138,74272389,NO,10251
chr3,64251170,64254088,NO,2918
chr8,42745505,42749810,NO,4305
chr14,69781981,69785305,NO,3324
chr2,158324830,158326254,NO,1424
chr16,31033646,31042232,NO,8586
chr19,40314621,40319543,NO,4922
chr11,76883614,76887850,NO,4236
chr6,153016308,153022167,NO,5859
chr17,13223672,13226360,NO,2688
chr2,121021704,121023852,NO,2148
chr1,61566913,61607278,NO,40365
chr13,40886643,40890397,NO,3754
chr14,68319320,68320982,NO,1662
chr3,4623808,4626981,NO,3173
chr11,1403757,1405197,NO,1440
chr22,45044222,45061607,NO,17385
chr19,13023655,13025424,NO,1769
chr5,73583143,73593365,NO,10222
chrX,51138353,51139858,NO,1505
chr12,56131526,56132932,NO,1406
chr15,79268951,79281821,NO,12870
chr20,10905927,10916949,NO,11022
chr4,129473728,129475081,NO,1353
chr4,146296449,146297061,NO,612
chr7,76633978,76637600,NO,3622
chr16,50071258,50074178,NO,2920
chr4,186835682,186854976,NO,19294
chr2,3306869,3318462,NO,11593
chr7,127524192,127529287,NO,5095
chrX,153206448,153207854,NO,1406
chr20,58801578,58805844,NO,4266
chr1,12065275,12075340,NO,10065
chr2,159887014,159890055,NO,3041
chr17,55883548,55889384,NO,5836
chr2,132439347,132440708,NO,1361
chr2,208119018,208124010,NO,4992
chr12,111098667,111116189,NO,17522
chr1,160966665,160968612,NO,1947
chr16,84102196,84117173,NO,14977
chr22,41460070,41465752,NO,5682
chr13,98813661,98826432,NO,12771
chr20,3738527,3741677,NO,3150
chr1,206301450,206307396,NO,5946
chr2,85503206,85518836,NO,15630
chr9,112829385,112844479,NO,15094
chr14,97415476,97429754,NO,14278
chr16,46776655,46777820,NO,1165
chr21,45844445,45853897,NO,9452
chr14,104686403,104695224,NO,8821
chrX,1392478,1399241,NO,6763
chr3,39948810,39953939,NO,5129
chr4,152494407,152498951,NO,4544
chr12,110265609,110267071,NO,1462
chr10,131330417,131343507,NO,13090
chr10,114807357,114821113,NO,13756
chr2,121954615,121956158,NO,1543
chr19,14217363,14219361,NO,1998
chr6,2942791,2944224,NO,1433
chr1,36854524,36857602,NO,3078
chr14,50484523,50488136,NO,3613
chr12,133198135,133200721,NO,2586
chr1,168802646,168815147,NO,12501
chr5,139615170,139665000,NO,49830
chr1,65005508,65007839,NO,2331
chr22,38213344,38221765,NO,8421
chr3,65772809,65777166,NO,4357
chr2,158969901,158972855,NO,2954
chr1,40264550,40265680,NO,1130
chr14,24475347,24477041,NO,1694
chr16,16115411,16127167,NO,11756
chr1,1920521,1922868,NO,2347
chr19,41250289,41252286,NO,1997
chr1,27876959,27879940,NO,2981
chr6,36459923,36462791,NO,2868
chr7,99235502,99236757,NO,1255
chr7,151156392,151158483,NO,2091
chr15,73261034,73265105,NO,4071
chr6,14865602,14881409,NO,15807
chr5,154189998,154199166,NO,9168
chr11,45353992,45362299,NO,8307
chr7,29024179,29038619,NO,14440
chr20,62675577,62678077,NO,2500
chr12,108726885,108730181,NO,3296
chr9,97810221,97811640,NO,1419
chr17,76116828,76119721,NO,2893
chr19,49453283,49455623,NO,2340
chrX,19790291,19796060,NO,5769
chr15,75357823,75383021,NO,25198
chr3,193699653,193703532,NO,3879
chr14,90738876,90742429,NO,3553
chr2,75101342,75103424,NO,2082
chr1,24575320,24582539,NO,7219
chr17,26132436,26136045,NO,3609
chr4,8051827,8054006,NO,2179
chr12,94675959,94691340,NO,15381
chr3,158440585,158445837,NO,5252
chr16,81934613,81936699,NO,2086
chr14,102941003,102947271,NO,6268
chr5,150860193,150873876,NO,13683
chr5,71461579,71463340,NO,1761
chr19,30715616,30719232,NO,3616
chr14,65696052,65697481,NO,1429
chr9,125065670,125070647,NO,4977
chr4,83639198,83653211,NO,14013
chr22,19584055,19610157,NO,26102
chr7,148680717,148685475,NO,4758
chr16,28543023,28546755,NO,3732
chr11,123103754,123109998,NO,6244
chr12,48340464,48360027,NO,19563
chr1,177215086,177226416,NO,11330
chr21,45721896,45726585,NO,4689
chr1,205505903,205513533,NO,7630
chr6,11251433,11264570,NO,13137
chr1,170531413,170533163,NO,1750
chr1,59832310,59841712,NO,9402
chr1,112531755,112534369,NO,2614
chr6,56577741,56607305,NO,29564
chr14,59213616,59233224,NO,19608
chr19,49298047,49299527,NO,1480
chr17,66568311,66577501,NO,9190
chrX,111623878,111625646,NO,1768
chr1,23098066,23101573,NO,3507
chr22,37984686,37988791,NO,4105
chr12,12656279,12659894,NO,3615
chr6,130065378,130072022,NO,6644
chr1,227160605,227163001,NO,2396
chr1,26091892,26098677,NO,6785
chr2,46686412,46697854,NO,11442
chr4,26049317,26051250,NO,1933
chr11,116722074,116725470,NO,3396
chr1,6871381,6881153,NO,9772
chr12,64476527,64483490,NO,6963
chr14,50364703,50378989,NO,14286
chr6,5723533,5725229,NO,1696
chr12,53264676,53268857,NO,4181
chr10,3281879,3283411,NO,1532
chr17,71405999,71408092,NO,2093
chr19,18498554,18500366,NO,1812
chr11,75602437,75604547,NO,2110
chr11,2289961,2291759,NO,1798
chr13,29328579,29329954,NO,1375
chr18,34973787,34983967,NO,10180
chr12,116838459,116849231,NO,10772
chr7,140306678,140310962,NO,4284
chr10,121275674,121278194,NO,2520
chr4,47579289,47581090,NO,1801
chr8,141726839,141733539,NO,6700
chr4,160148509,160150858,NO,2349
chr3,112994405,112996209,NO,1804
chr18,35191364,35205032,NO,13668
chr2,45950911,45957217,NO,6306
chr4,169424588,169427803,NO,3215
chr10,114148059,114150062,NO,2003
chr19,47407060,47408925,NO,1865
chr6,152492220,152506838,NO,14618
chr16,2040361,2043017,NO,2656
chr6,5204447,5208669,NO,4222
chr7,72764438,72773126,NO,8688
chr17,4638318,4640241,NO,1923
chr9,94881104,94883234,NO,2130
chr6,45978068,45982033,NO,3965
chr4,16821870,16831075,NO,9205
chr15,72754108,72755156,NO,1048
chr18,5894323,5896622,NO,2299
chr6,131602042,131603433,NO,1391
chr5,73871586,73883713,NO,12127
chr14,55851257,55853891,NO,2634
chr2,242156465,242158101,NO,1636
chr10,95146103,95147775,NO,1672
chr2,64418696,64420469,NO,1773
chr3,47865808,47867218,NO,1410
chr3,64866201,64902372,NO,36171
chr5,134684260,134693341,NO,9081
chr1,220879231,220885455,NO,6224
chr6,24517431,24519051,NO,1620
chr5,36034525,36049417,NO,14892
chr1,42083324,42089192,NO,5868
chr13,105791433,105792936,NO,1503
chr10,11788668,11800283,NO,11615
chr5,11233634,11235508,NO,1874
chr2,86298979,86308227,NO,9248
chr10,121236984,121262584,NO,25600
chr11,118560260,118571516,NO,11256
chr14,98169358,98174418,NO,5060
chr13,28889889,28903368,NO,13479
chrX,153865664,153878919,NO,13255
chr16,78775818,78777512,NO,1694
chr15,31271361,31278339,NO,6978
chr2,169002703,169017687,NO,14984
chr17,20170164,20186012,NO,15848
chr16,65327721,65331897,NO,4176
chr22,40874426,40888828,NO,14402
chr3,45705727,45719168,NO,13441
chr11,17181113,17187163,NO,6050
chr1,39963394,39981780,NO,18386
chr17,1489864,1491354,NO,1490
chr15,81481654,81484385,NO,2731
chr19,11530847,11533619,NO,2772
chr8,134927566,134932868,NO,5302
chr3,128787433,128789691,NO,2258
chr11,65585018,65586042,NO,1024
chr1,7739453,7741142,NO,1689
chr16,73187211,73206947,NO,19736
chr14,75648975,75656421,NO,7446
chr12,93984725,93985804,NO,1079
chr17,75730258,75735907,NO,5649
chr2,114643731,114645608,NO,1877
chr13,81151378,81152794,NO,1416
chr1,110849949,110862390,NO,12441
chr1,90184333,90191087,NO,6754
chr5,34788023,34792371,NO,4348
chr13,46977603,46979171,NO,1568
chr3,112529736,112532964,NO,3228
chr4,15808954,15811709,NO,2755
chr6,2980910,2983051,NO,2141
chr8,141108726,141115393,NO,6667
chr1,27868363,27870210,NO,1847
chr9,130095091,130103247,NO,8156
chr5,154344912,154346685,NO,1773
chr7,151296129,151298010,NO,1881
chr3,71891318,71908480,NO,17162
chr5,158931353,158941860,NO,10507
chr20,37468536,37472375,NO,3839
chr9,116940106,116944529,NO,4423
chr1,26154906,26156938,NO,2032
chr21,28818679,28821283,NO,2604
chr7,75039094,75040397,NO,1303
chr10,81916575,81919647,NO,3072
chr1,24344891,24357994,NO,13103
chr4,129491009,129494800,NO,3791
chr3,197182744,197183982,NO,1238
chr14,105251835,105255116,NO,3281
chr17,78710913,78713481,NO,2568
chr4,41021207,41036481,NO,15274
chr4,5034319,5035970,NO,1651
chr10,101691468,101693547,NO,2079
chr5,35781124,35790087,NO,8963
chr3,99877662,99880778,NO,3116
chr13,20692555,20702546,NO,9991
chr6,11809800,11836077,NO,26277
chr12,102063813,102066304,NO,2491
chr12,50217900,50219979,NO,2079
chr5,543724,558016,NO,14292
chr1,64784167,64787674,NO,3507
chrX,115004436,115009651,NO,5215
chr1,48710738,48711748,NO,1010
chr2,60666015,60674774,NO,8759
chr6,880845,884556,NO,3711
chr4,139898320,139904307,NO,5987
chr15,63897783,63903979,NO,6196
chr9,115949769,115951285,NO,1516
chr6,33564134,33566372,NO,2238
chr5,14008583,14012262,NO,3679
chr20,5549838,5552031,NO,2193
chr5,782122,785480,NO,3358
chr8,145076999,145078839,NO,1840
chr1,192130199,192145738,NO,15539
chr4,89151669,89153306,NO,1637
chr1,178574239,178577777,NO,3538
chr20,58671874,58689107,NO,17233
chr11,130476000,130480137,NO,4137
chr9,113674055,113682708,NO,8653
chr9,80197517,80211088,NO,13571
chr8,19204134,19213802,NO,9668
chr22,36357287,36370453,NO,13166
chr3,37720843,37736206,NO,15363
chr15,80447418,80454709,NO,7291
chr20,31252442,31278942,NO,26500
chr2,29173832,29176134,NO,2302
chr10,69912828,69914877,NO,2049
chr1,155100115,155102623,NO,2508
chr19,8426555,8427727,NO,1172
chr17,1633048,1634757,NO,1709
chr1,43937614,43942532,NO,4918
chr14,24625863,24627716,NO,1853
chr6,166018431,166031489,NO,13058
chr7,134540664,134555350,NO,14686
chr19,49439954,49441682,NO,1728
chr2,61153031,61162212,NO,9181
chr12,50991031,50998602,NO,7571
chr16,73018791,73024651,NO,5860
chr18,53445809,53448191,NO,2382
chr3,150886823,150889455,NO,2632
chr17,2694355,2698367,NO,4012
chr16,15729588,15734998,NO,5410
chr3,123781822,123798310,NO,16488
chr5,153763990,153765758,NO,1768
chr1,244416780,244418822,NO,2042
chr1,145426856,145428592,NO,1736
chr15,78462815,78466401,NO,3586
chr2,172175438,172182101,NO,6663
chr5,56132728,56150033,NO,17305
chr14,89017320,89018847,NO,1527
chr4,40925214,40926861,NO,1647
chr1,25983371,25986181,NO,2810
chr9,86754098,86762800,NO,8702
chr12,26623901,26626952,NO,3051
chr21,34604874,34617422,NO,12548
chr8,128138034,128139621,NO,1587
chr6,157638386,157640419,NO,2033
chr7,130605500,130607392,NO,1892
chr2,33779260,33780999,NO,1739
chr17,20805826,20812632,NO,6806
chr16,88339758,88350110,NO,10352
chr13,44810294,44812636,NO,2342
chr7,65564357,65565913,NO,1556
chr6,16583367,16592867,NO,9500
chr2,98626304,98630750,NO,4446
chr19,32911998,32913872,NO,1874
chr16,2202722,2204271,NO,1549
chr7,129780804,129790784,NO,9980
chr6,108057138,108063060,NO,5922
chr2,72369905,72373486,NO,3581
chr14,61569002,61571783,NO,2781
chr9,131158945,131160461,NO,1516
chr2,3080324,3083067,NO,2743
chr14,53207991,53209929,NO,1938
chr13,24227181,24233828,NO,6647
chr6,138126513,138145819,NO,19306
chr6,30719123,30721329,NO,2206
chr4,169689986,169692386,NO,2400
chr3,111439251,111467540,NO,28289
chr4,6808457,6811083,NO,2626
chr13,32609804,32625830,NO,16026
chr7,150968032,150971637,NO,3605
chr2,26401453,26408470,NO,7017
chr7,21391709,21396053,NO,4344
chr15,95981931,95986983,NO,5052
chr1,174768293,174769997,NO,1704
chr7,73405932,73417934,NO,12002
chr13,21590293,21592150,NO,1857
chr5,102728189,102730533,NO,2344
chr3,177208704,177235002,NO,26298
chr20,17730436,17731958,NO,1522
chr16,17395917,17416386,NO,20469
chr16,11221988,11228133,NO,6145
chr8,10633982,10646930,NO,12948
chr14,53311242,53316071,NO,4829
chr5,125785275,125798400,NO,13125
chr22,18960063,18964303,NO,4240
chr3,73025457,73032637,NO,7180
chr6,31061674,31063439,NO,1765
chr5,41263037,41265263,NO,2226
chr12,15431777,15433579,NO,1802
chr10,6337325,6343087,NO,5762
chr3,31267890,31274889,NO,6999
chr18,43083165,43103427,NO,20262
chr12,106620633,106622113,NO,1480
chr13,21871265,21873110,NO,1845
chr12,64849777,64853712,NO,3935
chr1,27817962,27819641,NO,1679
chr11,56890498,56893251,NO,2753
chr8,133990307,133993391,NO,3084
chr4,99608413,99611384,NO,2971
chr1,40399244,40403262,NO,4018
chr7,127856734,127862770,NO,6036
chr1,158025638,158039463,NO,13825
chr7,128774322,128778328,NO,4006
chr2,172811151,172815311,NO,4160
chr14,35398998,35405144,NO,6146
chr17,77881414,77893831,NO,12417
chr8,144904954,144907347,NO,2393
chr15,22796469,22799360,NO,2891
chr1,154778414,154783058,NO,4644
chr1,29527550,29529663,NO,2113
chr3,193568972,193582287,NO,13315
chr11,65290228,65292399,NO,2171
chr16,66906640,66908680,NO,2040
chr9,75191974,75205430,NO,13456
chr2,42067891,42068948,NO,1057
chr20,62440374,62443358,NO,2984
chr10,101538972,101540546,NO,1574
chr19,41807563,41810823,NO,3260
chrX,39611733,39632357,NO,20624
chr19,8430721,8433542,NO,2821
chr5,90204485,90208275,NO,3790
chr20,32118756,32149422,NO,30666
chr20,1568143,1576716,NO,8573
chr1,153570417,153572470,NO,2053
chrX,19390192,19392165,NO,1973
chr10,73231909,73236778,NO,4869
chr5,137030965,137032753,NO,1788
chr1,65329554,65331327,NO,1773
chr12,71083339,71086784,NO,3445
chr7,139332441,139334755,NO,2314
chr2,48447340,48479242,NO,31902
chr13,100309949,100311264,NO,1315
chr13,74339250,74340827,NO,1577
chr8,117663227,117665526,NO,2299
chr7,44349020,44350624,NO,1604
chr2,75380493,75387261,NO,6768
chr2,122290466,122304379,NO,13913
chr10,93295859,93312235,NO,16376
chr7,100047787,100048823,NO,1036
chr5,149019154,149021168,NO,2014
chr9,92508890,92519240,NO,10350
chr3,137844155,137856256,NO,12101
chr12,2561987,2568039,NO,6052
chr1,33693453,33710293,NO,16840
chr4,48129653,48141206,NO,11553
chr10,21602937,21605569,NO,2632
chr2,65527095,65538122,NO,11027
chr2,137010839,137014209,NO,3370
chr10,64340955,64345408,NO,4453
chr2,129153092,129167246,NO,14154
chr10,71487725,71490126,NO,2401
chr3,171591831,171594777,NO,2946
chr6,28350647,28351958,NO,1311
chr6,14655609,14671655,NO,16046
chr16,2625134,2627352,NO,2218
chr4,100303783,100312417,NO,8634
chrX,73468640,73471796,NO,3156
chr19,55304240,55308546,NO,4306
chr5,343116,344854,NO,1738
chr3,54998809,55002142,NO,3333
chr1,25682477,25692947,NO,10470
chr7,137619226,137628191,NO,8965
chr13,114125971,114129208,NO,3237
chr4,154095236,154098815,NO,3579
chr10,126211205,126229472,NO,18267
chr3,24562654,24564175,NO,1521
chr1,228074401,228076218,NO,1817
chr18,21580486,21592421,NO,11935
chr16,3053924,3055356,NO,1432
chr3,195820526,195825802,NO,5276
chr17,15548417,15563980,NO,15563
chr15,60419364,60420649,NO,1285
chr19,57828679,57829349,NO,670
chr14,93450811,93453323,NO,2512
chr13,33684568,33701707,NO,17139
chr3,106926465,106928772,NO,2307
chr18,48677956,48681095,NO,3139
chr18,52776658,52778893,NO,2235
chr4,143323012,143327625,NO,4613
chr10,62666137,62671468,NO,5331
chr2,110394055,110406026,NO,11971
chr3,187491123,187507526,NO,16403
chr17,47645323,47653202,NO,7879
chr15,65009221,65011552,NO,2331
chr12,27390562,27392398,NO,1836
chr17,4620265,4622052,NO,1787
chr19,53103702,53105415,NO,1713
chr11,35560776,35564184,NO,3408
chr1,39733613,39735849,NO,2236
chr16,545890,547830,NO,1940
chr15,64888875,64890335,NO,1460
chr22,18628198,18629565,NO,1367
chr3,179243946,179245856,NO,1910
chr12,109947436,109958172,NO,10736
chr11,87079065,87081269,NO,2204
chr3,171811406,171825838,NO,14432
chr10,14031687,14033760,NO,2073
chr6,20319654,20321080,NO,1426
chr2,168136394,168150234,NO,13840
chr11,65312924,65314814,NO,1890
chr5,148289299,148291464,NO,2165
chr1,52013835,52017136,NO,3301
chr15,62149210,62150544,NO,1334
chr9,127001444,127005852,NO,4408
chr2,173116157,173118859,NO,2702
chr20,30740036,30754144,NO,14108
chr4,1754002,1758503,NO,4501
chr9,2412608,2429563,NO,16955
chr11,77120874,77130281,NO,9407
chr17,74680716,74682402,NO,1686
chr10,71933407,71935016,NO,1609
chr14,22950554,22960132,NO,9578
chr22,45732033,45733886,NO,1853
chr1,160457980,160460514,NO,2534
chr8,59010622,59021413,NO,10791
chrX,45046217,45058392,NO,12175
chr1,32218127,32221540,NO,3413
chr3,132001809,132010107,NO,8298
chr8,103612615,103614273,NO,1658
chr4,26813333,26814986,NO,1653
chr14,23377713,23385864,NO,8151
chr2,12640619,12655639,NO,15020
chr1,213449078,213451459,NO,2381
chr2,144018868,144020870,NO,2002
chr19,49126511,49128372,NO,1861
chr22,19406353,19410889,NO,4536
chr20,62422695,62423985,NO,1290
chrX,46315150,46321541,NO,6391
chr17,18758891,18760350,NO,1459
chr6,169540999,169543068,NO,2069
chr11,1049417,1074156,NO,24739
chr2,240120292,240122278,NO,1986
chr6,158502795,158508848,NO,6053
chr1,36653009,36654198,NO,1189
chr2,159571898,159574023,NO,2125
chr5,141595129,141602470,NO,7341
chrX,20430560,20432575,NO,2015
chr16,2584903,2586879,NO,1976
chrX,47662310,47667583,NO,5273
chr3,75376536,75391382,NO,14846
chr18,53004813,53007006,NO,2193
chr11,65358739,65360603,NO,1864
chr14,21341832,21350780,NO,8948
chr4,183369157,183370803,NO,1646
chr10,73945921,73947386,NO,1465
chr6,108773035,108775502,NO,2467
chr18,35156770,35158511,NO,1741
chr2,152622105,152628875,NO,6770
chr16,56777324,56784220,NO,6896
chr12,93788276,93793517,NO,5241
chr7,73294927,73310029,NO,15102
chr2,12591612,12597800,NO,6188
chr3,194381385,194383979,NO,2594
chr3,40340448,40342429,NO,1981
chr14,98653538,98656901,NO,3363
chr1,182162766,182177096,NO,14330
chr2,240751776,240753823,NO,2047
chr16,20880324,20886286,NO,5962
chr4,189659412,189659862,NO,450
chr22,30146099,30148081,NO,1982
chr10,116256668,116260149,NO,3481
chr7,116032732,116036185,NO,3453
chr2,239142995,239157187,NO,14192
chr1,17944306,17962321,NO,18015
chr11,47455593,47460080,NO,4487
chr4,7157237,7158865,NO,1628
chr2,227770075,227773436,NO,3361
chr18,20980870,20982462,NO,1592
chr6,150894189,150898756,NO,4567
chr5,82767220,82770598,NO,3378
chr6,113879187,113886900,NO,7713
chr18,8623237,8624298,NO,1061
chr10,4075628,4078056,NO,2428
chr9,97838930,97841623,NO,2693
chr9,129279124,129296589,NO,17465
chr17,35441000,35447922,NO,6922
chr3,190283633,190285172,NO,1539
chr17,53682847,53688136,NO,5289
chr6,157725481,157739024,NO,13543
chr5,36679620,36690824,NO,11204
chr9,14236767,14239104,NO,2337
chr9,97805849,97808274,NO,2425
chr15,43414531,43415838,NO,1307
chr9,130391002,130397295,NO,6293
chr13,50104114,50115381,NO,11267
chr9,136236421,136239093,NO,2672
chr17,9358980,9376428,NO,17448
chr17,48366952,48368380,NO,1428
chr20,44985075,44991235,NO,6160
chrX,15315928,15328588,NO,12660
chr2,9687443,9690674,NO,3231
chr5,142622552,142624666,NO,2114
chr2,241634702,241636751,NO,2049
chr16,67551594,67553712,NO,2118
chr20,62322068,62324810,NO,2742
chr20,42309444,42311908,NO,2464
chr15,88300284,88306148,NO,5864
chr2,241616983,241619032,NO,2049
chr6,6826054,6827739,NO,1685
chr19,38663520,38665134,NO,1614
chr11,68922699,68925557,NO,2858
chr14,62215889,62218457,NO,2568
chr17,29922943,29924466,NO,1523
chr4,184317345,184328800,NO,11455
chr1,145283175,145288200,NO,5025
chr14,101586695,101588294,NO,1599
chr6,32004593,32006648,NO,2055
chr15,89611311,89614531,NO,3220
chr5,178782516,178785073,NO,2557
chr12,53676601,53678173,NO,1572
chr5,148584038,148587050,NO,3012
chr4,37838315,37853269,NO,14954
chr12,26779032,26783877,NO,4845
chr1,245254734,245260417,NO,5683
chr4,185424660,185436434,NO,11774
chr13,113807368,113809413,NO,2045
chr17,78753825,78764493,NO,10668
chr14,103095458,103121587,NO,26129
chr10,27608052,27609358,NO,1306
chr11,94363380,94384232,NO,20852
chr11,121229153,121238875,NO,9722
chr10,101226482,101228249,NO,1767
chr16,15611558,15616414,NO,4856
chr8,13316721,13330334,NO,13613
chr14,23291205,23292843,NO,1638
chr19,50413980,50420664,NO,6684
chr2,101509877,101512526,NO,2649
chr7,155677791,155683574,NO,5783
chr9,120545043,120546251,NO,1208
chr12,57113589,57115620,NO,2031
chr15,43981552,43982624,NO,1072
chr7,130626868,130628781,NO,1913
chr5,68628166,68631718,NO,3552
chr12,56373458,56377972,NO,4514
chr1,243658637,243660205,NO,1568
chr19,14724652,14727711,NO,3059
chr3,5174420,5191272,NO,16852
chr3,66352194,66355249,NO,3055
chr17,67043095,67044813,NO,1718
chr6,13580157,13582574,NO,2417
chr16,87440134,87442082,NO,1948
chr5,177783163,177784965,NO,1802
chr20,17614605,17630222,NO,15617
chr19,3188319,3190083,NO,1764
chr19,38680235,38683954,NO,3719
chr15,64133605,64135631,NO,2026
chr2,236251246,236253083,NO,1837
chr10,33293898,33295252,NO,1354
chr19,39918623,39920155,NO,1532
chr6,88498953,88516182,NO,17229
chr22,41874851,41879462,NO,4611
chr1,59433475,59434961,NO,1486
chr3,133224961,133232410,NO,7449
chr7,37569587,37571817,NO,2230
chr2,42978689,42981947,NO,3258
chr1,223306981,223309117,NO,2136
chr1,9421290,9437987,NO,16697
chr9,109723938,109726461,NO,2523
chr17,76135930,76137430,NO,1500
chr1,11518381,11520157,NO,1776
chr6,161646660,161651037,NO,4377
chr8,128312465,128319934,NO,7469
chr2,72054034,72062175,NO,8141
chr1,172743812,172746089,NO,2277
chr11,17942029,17949429,NO,7400
chr6,139481403,139483977,NO,2574
chr1,15905149,15906813,NO,1664
chr5,66596732,66611893,NO,15161
chr7,28183506,28207283,NO,23777
chr14,100085645,100087387,NO,1742
chr1,42500731,42502430,NO,1699
chr9,124265389,124274448,NO,9059
chr22,23057121,23064195,NO,7074
chr3,48693057,48694621,NO,1564
chr10,61996348,61998658,NO,2310
chr16,68732908,68747848,NO,14940
chr10,89801829,89806478,NO,4649
chr2,201320264,201333564,NO,13300
chr15,62411087,62417416,NO,6329
chr3,124703722,124719388,NO,15666
chr6,138043711,138056538,NO,12827
chr1,74860614,74863507,NO,2893
chr16,12382581,12384666,NO,2085
chr19,46065621,46068180,NO,2559
chr19,37266189,37267262,NO,1073
chr16,81577893,81587883,NO,9990
chr16,2609436,2611540,NO,2104
chr19,44302670,44304962,NO,2292
chr1,168435510,168450575,NO,15065
chr14,105232782,105235729,NO,2947
chr19,45323380,45326927,NO,3547
chr2,240820328,240821988,NO,1660
chrX,129306780,129308999,NO,2219
chr4,38237864,38239515,NO,1651
chr20,60912127,60915591,NO,3464
chr10,52298339,52316748,NO,18409
chr3,72201421,72205403,NO,3982
chr20,5803596,5827702,NO,24106
chr17,19882579,19884398,NO,1819
chr4,147025529,147027762,NO,2233
chr8,134401584,134403829,NO,2245
chr3,119921142,119923594,NO,2452
chr12,26426705,26428530,NO,1825
chr7,4831369,4832814,NO,1445
chr19,17865815,17890372,NO,24557
chr5,90457764,90459334,NO,1570
chrX,19765192,19766928,NO,1736
chr11,44787290,44789065,NO,1775
chr2,238831511,238832754,NO,1243
chr15,91954794,91973924,NO,19130
chr9,137366542,137368909,NO,2367
chr12,2466976,2468770,NO,1794
chr13,47064664,47065298,NO,634
chr20,42285437,42286954,NO,1517
chr7,139364943,139368540,NO,3597
chr12,10220472,10222221,NO,1749
chr6,31981094,31983616,NO,2522
chr12,1684600,1686771,NO,2171
chr13,28526895,28528883,NO,1988
chrX,73070565,73072243,NO,1678
chr2,228682402,228684378,NO,1976
chr1,183247581,183249834,NO,2253
chr3,58102214,58107275,NO,5061
chr16,14050218,14052123,NO,1905
chr4,129305032,129309354,NO,4322
chr1,45411618,45414195,NO,2577
chr21,38338152,38339832,NO,1680
chr12,15154600,15167021,NO,12421
chr6,105085657,105090986,NO,5329
chr18,6780799,6782557,NO,1758
chr3,112959839,112980495,NO,20656
chr2,96748380,96751081,NO,2701
chr17,55061323,55063743,NO,2420
chr3,59436489,59438281,NO,1792
chr19,56131487,56133197,NO,1710
chr2,54984337,54995979,NO,11642
chr2,22721592,22724389,NO,2797
chr2,106436449,106441300,NO,4851
chr15,76050519,76051657,NO,1138
chr17,6839366,6844139,NO,4773
chr8,120684545,120686396,NO,1851
chr19,8333330,8334837,NO,1507
chr3,39975311,39977462,NO,2151
chr17,41152909,41155101,NO,2192
chr7,93573088,93575376,NO,2288
chr18,56596303,56614694,NO,18391
chr12,54010744,54018298,NO,7554
chr9,126317551,126332467,NO,14916
chr18,45621907,45623478,NO,1571
chr6,137469369,137488117,NO,18748
chr12,89674598,89675974,NO,1376
chr2,219251445,219253079,NO,1634
chr2,191217088,191225266,NO,8178
chr22,38429082,38431078,NO,1996
chr9,90207050,90216586,NO,9536
chr11,71759548,71760614,NO,1066
chr10,11636657,11652072,NO,15415
chr19,48706549,48708190,NO,1641
chr16,3627964,3630493,NO,2529
chr9,125014579,125017480,NO,2901
chr10,95965230,95971361,NO,6131
chr2,171829739,171830890,NO,1151
chr11,122970927,122972707,NO,1780
chr11,1283242,1284941,NO,1699
chr22,47549553,47571790,NO,22237
chr20,23273831,23275450,NO,1619
chr3,58372183,58373952,NO,1769
chr9,80122366,80130777,NO,8411
chr8,81050949,81060239,NO,9290
chr20,33491882,33496471,NO,4589
chr18,42338538,42340716,NO,2178
chr5,118258750,118260257,NO,1507
chr2,228300460,228316441,NO,15981
chr4,140480209,140482627,NO,2418
chr7,127876100,127877682,NO,1582
chr12,2953868,2969060,NO,15192
chr10,15125688,15127425,NO,1737
chr6,136494469,136502569,NO,8100
chr1,111669196,111678127,NO,8931
chr7,75340721,75342890,NO,2169
chr7,27189641,27192749,NO,3108
chr12,104962936,104964608,NO,1672
chr9,27338011,27342037,NO,4026
chr9,101668611,101671550,NO,2939
chr2,161933282,161934976,NO,1694
chr6,134616479,134618001,NO,1522
chr1,155804096,155807437,NO,3341
chrX,68154137,68158763,NO,4626
chr3,188628561,188635764,NO,7203
chr7,75056120,75058167,NO,2047
chr1,101723503,101728865,NO,5362
chr14,75373659,75384758,NO,11099
chr1,68606118,68609331,NO,3213
chr2,69910252,69932032,NO,21780
chr19,10346500,10347569,NO,1069
chr6,158480774,158482589,NO,1815
chr13,22634821,22637073,NO,2252
chr7,101764858,101784918,NO,20060
chr3,29563668,29567862,NO,4194
chr2,162760858,162762666,NO,1808
chr5,88027926,88031316,NO,3390
chr19,10221746,10224388,NO,2642
chr1,147119442,147121212,NO,1770
chr16,2618340,2619629,NO,1289
chr8,58982569,58992045,NO,9476
chr6,40525705,40528026,NO,2321
chr12,124421755,124423734,NO,1979
chr12,89869959,89875756,NO,5797
chr6,150756676,150758052,NO,1376
chr16,29655548,29661744,NO,6196
chr11,77962030,77980810,NO,18780
chr1,85048401,85050231,NO,1830
chr18,3282492,3284322,NO,1830
chr19,30112532,30115442,NO,2910
chr10,61296265,61299093,NO,2828
chr1,68757372,68760492,NO,3120
chr2,38146562,38150437,NO,3875
chr6,14635904,14640361,NO,4457
chr4,2765196,2773340,NO,8144
chr17,9869587,9891732,NO,22145
chr3,171393795,171396181,NO,2386
chr20,5124001,5128212,NO,4211
chr15,64340275,64342263,NO,1988
chr19,54332692,54355484,NO,22792
chr18,10284326,10291448,NO,7122
chr7,157094286,157095819,NO,1533
chr15,95127583,95129526,NO,1943
chr1,60015536,60017000,NO,1464
chr22,22379390,22391723,NO,12333
chr1,111328901,111331250,NO,2349
chr8,637276,641621,NO,4345
chr12,104612515,104614284,NO,1769
chr15,65866368,65877419,NO,11051
chr2,129490883,129493211,NO,2328
chr12,3071941,3073811,NO,1870
chr11,64122019,64123434,NO,1415
chr4,40951285,40956793,NO,5508
chr12,3326060,3328774,NO,2714
chr12,92602224,92638256,NO,36032
chr12,92341115,92343436,NO,2321
chr2,144230685,144238547,NO,7862
chr5,118724788,118756528,NO,31740
chr5,36070722,36072239,NO,1517
chr9,90793246,90794759,NO,1513
chr3,171963987,171979153,NO,15166
chr20,4018168,4019509,NO,1341
chr3,114025888,114028412,NO,2524
chr3,27631776,27633750,NO,1974
chrX,10050523,10051911,NO,1388
chrX,71277237,71300502,NO,23265
chr15,85141073,85142605,NO,1532
chr6,39303483,39311708,NO,8225
chr10,3235190,3240171,NO,4981
chr16,75374658,75377111,NO,2453
chr8,121721957,121730859,NO,8902
chr22,24996290,24998835,NO,2545
chr2,23776275,23787885,NO,11610
chr12,6454273,6455824,NO,1551
chr3,197639356,197640595,NO,1239
chr16,28265031,28267080,NO,2049
chr21,35500921,35516816,NO,15895
chr2,54586941,54599163,NO,12222
chr6,33552813,33555480,NO,2667
chr8,142336430,142338636,NO,2206
chr5,126564441,126565691,NO,1250
chr17,262173,266928,NO,4755
chr14,74765345,74767263,NO,1918
chr17,38863354,38865144,NO,1790
chr8,129551633,129556541,NO,4908
chr16,86247692,86250649,NO,2957
chr10,7580541,7590574,NO,10033
chr20,61506594,61508666,NO,2072
chr16,79320462,79333858,NO,13396
chr1,243447642,243452102,NO,4460
chr12,12680695,12687526,NO,6831
chr10,43856944,43858521,NO,1577
chr12,12185098,12186699,NO,1601
chr3,134312955,134325815,NO,12860
chr10,124273642,124276159,NO,2517
chr15,75614465,75615199,NO,734
chr9,80712094,80719589,NO,7495
chr2,97563045,97566263,NO,3218
chr13,24269679,24280899,NO,11220
chr15,27586433,27588292,NO,1859
chr1,46602886,46604463,NO,1577
chr6,140160456,140161541,NO,1085
chr5,141811809,141826903,NO,15094
chr17,9334394,9336722,NO,2328
chr20,22957001,22958587,NO,1586
chr19,2185177,2188551,NO,3374
chr10,62576938,62588583,NO,11645
chr11,75830231,75842773,NO,12542
chr4,26347025,26361527,NO,14502
chr11,59014202,59016997,NO,2795
chrX,68356059,68358419,NO,2360
chr10,94038723,94045240,NO,6517
chr17,41686278,41688194,NO,1916
chr14,58704798,58707458,NO,2660
chr9,34701025,34702500,NO,1475
chr20,33128225,33130451,NO,2226
chr1,230984712,231002391,NO,17679
chr17,74539410,74541636,NO,2226
chr18,53144426,53145974,NO,1548
chr11,45067142,45080169,NO,13027
chr3,16946293,16959560,NO,13267
chr1,17607913,17609556,NO,1643
chr1,28606746,28609981,NO,3235
chr6,119815449,119817414,NO,1965
chr10,92793740,92810913,NO,17173
chr13,113228984,113238614,NO,9630
chr8,10008030,10010793,NO,2763
chr2,231507516,231509209,NO,1693
chr9,110545783,110547662,NO,1879
chr11,130015916,130017622,NO,1706
chr1,153702831,153708314,NO,5483
chr12,96047523,96067205,NO,19682
chr10,130008459,130009530,NO,1071
chr7,43011856,43013807,NO,1951
chr10,97110265,97114557,NO,4292
chr18,3478133,3509850,NO,31717
chr8,41106863,41114488,NO,7625
chr9,100797011,100808271,NO,11260
chr6,125765102,125766723,NO,1621
chr14,75035730,75039321,NO,3591
chr5,177798297,177799833,NO,1536
chr11,47536012,47540783,NO,4771
chr2,208734366,208750275,NO,15909
chr2,152493379,152495393,NO,2014
chr6,2957240,2959718,NO,2478
chr14,55820435,55833030,NO,12595
chr13,44587151,44592654,NO,5503
chr3,41158215,41159871,NO,1656
chr12,90149659,90151310,NO,1651
chr1,24861479,24863417,NO,1938
chr11,11264533,11266831,NO,2298
chr11,119570129,119584247,NO,14118
chr20,37080895,37083038,NO,2143
chr11,60657101,60659434,NO,2333
chr2,224758276,224762878,NO,4602
chr10,63697461,63703358,NO,5897
chr1,21754338,21755440,NO,1102
chr8,18244214,18245606,NO,1392
chr6,138088889,138095745,NO,6856
chr4,2592590,2601477,NO,8887
chr2,36768716,36790759,NO,22043
chr4,4269764,4272099,NO,2335
chr17,25815901,25822485,NO,6584
chr6,43060933,43065249,NO,4316
chr4,23889635,23891986,NO,2351
chr4,86696699,86705988,NO,9289
chr18,74716478,74726740,NO,10262
chr13,41350455,41352288,NO,1833
chr17,56229675,56231363,NO,1688
chr20,23158596,23161361,NO,2765
chr19,19439392,19440885,NO,1493
chr19,5827324,5828980,NO,1656
chr19,17402775,17404028,NO,1253
chr1,8657998,8664857,NO,6859
chr13,42120906,42136829,NO,15923
chr8,12900219,12923373,NO,23154
chr2,86525369,86529762,NO,4393
chr1,51895330,51900022,NO,4692
chr2,182670527,182677074,NO,6547
chr7,131714112,131721061,NO,6949
chr1,167760340,167774749,NO,14409
chr16,68365766,68367230,NO,1464
chr6,3795882,3799191,NO,3309
chr1,89816733,89820563,NO,3830
chr2,74259004,74265532,NO,6528
chr20,61309764,61318287,NO,8523
chr14,23355459,23357929,NO,2470
chr22,36519165,36520688,NO,1523
chr12,14706876,14715373,NO,8497
chr3,127997076,128014265,NO,17189
chr8,134910994,134912437,NO,1443
chr16,48073058,48089212,NO,16154
chr4,36311957,36327850,NO,15893
chr20,49189238,49209784,NO,20546
chr1,166458578,166460070,NO,1492
chr2,30400421,30402446,NO,2025
chr8,130851668,130853704,NO,2036
chr12,57228744,57234024,NO,5280
chr5,43396723,43397702,NO,979
chr8,30136527,30138226,NO,1699
chr10,3440983,3443599,NO,2616
chr7,73599809,73611322,NO,11513
chr2,134894061,134895306,NO,1245
chr2,235587505,235589570,NO,2065
chr6,20169288,20175205,NO,5917
chr8,133452243,133461765,NO,9522
chr12,126515897,126521150,NO,5253
chr7,80167249,80181179,NO,13930
chr5,159784581,159791034,NO,6453
chr17,53315009,53316490,NO,1481
chr13,97634668,97637115,NO,2447
chr3,197683738,197685468,NO,1730
chr1,45825596,45827139,NO,1543
chr1,28834802,28837851,NO,3049
chr2,153322999,153326238,NO,3239
chrX,40791566,40794019,NO,2453
chr2,196397490,196401295,NO,3805
chr7,23056434,23063577,NO,7143
chr6,43191326,43192910,NO,1584
chr1,54577676,54579985,NO,2309
chr6,46458183,46459920,NO,1737
chr15,78162980,78172023,NO,9043
chr4,57653246,57666692,NO,13446
chr11,17374318,17375703,NO,1385
chr7,25494134,25496822,NO,2688
chr14,65077791,65082047,NO,4256
chr4,186305996,186308148,NO,2152
chr16,1559208,1563453,NO,4245
chr3,99843105,99856279,NO,13174
chr18,12879663,12881316,NO,1653
chr22,32057510,32059031,NO,1521
chr11,11556670,11565966,NO,9296
chr1,3086939,3088542,NO,1603
chr11,18333245,18337082,NO,3837
chr5,73728769,73730777,NO,2008
chr20,1450553,1454534,NO,3981
chr11,48190617,48192921,NO,2304
chr12,50744968,50748497,NO,3529
chr13,46503833,46507624,NO,3791
chr8,13078177,13083152,NO,4975
chr1,209821610,209823617,NO,2007
chr19,49960752,49962676,NO,1924
chr12,116974669,116990649,NO,15980
chr5,179030947,179035694,NO,4747
chr10,72055573,72057396,NO,1823
chr17,43204659,43207693,NO,3034
chr17,76133023,76135672,NO,2649
chr2,218263029,218277876,NO,14847
chr3,119019620,119024974,NO,5354
chr12,47710390,47713367,NO,2977
chr17,77701946,77707773,NO,5827
chr1,184761248,184775906,NO,14658
chr17,76462362,76463788,NO,1426
chr4,114062146,114069447,NO,7301
chr16,81030773,81038491,NO,7718
chr1,42928217,42929684,NO,1467
chr10,35774855,35785104,NO,10249
chr12,2491820,2494763,NO,2943
chr7,41920495,41922814,NO,2319
chr10,46913651,46914622,NO,971
chr2,112428333,112434214,NO,5881
chr17,7892857,7894081,NO,1224
chr12,80579998,80582100,NO,2102
chr3,25421046,25427958,NO,6912
chr2,97467546,97473251,NO,5705
chr6,109059102,109069015,NO,9913
chr3,156323253,156324656,NO,1403
chr1,208380526,208393746,NO,13220
chr2,42569005,42570757,NO,1752
chr5,137183275,137195102,NO,11827
chr2,61897438,61899537,NO,2099
chr22,33345642,33348605,NO,2963
chr1,113392382,113393692,NO,1310
chr4,99583744,99585263,NO,1519
chr3,87137779,87139210,NO,1431
chr16,80965704,80967164,NO,1460
chr20,5273295,5273705,NO,410
chr2,234176032,234179999,NO,3967
chr1,2177396,2178561,NO,1165
chr5,168106860,168109624,NO,2764
chr14,77350761,77352376,NO,1615
chr1,221172961,221174752,NO,1791
chr12,53931694,53938133,NO,6439
chr5,173099658,173101388,NO,1730
chr20,1548590,1551253,NO,2663
chr3,187634719,187637990,NO,3271
chr15,97432107,97440673,NO,8566
chr2,238109988,238117749,NO,7761
chrX,48448867,48451065,NO,2198
chr5,152067981,152070050,NO,2069
chr8,19522325,19537608,NO,15283
chr19,15320697,15322327,NO,1630
chr2,3977064,3992097,NO,15033
chr3,186489928,186491397,NO,1469
chr11,121970397,121972957,NO,2560
chr1,89165924,89168113,NO,2189
chr16,73156312,73160551,NO,4239
chr20,60600290,60620785,NO,20495
chr19,1183123,1184826,NO,1703
chr22,45015384,45017214,NO,1830
chr12,2533556,2541908,NO,8352
chr3,47326228,47338630,NO,12402
chr12,1414118,1428170,NO,14052
chr2,198103553,198106006,NO,2453
chr2,227514142,227525671,NO,11529
chr19,37177704,37179202,NO,1498
chr6,151856707,151861533,NO,4826
chr16,2208050,2210526,NO,2476
chr4,38161974,38191422,NO,29448
chr10,65429660,65442771,NO,13111
chr1,156260742,156262242,NO,1500
chr14,51421821,51435595,NO,13774
chr2,216922190,216923284,NO,1094
chr1,153342893,153344871,NO,1978
chr19,16508596,16510601,NO,2005
chr12,121581661,121583487,NO,1826
chr1,168083618,168091712,NO,8094
chr16,17502589,17511150,NO,8561
chr5,149461372,149466370,NO,4998
chr11,49253588,49256417,NO,2829
chr12,63710939,63712879,NO,1940
chr14,105107886,105109468,NO,1582
chr19,932287,933997,NO,1710
chr20,56881270,56882907,NO,1637
chr16,49788296,49789699,NO,1403
chr2,43682735,43689171,NO,6436
chr9,110309777,110311849,NO,2072
chr19,56014579,56015800,NO,1221
chr22,36055157,36059341,NO,4184
chr16,642217,643836,NO,1619
chr15,38334521,38343469,NO,8948
chr5,54033770,54049580,NO,15810
chr5,148843848,148845358,NO,1510
chr20,61915301,61916949,NO,1648
chr7,26193534,26196736,NO,3202
chr7,47409665,47420505,NO,10840
chr18,19637794,19639818,NO,2024
chr11,94609161,94611105,NO,1944
chr10,12881713,12887615,NO,5902
chr1,155156349,155158677,NO,2328
chr2,190380542,190392414,NO,11872
chr18,66388849,66390669,NO,1820
chr6,30059319,30071530,NO,12211
chr22,46436239,46438202,NO,1963
chr3,118997846,118999167,NO,1321
chr6,43883840,43891065,NO,7225
chr4,141663572,141665862,NO,2290
chr8,49289316,49293834,NO,4518
chr9,126503938,126524968,NO,21030
chr6,151325424,151344158,NO,18734
chr5,141890823,141892727,NO,1904
chr5,52326508,52341276,NO,14768
chr19,1789118,1791159,NO,2041
chr11,8735599,8738383,NO,2784
chr21,43458919,43478647,NO,19728
chr11,726110,730346,NO,4236
chr4,68904021,68904617,NO,596
chr12,6460797,6462490,NO,1693
chr1,202921152,202922367,NO,1215
chr10,90685305,90695779,NO,10474
chr10,29539259,29547436,NO,8177
chr1,234950888,234955026,NO,4138
chr6,29675675,29677728,NO,2053
chr9,19160984,19162557,NO,1573
chr3,57193293,57204525,NO,11232
chrX,23919189,23920783,NO,1594
chr11,71143794,71147253,NO,3459
chr8,67397976,67403890,NO,5914
chr1,181031087,181032576,NO,1489
chr2,135496676,135498716,NO,2040
chr1,61471324,61472807,NO,1483
chr12,63025041,63026741,NO,1700
chr5,34525538,34530083,NO,4545
chr1,40241118,40244557,NO,3439
chr6,43081155,43084816,NO,3661
chr6,45412915,45414247,NO,1332
chr18,7204195,7207846,NO,3651
chr1,46008224,46010282,NO,2058
chr2,225748723,225760127,NO,11404
chr17,63580317,63591183,NO,10866
chr22,44443445,44446167,NO,2722
chr16,70436716,70438777,NO,2061
chr5,159894296,159898406,NO,4110
chr6,143023115,143050673,NO,27558
chr2,228231413,228236644,NO,5231
chr15,67336317,67343141,NO,6824
chr17,17053254,17056400,NO,3146
chr10,48477356,48482144,NO,4788
chr14,93312727,93316525,NO,3798
chr8,21348446,21350671,NO,2225
chr12,116892746,116894713,NO,1967
chr17,71766494,71774018,NO,7524
chr3,119067975,119069895,NO,1920
chr7,115910906,115922329,NO,11423
chr10,102668124,102670719,NO,2595
chr1,154702250,154705510,NO,3260
chr3,15384622,15387810,NO,3188
chr17,79581306,79589563,NO,8257
chr15,51515185,51521016,NO,5831
chr5,169648190,169651494,NO,3304
chr1,81897565,81899860,NO,2295
chr17,1676080,1678801,NO,2721
chr3,64312340,64327452,NO,15112
chr1,224013422,224022809,NO,9387
chr17,19365756,19368005,NO,2249
chr10,48335011,48337008,NO,1997
chr14,51860942,51864081,NO,3139
chr1,109704236,109706052,NO,1816
chr19,48620582,48626032,NO,5450
chr6,170054075,170055741,NO,1666
chr6,32077400,32079885,NO,2485
chr8,621653,624030,NO,2377
chr4,77751523,77753821,NO,2298
chr20,1642182,1656087,NO,13905
chrX,42801946,42814668,NO,12722
chr11,46412653,46414809,NO,2156
chr16,18814354,18816292,NO,1938
chr7,134938316,134939816,NO,1500
chr6,88609261,88614051,NO,4790
chr2,69308964,69310935,NO,1971
chr4,41571013,41575099,NO,4086
chr3,27753770,27757250,NO,3480
chr11,126412639,126414567,NO,1928
chr22,41701419,41705049,NO,3630
chr4,70696862,70698298,NO,1436
chr4,54542115,54555009,NO,12894
chr3,101439687,101441882,NO,2195
chr5,14502949,14504725,NO,1776
chr12,77058856,77060699,NO,1843
chr15,33444900,33447717,NO,2817
chr6,33618978,33620431,NO,1453
chr16,10670191,10672796,NO,2605
chr6,64062046,64063599,NO,1553
chr17,592829,603213,NO,10384
chr3,127535725,127540796,NO,5071
chr3,75720859,75722036,NO,1177
chr4,129076489,129078131,NO,1642
chr5,17118277,17129889,NO,11612
chr11,2467768,2469440,NO,1672
chr10,30573137,30575203,NO,2066
chr12,54589245,54590867,NO,1622
chr4,129782635,129784671,NO,2036
chr18,43354884,43356052,NO,1168
chr1,17012182,17012822,NO,640
chr22,19348252,19349540,NO,1288
chr17,15930825,15945201,NO,14376
chr17,7825302,7826909,NO,1607
chr19,49163829,49165182,NO,1353
chr22,19954353,19960139,NO,5786
chr15,31586103,31600694,NO,14591
chr6,136201155,136202474,NO,1319
chr12,113362521,113364256,NO,1735
chr8,41447330,41448883,NO,1553
chr10,35480240,35481554,NO,1314
chr18,29622560,29630228,NO,7668
chr9,131830639,131832462,NO,1823
chr13,47090716,47094727,NO,4011
chr22,27547692,27551504,NO,3812
chr16,66281378,66285924,NO,4546
chr9,113925417,113926855,NO,1438
chr15,65127652,65129135,NO,1483
chr2,205831552,205833106,NO,1554
chr4,99467768,99468974,NO,1206
chr11,95809369,95826428,NO,17059
chr4,7515850,7517896,NO,2046
chr6,32080790,32083127,NO,2337
chr7,72995901,73002712,NO,6811
chr1,29252655,29255560,NO,2905
chr12,117576640,117589162,NO,12522
chr1,237017436,237034811,NO,17375
chr9,133655503,133657025,NO,1522
chr18,72702528,72707665,NO,5137
chr9,2125552,2127901,NO,2349
chr13,23922361,23935509,NO,13148
chr16,69923828,69925392,NO,1564
chr20,33795248,33796926,NO,1678
chr5,40990190,40993145,NO,2955
chr11,132498248,132504467,NO,6219
chr19,8435075,8436635,NO,1560
chr13,80706779,80715969,NO,9190
chr2,46612704,46616858,NO,4154
chr3,72607164,72611063,NO,3899
chr3,71354159,71355615,NO,1456
chr15,66909470,66914880,NO,5410
chr5,158301880,158309035,NO,7155
chr5,142092074,142093521,NO,1447
chr10,4322052,4327162,NO,5110
chr2,106289689,106292265,NO,2576
chr20,50063124,50073794,NO,10670
chr8,134468284,134470432,NO,2148
chr14,101830878,101832396,NO,1518
chr6,166418673,166420332,NO,1659
chr1,226270411,226272046,NO,1635
chr16,31463623,31466017,NO,2394
chr8,102038210,102039656,NO,1446
chr3,123048578,123051615,NO,3037
chr11,60009251,60031627,NO,22376
chr6,11770356,11771978,NO,1622
chr22,19674447,19676469,NO,2022
chr2,208790175,208792028,NO,1853
chr10,11284140,11288162,NO,4022
chr6,16109186,16111079,NO,1893
chr1,12014827,12021792,NO,6965
chr4,1328527,1330759,NO,2232
chr8,42286865,42287882,NO,1017
chr19,38851819,38853706,NO,1887
chr12,50665376,50670502,NO,5126
chr17,19966854,19977560,NO,10706
chr10,112115248,112117568,NO,2320
chr22,25463360,25466627,NO,3267
chr11,82707137,82723354,NO,16217
chr2,26491989,26497759,NO,5770
chr1,185662634,185663893,NO,1259
chr6,140399756,140401136,NO,1380
chr11,36176196,36182044,NO,5848
chr19,47258258,47259364,NO,1106
chr6,167454632,167461753,NO,7121
chr20,31957210,31959004,NO,1794
chr3,55814476,55817077,NO,2601
chr1,156045937,156047492,NO,1555
chr17,13297860,13319713,NO,21853
chr8,48390240,48394023,NO,3783
chr10,75987020,75999557,NO,12537
chr17,43169397,43171665,NO,2268
chrX,53100816,53102338,NO,1522
chr2,113431129,113432919,NO,1790
chr3,72130944,72132681,NO,1737
chr12,64309966,64312826,NO,2860
chr8,8456970,8467327,NO,10357
chr1,157117685,157126180,NO,8495
chr3,99928479,99929963,NO,1484
chr6,169589293,169591513,NO,2220
chr1,100909055,100910476,NO,1421
chr8,41400488,41403311,NO,2823
chr4,26787524,26790268,NO,2744
chr17,62195256,62199735,NO,4479
chr5,126083524,126098096,NO,14572
chr7,39894533,39894957,NO,424
chr6,109019923,109021854,NO,1931
chr19,58070397,58071935,NO,1538
chr10,93367278,93369383,NO,2105
chr14,51758576,51760902,NO,2326
chr10,5734174,5735428,NO,1254
chr1,26217737,26220179,NO,2442
chr1,222456811,222461933,NO,5122
chr15,100465934,100469433,NO,3499
chr8,23359696,23369031,NO,9335
chr14,65459193,65461279,NO,2086
chr6,128812344,128813539,NO,1195
chr9,71254656,71259549,NO,4893
chr11,130258247,130260093,NO,1846
chr4,99484589,99490959,NO,6370
chr2,20407846,20413568,NO,5722
chr11,64810898,64816112,NO,5214
chr20,34379505,34385313,NO,5808
chr11,57266615,57268043,NO,1428
chr1,113008008,113010100,NO,2092
chr7,73475814,73476982,NO,1168
chr8,126353133,126355359,NO,2226
chr1,108453069,108464062,NO,10993
chr17,17861295,17863512,NO,2217
chr19,41840086,41841116,NO,1030
chr10,44788490,44790331,NO,1841
chr1,33561979,33565841,NO,3862
chr2,218927933,218930780,NO,2847
chr1,204547058,204549382,NO,2324
chr21,29711274,29712506,NO,1232
chr11,121526126,121527701,NO,1575
chr3,9903928,9906938,NO,3010
chr6,11650351,11654275,NO,3924
chr8,27404552,27406299,NO,1747
chr1,63186439,63191354,NO,4915
chr11,61182145,61186325,NO,4180
chr2,74196813,74198600,NO,1787
chr3,113603604,113605568,NO,1964
chr8,20120908,20126804,NO,5896
chr8,67419247,67420833,NO,1586
chr15,91432152,91434443,NO,2291
chr20,62434589,62435982,NO,1393
chr5,32098328,32100994,NO,2666
chr7,65719399,65722177,NO,2778
chr19,23432406,23433494,NO,1088
chr1,55430957,55432635,NO,1678
chr19,2073189,2075962,NO,2773
chr15,42897354,42914976,NO,17622
chr2,31273980,31278815,NO,4835
chr11,95433267,95449881,NO,16614
chr10,73306906,73308993,NO,2087
chr1,78540960,78548469,NO,7509
chr3,187793647,187800009,NO,6362
chr13,49788408,49789888,NO,1480
chr10,72090973,72095653,NO,4680
chr17,64687498,64689177,NO,1679
chr1,3447358,3457454,NO,10096
chr3,72220814,72226638,NO,5824
chr1,26448417,26454293,NO,5876
chr1,117591217,117594791,NO,3574
chr3,191438417,191440303,NO,1886
chr11,3056983,3071903,NO,14920
chr1,148193050,148196108,NO,3058
chr4,106911264,106913258,NO,1994
chr19,49283597,49286010,NO,2413
chr11,109939483,109949003,NO,9520
chr12,76652348,76654705,NO,2357
chr19,36822024,36823207,NO,1183
chrX,153573793,153576387,NO,2594
chr1,14973263,14976219,NO,2956
chr20,31223315,31225192,NO,1877
chr2,208674824,208676404,NO,1580
chr7,100069497,100071192,NO,1695
chr9,31908413,31912900,NO,4487
chr8,49664322,49677464,NO,13142
chr8,134038055,134046238,NO,8183
chr17,1414238,1416271,NO,2033
chr2,53741736,53743461,NO,1725
chr5,42620796,42622910,NO,2114
chr16,80933375,80935306,NO,1931
chr14,50786822,50788586,NO,1764
chr3,71751014,71752889,NO,1875
chr12,122627065,122628964,NO,1899
chr1,30147506,30162377,NO,14871
chr17,74481310,74482843,NO,1533
chr12,132344932,132358273,NO,13341
chr5,252451,264862,NO,12411
chrX,39753385,39765486,NO,12101
chr6,71958141,71961480,NO,3339
chr18,8704363,8706035,NO,1672
chr4,124364338,124365985,NO,1647
chr1,32447090,32451550,NO,4460
chr2,69134714,69136503,NO,1789
chr3,177441749,177448518,NO,6769
chr7,151082452,151084872,NO,2420
chr1,22094161,22107101,NO,12940
chr9,127154194,127162693,NO,8499
chr14,21574377,21575807,NO,1430
chr3,40919105,40920433,NO,1328
chr19,55386499,55392911,NO,6412
chr13,32524243,32525947,NO,1704
chr4,24972637,24976460,NO,3823
chr6,12364013,12375898,NO,11885
chr2,96347036,96349428,NO,2392
chr3,99943868,99946781,NO,2913
chr7,27161333,27163089,NO,1756
chr14,100437306,100439217,NO,1911
chr16,12623170,12624751,NO,1581
chr5,146775706,146784829,NO,9123
chr7,41744183,41745707,NO,1524
chr10,129718121,129727038,NO,8917
chr1,2225756,2228674,NO,2918
chr20,19829495,19831576,NO,2081
chr11,17426536,17428448,NO,1912
chr3,152092001,152101551,NO,9550
chr14,90937643,90940136,NO,2493
chr10,75877659,75881151,NO,3492
chr20,3660436,3668480,NO,8044
chr5,73833460,73839995,NO,6535
chr7,100659893,100661217,NO,1324
chr12,25955855,25956504,NO,649
chr11,117170066,117184220,NO,14154
chr4,84092013,84102120,NO,10107
chr14,23629981,23637360,NO,7379
chr1,165567043,165568246,NO,1203
chr1,155166452,155168173,NO,1721
chr19,42867206,42875138,NO,7932
chr7,2039829,2041568,NO,1739
chr15,75898557,75914072,NO,15515
chr14,45718448,45720345,NO,1897
chr12,120524371,120525792,NO,1421
chr4,186048416,186050285,NO,1869
chr17,44982542,44984605,NO,2063
chr7,25888849,25897431,NO,8582
chr2,99421239,99423251,NO,2012
chr7,1162771,1164287,NO,1516
chr11,72682452,72687895,NO,5443
chr17,47547409,47550077,NO,2668
chr1,230326264,230328046,NO,1782
chr4,141710775,141712472,NO,1697
chr6,11392968,11412820,NO,19852
chr19,50650469,50651708,NO,1239
chr18,42949574,42951372,NO,1798
chrX,102790582,102794397,NO,3815
chr22,42258069,42259636,NO,1567
chr22,29474717,29490514,NO,15797
chr10,80359261,80362368,NO,3107
chr5,154033184,154035301,NO,2117
chr1,220426655,220427124,NO,469
chr4,53823381,53827851,NO,4470
chr4,10182167,10183955,NO,1788
chr16,67585835,67587275,NO,1440
chr6,11519434,11526337,NO,6903
chr16,86774370,86775757,NO,1387
chr5,168080749,168082709,NO,1960
chr1,171639499,171640225,NO,726
chr13,99097662,99107580,NO,9918
chr12,131713722,131715612,NO,1890
chr22,40271194,40271853,NO,659
chrX,53741264,53744435,NO,3171
chr20,3519221,3523373,NO,4152
chr7,130644277,130645151,NO,874
chr18,33388838,33391102,NO,2264
chr8,49531871,49533939,NO,2068
chr1,204638872,204640647,NO,1775
chr1,150158623,150159983,NO,1360
chr14,54912921,54914556,NO,1635
chr2,161432257,161442718,NO,10461
chr2,26873707,26876378,NO,2671
chr2,91936650,91938446,NO,1796
chr12,105351502,105353237,NO,1735
chr1,153525904,153527531,NO,1627
chr5,149057144,149061377,NO,4233
chr8,21887644,21889334,NO,1690
chr11,27269398,27271169,NO,1771
chr4,9153757,9155659,NO,1902
chr13,31432854,31444820,NO,11966
chr3,41012156,41014284,NO,2128
chr7,76818100,76826330,NO,8230
chr1,232839722,232842621,NO,2899
chr14,71825022,71831029,NO,6007
chr1,59049526,59058912,NO,9386
chr6,1698941,1710692,NO,11751
chr9,113305588,113317789,NO,12201
chr7,150659090,150672490,NO,13400
chr6,8179700,8183503,NO,3803
chr5,159767844,159769669,NO,1825
chr3,191068162,191075473,NO,7311
chr14,65562460,65565558,NO,3098
chr3,52703810,52716992,NO,13182
chr11,46902024,46903836,NO,1812
chr16,89864566,89865998,NO,1432
chr10,114887509,114889868,NO,2359
chr16,57117705,57119295,NO,1590
chr19,18411421,18413159,NO,1738
chrX,39002976,39004742,NO,1766
chr5,176815646,176817551,NO,1905
chr21,42816354,42818540,NO,2186
chr22,22452369,22472573,NO,20204
chr3,124418365,124419611,NO,1246
chr21,40496487,40510082,NO,13595
chr17,53381062,53383365,NO,2303
chr1,27839768,27841228,NO,1460
chr20,16084710,16088900,NO,4190
chr20,46310446,46312030,NO,1584
chr7,37588204,37590477,NO,2273
chr15,83602387,83604384,NO,1997
chr8,94997849,95004365,NO,6516
chr14,90147103,90148782,NO,1679
chr16,89162845,89165759,NO,2914
chr1,221219182,221221120,NO,1938
chr12,96838894,96840330,NO,1436
chr6,12401259,12413642,NO,12383
chr5,148227483,148236238,NO,8755
chr1,62802651,62804869,NO,2218
chr7,158988187,158991283,NO,3096
chr3,14991575,15001467,NO,9892
chr1,22979125,22982163,NO,3038
chr12,126345783,126358470,NO,12687
chr1,244326587,244328310,NO,1723
chr13,32681562,32692348,NO,10786
chr1,17089655,17093900,NO,4245
chr2,162019531,162024004,NO,4473
chr4,124813479,124816492,NO,3013
chr1,109726984,109728649,NO,1665
chr16,84985724,84987458,NO,1734
chrX,68215074,68216823,NO,1749
chr7,128145195,128148358,NO,3163
chr19,7682596,7684578,NO,1982
chr10,28656155,28670238,NO,14083
chr11,65373522,65375373,NO,1851
chr2,162828735,162832787,NO,4052
chr16,4102985,4115392,NO,12407
chr1,239882247,239883775,NO,1528
chr1,155862568,155864171,NO,1603
chr11,110181457,110191509,NO,10052
chr9,91794428,91795796,NO,1368
chr16,56295294,56297494,NO,2200
chr12,6438523,6441095,NO,2572
chr9,124454435,124471098,NO,16663
chr3,115231071,115232450,NO,1379
chr3,111257589,111267391,NO,9802
chr22,29937843,29939235,NO,1392
chr1,203015995,203051248,NO,35253
chr21,36305798,36307230,NO,1432
chr1,245970131,245972164,NO,2033
chr7,57460186,57464066,NO,3880
chr11,108776192,108780886,NO,4694
chr15,67228057,67229523,NO,1466
chr3,154688428,154690314,NO,1886
chr8,24243894,24245430,NO,1536
chr3,111685158,111690995,NO,5837
chr3,131088987,131091270,NO,2283
chr7,72705147,72707119,NO,1972
chr17,18803550,18805604,NO,2054
chr7,65504489,65509597,NO,5108
chr17,79970051,79972058,NO,2007
chr7,134610129,134618612,NO,8483
chr12,62644473,62646417,NO,1944
chr21,15962444,15965274,NO,2830
chr5,132106724,132108742,NO,2018
chr1,35730062,35731434,NO,1372
chr12,29394444,29396428,NO,1984
chr4,872321,874180,NO,1859
chr5,57590191,57591546,NO,1355
chr16,85428723,85430678,NO,1955
chr12,57270063,57272284,NO,2221
chr17,48840148,48843613,NO,3465
chr1,27943794,27945835,NO,2041
chr5,90167428,90175168,NO,7740
chr5,148351843,148353269,NO,1426
chr10,12526011,12528274,NO,2263
chr15,67477959,67491763,NO,13804
chr6,52513613,52516736,NO,3123
chrX,13680115,13687996,NO,7881
chr3,47268712,47270137,NO,1425
chr16,65234000,65236021,NO,2021
chr2,236466370,236479208,NO,12838
chr11,46372342,46374703,NO,2361
chr17,4618026,4619367,NO,1341
chr16,49809436,49823572,NO,14136
chr17,48498222,48499675,NO,1453
chr6,91600112,91605092,NO,4980
chr5,75953174,75956157,NO,2983
chr1,41568038,41576073,NO,8035
chr3,112353998,112358249,NO,4251
chr14,71702536,71709455,NO,6919
chr3,185902374,185904151,NO,1777
chr17,66249434,66252338,NO,2904
chr18,20068511,20070872,NO,2361
chr8,118968297,118970079,NO,1782
chr9,18848377,18850768,NO,2391
chr1,39193297,39194891,NO,1594
chr8,102138486,102150599,NO,12113
chr3,157123201,157135521,NO,12320
chr17,41900283,41902262,NO,1979
chr11,19811232,19818918,NO,7686
chr3,127265688,127267600,NO,1912
chr19,58175246,58176722,NO,1476
chr16,11590317,11592228,NO,1911
chr2,223707449,223709754,NO,2305
chr14,75150878,75166109,NO,15231
chr14,59720684,59722432,NO,1748
chr21,39773343,39788236,NO,14893
chr8,52919740,52921672,NO,1932
chr3,129060185,129068928,NO,8743
chr10,31422267,31423977,NO,1710
chr3,184933906,184935221,NO,1315
chr8,96442552,96444230,NO,1678
chr19,55117697,55119580,NO,1883
chr2,234264644,234266948,NO,2304
chr11,22453607,22455050,NO,1443
chr8,95874253,95876282,NO,2029
chr16,89066230,89070769,NO,4539
chr10,13569809,13571717,NO,1908
chr12,91774911,91776238,NO,1327
chr14,74408705,74411827,NO,3122
chr7,2722239,2734111,NO,11872
chr1,161409557,161410689,NO,1132
chr2,68916429,68918647,NO,2218
chr8,96224481,96227135,NO,2654
chr3,52467488,52471857,NO,4369
chr2,101823255,101836575,NO,13320
chrX,80375867,80378001,NO,2134
chr17,1349408,1351138,NO,1730
chr4,2715055,2716756,NO,1701
chr11,106858366,106861282,NO,2916
chr16,12156083,12157331,NO,1248
chr2,73511110,73512737,NO,1627
chr14,51325935,51332679,NO,6744
chr12,49158740,49161105,NO,2365
chr1,32700447,32702233,NO,1786
chr16,12119114,12128604,NO,9490
chr1,9222960,9224602,NO,1642
chr1,154357395,154359816,NO,2421
chr11,323952,325257,NO,1305
chr11,15988982,15991314,NO,2332
chr15,63575353,63584986,NO,9633
chr8,65775675,65777230,NO,1555
chr10,112185446,112187415,NO,1969
chr11,120975124,120982612,NO,7488
chr14,51821556,51836389,NO,14833
chr6,7974606,7976542,NO,1936
chr15,67082202,67096529,NO,14327
chr11,14430936,14445543,NO,14607
chr6,5287015,5295528,NO,8513
chr6,160940823,160942051,NO,1228
chr10,64286528,64305782,NO,19254
chr8,145035997,145037907,NO,1910
chr15,31469871,31471905,NO,2034
chr3,65995881,65997549,NO,1668
chr14,101177002,101178656,NO,1654
chr10,18124596,18127616,NO,3020
chr9,5458837,5467255,NO,8418
chr1,179098284,179103763,NO,5479
chr14,23159640,23169090,NO,9450
chr10,11755021,11762495,NO,7474
chr17,65991587,65992861,NO,1274
chr17,78336160,78340223,NO,4063
chr7,37009663,37012335,NO,2672
chr14,91163635,91168035,NO,4400
chr10,13673095,13676925,NO,3830
chr8,30357943,30360646,NO,2703
chr12,3993706,4007229,NO,13523
chr19,2331705,2333482,NO,1777
chr6,109287713,109290085,NO,2372
chr11,45491096,45493321,NO,2225
chr15,78614173,78620655,NO,6482
chr12,102136619,102138797,NO,2178
chr6,72100780,72104098,NO,3318
chr21,16135004,16136597,NO,1593
chr12,13145096,13146731,NO,1635
chr1,53877709,53879976,NO,2267
chr2,160853415,160854722,NO,1307
chr2,28903713,28907066,NO,3353
chr11,122992272,122994568,NO,2296
chr14,60864329,60864955,NO,626
chr1,24130614,24137861,NO,7247
chr3,37750870,37768330,NO,17460
chr3,186781100,186784230,NO,3130
chr3,42492147,42500954,NO,8807
chr1,839972,842667,NO,2695
chr17,6816222,6817989,NO,1767
chr3,62143991,62146508,NO,2517
chr4,42341260,42350880,NO,9620
chr22,30673265,30674894,NO,1629
chr1,228937556,228947760,NO,10204
chr2,17994235,18004040,NO,9805
chr2,97166974,97169031,NO,2057
chr15,74532056,74544482,NO,12426
chr17,18553211,18554039,NO,828
chr1,204317135,204318521,NO,1386
chr6,39193081,39195770,NO,2689
chr8,126159833,126187733,NO,27900
chr3,123534711,123537166,NO,2455
chrX,69696934,69700632,NO,3698
chr1,3268261,3270337,NO,2076
chr8,91017156,91025449,NO,8293
chr2,239850581,239861466,NO,10885
chr5,67294225,67295360,NO,1135
chr16,83028829,83030461,NO,1632
chr9,35703893,35705998,NO,2105
chr12,76302549,76304510,NO,1961
chr15,45747113,45750631,NO,3518
chr2,113869095,113882584,NO,13489
chr1,39782414,39794616,NO,12202
chr12,7042532,7044191,NO,1659
chr8,41889981,41892061,NO,2080
chr19,21751593,21752800,NO,1207
chr1,26845880,26847894,NO,2014
chr2,75043245,75044937,NO,1692
chr7,93806202,93813810,NO,7608
chr8,25201595,25203720,NO,2125
chr12,113735434,113738098,NO,2664
chrX,153348273,153361065,NO,12792
chr7,97989561,97998978,NO,9417
chr7,37238119,37241587,NO,3468
chr5,108658314,108663377,NO,5063
chr1,33505209,33516694,NO,11485
chr11,118208745,118210684,NO,1939
chr1,228393066,228401630,NO,8564
chr13,98219462,98221440,NO,1978
chr1,101108352,101112940,NO,4588
chr2,123511212,123513664,NO,2452
chr16,20449906,20452160,NO,2254
chr3,121785580,121794393,NO,8813
chr5,66388305,66391802,NO,3497
chr7,4223312,4226556,NO,3244
chr8,126540236,126541911,NO,1675
chr22,46491660,46494645,NO,2985
chr8,18984863,18999332,NO,14469
chr7,22614806,22630080,NO,15274
chr11,3443088,3444283,NO,1195
chr2,61094078,61095793,NO,1715
chr20,25464762,25468787,NO,4025
chr14,53575047,53576490,NO,1443
chr7,2351462,2352643,NO,1181
chr1,180099820,180101825,NO,2005
chr3,57004418,57015785,NO,11367
chr19,30940451,30942351,NO,1900
chr21,30607967,30611221,NO,3254
chr20,45752624,45753564,NO,940
chrX,119258466,119260142,NO,1676
chr3,125708885,125710161,NO,1276
chr3,151588877,151594341,NO,5464
chr2,31441417,31443113,NO,1696
chr5,149559267,149561110,NO,1843
chr2,31254556,31256395,NO,1839
chr15,51868542,51878472,NO,9930
chr18,46422811,46429583,NO,6772
chr7,155556250,155557689,NO,1439
chr4,1160718,1162038,NO,1320
chr4,39354647,39356613,NO,1966
chr15,92012487,92014345,NO,1858
chr16,58482609,58491669,NO,9060
chr12,60830834,60832311,NO,1477
chr11,132640003,132642113,NO,2110
chr7,2470932,2472935,NO,2003
chr13,33525477,33526892,NO,1415
chr12,97113315,97114680,NO,1365
chr14,101984418,101986041,NO,1623
chr17,57353920,57366279,NO,12359
chr9,130578623,130581262,NO,2639
chr11,129148389,129150401,NO,2012
chrX,79829806,79830650,NO,844
chr17,72563064,72566298,NO,3234
chr11,89339161,89341291,NO,2130
chr12,26308537,26312081,NO,3544
chr1,230305135,230313393,NO,8258
chr6,170535036,170557961,NO,22925
chr3,46886625,46888238,NO,1613
chr12,29542090,29542991,NO,901
chr20,6193524,6194621,NO,1097
chr8,101821534,101822959,NO,1425
chr13,113466402,113467973,NO,1571
chr3,168959704,168960645,NO,941
chr11,118055178,118056710,NO,1532
chrX,48748236,48749671,NO,1435
chr7,45277161,45281158,NO,3997
chr17,60529304,60532448,NO,3144
chr15,75467926,75471641,NO,3715
chr6,114080067,114085636,NO,5569
chr1,8342346,8355262,NO,12916
chr6,132451379,132453561,NO,2182
chr14,22896306,22898757,NO,2451
chr17,40062421,40064250,NO,1829
chr11,834246,835701,NO,1455
chr8,143440924,143442913,NO,1989
chr1,117348472,117353473,NO,5001
chr4,24471428,24475144,NO,3716
chr6,43939668,43941402,NO,1734
chr8,128821460,128823134,NO,1674
chr3,47483206,47485487,NO,2281
chr1,174958777,174960167,NO,1390
chr10,30315469,30317083,NO,1614
chr6,134733844,134735632,NO,1788
chr6,42203859,42205823,NO,1964
chr9,95935506,95941066,NO,5560
chr4,87859849,87861811,NO,1962
chr7,127635315,127644602,NO,9287
chr1,22579200,22586645,NO,7445
chr10,46075670,46076972,NO,1302
chr5,74663869,74671048,NO,7179
chr13,49199244,49201071,NO,1827
chr4,141555886,141588636,NO,32750
chr5,141720992,141722777,NO,1785
chr2,40500834,40510257,NO,9423
chr6,170251328,170252953,NO,1625
chr16,29835023,29837763,NO,2740
chr7,37287631,37299610,NO,11979
chr8,51269261,51272089,NO,2828
chrX,46508519,46510306,NO,1787
chr19,2064294,2065699,NO,1405
chr3,156200649,156202687,NO,2038
chr12,100516374,100532793,NO,16419
chr12,66661820,66663807,NO,1987
chr2,102720348,102734475,NO,14127
chr14,23998782,24000621,NO,1839
chr6,4380704,4382379,NO,1675
chr12,102008560,102010294,NO,1734
chrX,10134902,10144656,NO,9754
chr15,40659587,40665743,NO,6156
chr5,115706908,115708994,NO,2086
chr11,19867467,19871746,NO,4279
chr5,175642550,175644069,NO,1519
chr2,30718566,30727010,NO,8444
chr3,43358701,43368417,NO,9716
chr12,5565254,5566957,NO,1703
chr16,22008328,22009777,NO,1449
chr6,134693672,134696051,NO,2379
chr13,48976403,48978501,NO,2098
chr1,64368250,64370947,NO,2697
chr2,231658278,231663129,NO,4851
chr7,29074707,29080258,NO,5551
chr10,17877642,17880541,NO,2899
chr8,128771434,128773694,NO,2260
chr10,101471536,101474763,NO,3227
chr9,35844484,35848739,NO,4255
chr8,121094308,121096199,NO,1891
chr15,52298625,52301485,NO,2860
chr7,84298524,84301580,NO,3056
chr5,116123719,116126210,NO,2491
chr17,27966595,27973250,NO,6655
chr4,7121471,7137279,NO,15808
chr4,164583593,164587320,NO,3727
chr22,30937983,30938751,NO,768
chr10,15354991,15367982,NO,12991
chr12,110282995,110285836,NO,2841
chr1,183620383,183622451,NO,2068
chr12,9823997,9827319,NO,3322
chr21,16493485,16495063,NO,1578
chr6,141803798,141806097,NO,2299
chr14,65671182,65674248,NO,3066
chr2,175636375,175644288,NO,7913
chr2,129251598,129263386,NO,11788
chr2,130634437,130635965,NO,1528
chr17,66729041,66731158,NO,2117
chr12,62608180,62610373,NO,2193
chr11,33978343,33993401,NO,15058
chr7,98198664,98200253,NO,1589
chr19,35657747,35663970,NO,6223
chr16,15830171,15839421,NO,9250
chrX,47432931,47439435,NO,6504
chr17,31196228,31198478,NO,2250
chr11,69913450,69919478,NO,6028
chr1,40282497,40283485,NO,988
chr14,93075438,93082816,NO,7378
chr10,36813068,36813477,NO,409
chr2,74432617,74434116,NO,1499
chr16,4737708,4739874,NO,2166
chr7,105920236,105923324,NO,3088
chr2,198970767,198972246,NO,1479
chr8,144822073,144823717,NO,1644
chr8,144272278,144273954,NO,1676
chr8,95940580,95941840,NO,1260
chr3,193549092,193550433,NO,1341
chr2,222381748,222383911,NO,2163
chr11,117074764,117077237,NO,2473
chr13,44847899,44849621,NO,1722
chr14,24550100,24551314,NO,1214
chr4,55469279,55473811,NO,4532
chr16,85707112,85708750,NO,1638
chr10,90030580,90032139,NO,1559
chr2,191492497,191503213,NO,10716
chr3,64340371,64341765,NO,1394
chr1,165393530,165394659,NO,1129
chr3,15419170,15428398,NO,9228
chr6,14074909,14075962,NO,1053
chr13,41186921,41188788,NO,1867
chr15,89709336,89712015,NO,2679
chr13,55984050,55986800,NO,2750
chr11,86689115,86704797,NO,15682
chr4,186795250,186802329,NO,7079
chr3,140984974,140986939,NO,1965
chr1,65713608,65721205,NO,7597
chr12,81332168,81334142,NO,1974
chr7,48030994,48032128,NO,1134
chr5,106694842,106706692,NO,11850
chr16,2604137,2606085,NO,1948
chr9,128306899,128312911,NO,6012
chr2,74347122,74348132,NO,1010
chr19,34165480,34167189,NO,1709
chr15,25928137,25930244,NO,2107
chr10,53375776,53376708,NO,932
chr17,40966213,40968272,NO,2059
chr8,62701761,62703113,NO,1352
chrX,123350722,123352599,NO,1877
chr16,72910511,72914472,NO,3961
chr11,6489670,6491315,NO,1645
chr19,32459038,32461149,NO,2111
chr5,176722497,176724314,NO,1817
chr6,5831280,5833270,NO,1990
chr8,38457918,38458874,NO,956
chr15,30156558,30163970,NO,7412
chr14,103713100,103727587,NO,14487
chr16,2276023,2281344,NO,5321
chr13,77960898,77962942,NO,2044
chr2,241518317,241520280,NO,1963
chr1,144691335,144693136,NO,1801
chr15,64864121,64874146,NO,10025
chr2,179728237,179729643,NO,1406
chr7,106005714,106008453,NO,2739
chr2,8259431,8287122,NO,27691
chr11,13228926,13230500,NO,1574
chr3,195972834,195975257,NO,2423
chr6,22025357,22026717,NO,1360
chr6,150849725,150869540,NO,19815
chr2,183234987,183238273,NO,3286
chr12,93139505,93148664,NO,9159
chr10,34389960,34392521,NO,2561
chr1,8740934,8747674,NO,6740
chr9,137582051,137584362,NO,2311
chr8,114444297,114447800,NO,3503
chr4,184796607,184798301,NO,1694
chr3,23689242,23690851,NO,1609
chr3,46930919,46934940,NO,4021
chr7,21937533,21938931,NO,1398
chr11,15821001,15822772,NO,1771
chr14,38534007,38548533,NO,14526
chr21,15398972,15400617,NO,1645
chr4,1719536,1721036,NO,1500
chr20,10719781,10728344,NO,8563
chr5,177120596,177122020,NO,1424
chr11,132294179,132295847,NO,1668
chr17,59451731,59457695,NO,5964
chr2,38607013,38608444,NO,1431
chr11,113906915,113915894,NO,8979
chr6,42300232,42302462,NO,2230
chr7,28966069,28979373,NO,13304
chr18,24636896,24639017,NO,2121
chr3,107817817,107819832,NO,2015
chr20,62453020,62454434,NO,1414
chr17,30042157,30051803,NO,9646
chr15,63696209,63697813,NO,1604
chr5,178979259,178981807,NO,2548
chr17,22004478,22006936,NO,2458
chr7,20233144,20241642,NO,8498
chr19,3154545,3155876,NO,1331
chr7,75471605,75472895,NO,1290
chr7,105953588,105955700,NO,2112
chr3,126569791,126574036,NO,4245
chr1,109913105,109914550,NO,1445
chr19,24248311,24258267,NO,9956
chr9,27376847,27378953,NO,2106
chr5,133426417,133437134,NO,10717
chr20,4902792,4918292,NO,15500
chr21,45355794,45359295,NO,3501
chr13,111899888,111902396,NO,2508
chr1,110546096,110555308,NO,9212
chr12,11853590,11855342,NO,1752
chr1,144966635,144968439,NO,1804
chr5,5674875,5689401,NO,14526
chr21,35347729,35349283,NO,1554
chr13,20135143,20139427,NO,4284
chr1,160315831,160317567,NO,1736
chr17,4617127,4617993,NO,866
chr2,97135619,97137015,NO,1396
chr2,1451483,1463686,NO,12203
chr5,148793632,148795537,NO,1905
chr2,112677435,112688648,NO,11213
chr16,67574335,67577379,NO,3044
chr2,46883169,46885375,NO,2206
chr12,69374479,69379348,NO,4869
chr6,41528023,41529543,NO,1520
chr6,6856606,6859576,NO,2970
chr4,78499838,78503686,NO,3848
chr7,148660467,148664286,NO,3819
chr8,96704933,96706301,NO,1368
chr4,6644475,6646372,NO,1897
chr9,116416330,116418039,NO,1709
chr6,42514821,42516133,NO,1312
chr2,239924088,239925856,NO,1768
chr12,94287687,94289468,NO,1781
chr11,132933772,132935244,NO,1472
chr17,54899098,54905043,NO,5945
chr2,70345767,70347364,NO,1597
chr20,35921952,35923722,NO,1770
chr1,172105327,172111168,NO,5841
chr1,156170795,156173407,NO,2612
chr13,60071176,60073362,NO,2186
chr15,29377959,29382878,NO,4919
chr1,221087507,221089488,NO,1981
chr5,134791450,134795551,NO,4101
chr3,159628499,159629954,NO,1455
chr2,38264645,38266197,NO,1552
chr10,105791044,105793509,NO,2465
chr1,153203575,153206146,NO,2571
chr13,49312571,49325707,NO,13136
chr8,145039803,145041375,NO,1572
chr1,186622109,186629401,NO,7292
chr4,148057056,148058765,NO,1709
chr1,8229286,8230870,NO,1584
chr4,77905301,77909375,NO,4074
chr11,36002145,36004484,NO,2339
chr12,111290750,111292039,NO,1289
chr2,37812280,37817890,NO,5610
chr2,240866631,240885248,NO,18617
chr3,13888031,13889608,NO,1577
chr17,45911220,45913103,NO,1883
chr12,116719886,116722805,NO,2919
chr15,68590889,68592334,NO,1445
chr9,6750075,6751440,NO,1365
chr7,151077584,151079299,NO,1715
chr1,43533962,43535811,NO,1849
chr9,95443524,95444907,NO,1383
chr19,14133814,14135432,NO,1618
chr15,86185642,86193016,NO,7374
chr2,98485665,98487430,NO,1765
chr12,95597806,95600158,NO,2352
chrX,154375840,154377306,NO,1466
chr11,56917293,56919702,NO,2409
chr6,81232692,81234264,NO,1572
chr1,233140827,233142916,NO,2089
chr15,85947545,85957161,NO,9616
chr11,14102556,14104628,NO,2072
chr9,130492235,130494462,NO,2227
chr6,107084613,107086867,NO,2254
chr15,63367309,63382178,NO,14869
chr1,224565302,224568284,NO,2982
chr1,1956532,1957976,NO,1444
chr17,15686145,15686715,NO,570
chr20,35633146,35643840,NO,10694
chr6,151605710,151614156,NO,8446
chr11,876044,877781,NO,1737
chr1,90328448,90332583,NO,4135
chr2,65609927,65611714,NO,1787
chr11,12244920,12246947,NO,2027
chr15,55686006,55695521,NO,9515
chr10,3976752,3979118,NO,2366
chr2,37686543,37688953,NO,2410
chr6,163878155,163881812,NO,3657
chr9,129865267,129867315,NO,2048
chr5,179603746,179605110,NO,1364
chr16,86964684,86965964,NO,1280
chr3,180587502,180588575,NO,1073
chr20,33985569,33993115,NO,7546
chr5,171301158,171302506,NO,1348
chr3,107675685,107677244,NO,1559
chr11,47879478,47891662,NO,12184
chr8,126097646,126100097,NO,2451
chr17,79565012,79568029,NO,3017
chr11,42004436,42010063,NO,5627
chr19,49946096,49947185,NO,1089
chr10,88159319,88171926,NO,12607
chr8,12808505,12810193,NO,1688
chr17,18635932,18637513,NO,1581
chr5,179263015,179265002,NO,1987
chr2,109252572,109269159,NO,16587
chr4,77659069,77660851,NO,1782
chr3,71770018,71772402,NO,2384
chr12,127544559,127545702,NO,1143
chr18,42087110,42088943,NO,1833
chr14,21484653,21487352,NO,2699
chr9,109048482,109050535,NO,2053
chr10,6571247,6586036,NO,14789
chr21,46265259,46266960,NO,1701
chr6,13554354,13556135,NO,1781
chr17,45316868,45318249,NO,1381
chr12,102877484,102878744,NO,1260
chr5,149423506,149438716,NO,15210
chr20,43123427,43125224,NO,1797
chr19,32815660,32822032,NO,6372
chr16,65903275,65905003,NO,1728
chr7,1545210,1553802,NO,8592
chr14,96869297,96870650,NO,1353
chr17,54388325,54395413,NO,7088
chr8,103119658,103121008,NO,1350
chr15,58214485,58216492,NO,2007
chr10,75926005,75929116,NO,3111
chr20,47569069,47574843,NO,5774
chr20,33753361,33755296,NO,1935
chr19,35088276,35090425,NO,2149
chr11,642355,643086,NO,731
chr8,39728994,39730614,NO,1620
chr7,130575121,130576785,NO,1664
chr4,298293,299369,NO,1076
chr4,186759096,186771759,NO,12663
chr17,78644333,78647547,NO,3214
chr6,24830873,24832232,NO,1359
chr17,71196698,71200274,NO,3576
chr15,91002075,91009160,NO,7085
chr1,203661396,203663182,NO,1786
chr3,52925119,52927259,NO,2140
chr17,15532872,15534447,NO,1575
chr4,100589138,100590922,NO,1784
chr6,158089749,158091645,NO,1896
chr3,185276245,185280145,NO,3900
chr12,6469666,6471947,NO,2281
chr3,120396724,120398050,NO,1326
chr1,43739492,43747189,NO,7697
chr1,203618746,203623074,NO,4328
chr12,92987090,92999430,NO,12340
chr6,11459283,11462037,NO,2754
chr9,77757062,77766069,NO,9007
chr20,33732126,33733768,NO,1642
chr1,153478705,153480914,NO,2209
chr7,100036495,100038306,NO,1811
chr11,78021602,78026493,NO,4891
chr6,134082088,134086224,NO,4136
chr20,30699226,30701361,NO,2135
chr3,128914113,128915400,NO,1287
chr20,51757978,51766891,NO,8913
chr16,67047418,67048879,NO,1461
chr9,116647660,116650147,NO,2487
chr9,107536982,107539006,NO,2024
chr12,47954357,47955734,NO,1377
chr7,2340441,2341758,NO,1317
chr17,13464924,13467282,NO,2358
chr6,12567548,12586208,NO,18660
chr3,53106312,53107950,NO,1638
chr21,36279696,36282763,NO,3067
chr10,26910729,26911906,NO,1177
chr1,68048537,68056844,NO,8307
chr16,87468697,87470361,NO,1664
chr10,94958122,94959699,NO,1577
chr22,30216732,30218499,NO,1767
chrX,117631444,117638191,NO,6747
chr3,13110505,13112365,NO,1860
chr14,56256944,56258630,NO,1686
chr1,61040838,61063525,NO,22687
chr9,94697235,94700198,NO,2963
chr2,23508228,23510983,NO,2755
chr19,940187,941595,NO,1408
chr1,1498315,1500409,NO,2094
chr5,172589929,172593074,NO,3145
chr8,130558641,130561305,NO,2664
chr22,19246799,19248139,NO,1340
chr2,65431795,65433292,NO,1497
chr6,110193956,110198903,NO,4947
chr11,3116345,3117854,NO,1509
chr2,175892163,175893916,NO,1753
chr4,83785504,83788354,NO,2850
chr7,34974454,34976118,NO,1664
chr16,21767373,21769017,NO,1644
chr14,61775122,61776453,NO,1331
chr14,25142130,25144253,NO,2123
chr19,7896813,7898665,NO,1852
chr19,440527,442389,NO,1862
chr22,36310332,36311951,NO,1619
chr1,237343141,237358163,NO,15022
chr13,33607194,33609513,NO,2319
chr8,103540624,103549852,NO,9228
chr8,98937841,98946187,NO,8346
chrX,66999984,67001700,NO,1716
chr1,209819232,209821239,NO,2007
chr3,11555049,11556578,NO,1529
chr2,196221525,196223366,NO,1841
chr2,106260086,106262080,NO,1994
chr10,3762275,3763865,NO,1590
chr5,178957127,178958094,NO,967
chr8,140844751,140846772,NO,2021
chr11,46847540,46849101,NO,1561
chr11,127811338,127811805,NO,467
chr22,37517568,37519578,NO,2010
chr18,57571604,57572730,NO,1126
chr8,95761300,95775267,NO,13967
chr4,4576480,4577759,NO,1279
chr13,21049423,21051017,NO,1594
chr11,101311927,101313704,NO,1777
chr5,150634755,150638181,NO,3426
chr3,176626598,176639064,NO,12466
chr16,4508873,4517138,NO,8265
chr21,44412089,44413823,NO,1734
chr7,65930435,65939647,NO,9212
chr9,27431299,27443231,NO,11932
chr6,134837970,134839545,NO,1575
chrX,109131878,109133878,NO,2000
chr13,97875926,97876954,NO,1028
chr1,2205258,2207098,NO,1840
chr14,89950755,89953782,NO,3027
chr19,4742062,4745064,NO,3002
chr14,74980581,74982023,NO,1442
chr2,71503463,71505324,NO,1861
chr6,139040472,139048523,NO,8051
chr1,224432357,224433933,NO,1576
chr1,114482894,114490595,NO,7701
chr10,25161755,25177545,NO,15790
chr1,5037479,5039803,NO,2324
chr16,22583514,22585157,NO,1643
chr13,33395202,33397211,NO,2009
chr2,238188435,238200946,NO,12511
chr12,116945832,116947185,NO,1353
chr9,128020704,128022092,NO,1388
chr22,48485450,48495086,NO,9636
chr7,70961189,70963203,NO,2014
chr3,14566880,14576973,NO,10093
chr19,55699749,55701322,NO,1573
chr20,4214456,4228013,NO,13557
chr14,69726738,69728843,NO,2105
chr9,35552497,35554513,NO,2016
chr2,235952778,235960977,NO,8199
chr5,10537087,10540626,NO,3539
chr15,99663289,99664957,NO,1668
chr1,89449714,89451467,NO,1753
chr10,90845932,90851999,NO,6067
chr4,83205409,83206827,NO,1418
chr2,106710323,106713309,NO,2986
chr8,109475719,109481543,NO,5824
chr1,177759407,177760841,NO,1434
chr7,71077575,71080636,NO,3061
chr5,169074328,169078402,NO,4074
chr6,36258348,36260009,NO,1661
chr15,62359764,62361223,NO,1459
chr20,62424008,62425082,NO,1074
chr3,127831411,127834023,NO,2612
chr15,85546903,85554918,NO,8015
chr1,33160156,33161709,NO,1553
chr7,64496111,64497616,NO,1505
chr4,102112115,102113942,NO,1827
chr4,40650586,40655992,NO,5406
chr12,1313511,1327393,NO,13882
chr3,194116136,194118044,NO,1908
chr8,65714413,65719994,NO,5581
chr19,41348806,41350525,NO,1719
chr2,7570294,7571999,NO,1705
chr1,12404502,12406288,NO,1786
chr22,20048253,20049970,NO,1717
chr21,28501405,28505215,NO,3810
chr3,125985067,125987266,NO,2199
chr1,62103616,62107709,NO,4093
chr18,53086772,53089814,NO,3042
chr11,68023531,68034794,NO,11263
chr6,166901066,166902575,NO,1509
chr16,67250584,67251901,NO,1317
chr10,32292681,32294251,NO,1570
chr6,141883062,141884188,NO,1126
chr1,209798644,209800750,NO,2106
chr20,62386321,62388539,NO,2218
chr19,52238832,52240470,NO,1638
chr19,49691908,49693793,NO,1885
chr12,92691184,92692852,NO,1668
chr2,87052252,87065319,NO,13067
chr3,11078010,11079934,NO,1924
chr13,101196120,101203096,NO,6976
chr1,53782368,53793951,NO,11583
chr11,72661680,72664217,NO,2537
chr2,56412162,56413575,NO,1413
chr14,21413072,21414671,NO,1599
chr5,88691648,88692887,NO,1239
chr2,23859238,23861005,NO,1767
chr16,21801374,21802851,NO,1477
chr1,41267525,41268914,NO,1389
chr5,106804617,106823332,NO,18715
chr8,49555917,49563420,NO,7503
chr10,49921594,49933131,NO,11537
chr6,36819018,36821321,NO,2303
chr10,95937548,95939424,NO,1876
chr20,54937203,54938927,NO,1724
chr20,47913749,47914952,NO,1203
chr10,72217650,72223085,NO,5435
chr15,62754529,62763280,NO,8751
chr19,41380782,41382526,NO,1744
chr13,98036534,98040559,NO,4025
chr2,2029649,2031109,NO,1460
chr15,29130645,29145871,NO,15226
chr1,221242370,221248603,NO,6233
chr7,129698781,129700258,NO,1477
chr16,86714188,86715806,NO,1618
chr6,34150262,34151447,NO,1185
chr1,36843109,36845035,NO,1926
chr15,86210966,86215602,NO,4636
chr5,135348058,135356025,NO,7967
chr22,24685549,24711975,NO,26426
chr7,127722760,127725897,NO,3137
chr9,97817466,97819136,NO,1670
chr2,10970206,10972179,NO,1973
chr15,63426400,63428644,NO,2244
chr1,10554758,10556342,NO,1584
chr3,21899685,21901438,NO,1753
chr6,74422908,74424577,NO,1669
chr13,34064511,34069399,NO,4888
chr22,23161170,23163341,NO,2171
chr15,33153429,33154678,NO,1249
chr1,192904897,192906814,NO,1917
chr2,114457754,114464350,NO,6596
chr6,42067270,42068833,NO,1563
chr3,29365350,29380957,NO,15607
chr7,1781301,1782928,NO,1627
chr6,16391465,16392905,NO,1440
chr17,20100406,20110669,NO,10263
chr2,62606120,62609410,NO,3290
chr19,50260735,50265628,NO,4893
chr14,77466476,77475450,NO,8974
chr11,126708636,126710802,NO,2166
chr13,23412034,23423618,NO,11584
chr2,201606339,201607993,NO,1654
chr5,178094096,178096378,NO,2282
chr3,159513773,159523308,NO,9535
chr17,17131864,17133469,NO,1605
chr15,41582813,41584386,NO,1573
chr9,6079755,6081012,NO,1257
chr1,19976980,19979377,NO,2397
chr19,47031250,47032049,NO,799
chr1,151282102,151284999,NO,2897
chr16,22617499,22618976,NO,1477
chr19,49177840,49187144,NO,9304
chr6,32086305,32087666,NO,1361
chrX,48475519,48477296,NO,1777
chr8,143834791,143836614,NO,1823
chr7,5517345,5526907,NO,9562
chr16,68450607,68453148,NO,2541
chr2,225384812,225389622,NO,4810
chr12,64334099,64350342,NO,16243
chr16,48221812,48223385,NO,1573
chr3,44622019,44622999,NO,980
chr11,120417207,120419470,NO,2263
chr12,94467590,94469838,NO,2248
chr1,6748417,6749963,NO,1546
chr10,123813067,123823143,NO,10076
chr8,145068310,145070615,NO,2305
chr7,22389973,22394786,NO,4813
chr1,209815629,209817678,NO,2049
chr17,31239061,31240215,NO,1154
chr3,111520634,111522601,NO,1967
chr6,152565909,152568514,NO,2605
chr11,77750600,77757469,NO,6869
chr2,9747741,9748942,NO,1201
chr3,183002885,183004592,NO,1707
chr5,56031527,56033520,NO,1993
chr9,128170160,128173348,NO,3188
chr12,6435478,6437338,NO,1860
chr14,100239883,100242045,NO,2162
chr18,9673054,9685871,NO,12817
chr19,3132763,3134122,NO,1359
chr9,130426191,130428091,NO,1900
chr10,81863478,81865243,NO,1765
chr1,9746892,9748340,NO,1448
chr12,65903976,65905868,NO,1892
chr14,89506721,89507654,NO,933
chrX,49046764,49047709,NO,945
chr21,32623944,32626849,NO,2905
chr9,126626474,126630837,NO,4363
chr15,78258471,78268762,NO,10291
chr17,53528419,53530777,NO,2358
chr1,155840617,155842139,NO,1522
chr15,101232560,101235668,NO,3108
chr10,111693804,111695467,NO,1663
chr20,59372297,59380630,NO,8333
chr8,21867183,21868546,NO,1363
chr7,17346061,17356351,NO,10290
chr13,30008615,30010720,NO,2105
chr5,33238468,33242608,NO,4140
chr1,10570196,10572126,NO,1930
chr7,29527064,29533933,NO,6869
chr17,1458342,1460307,NO,1965
chr17,77924825,77927320,NO,2495
chrX,118751322,118753193,NO,1871
chr6,139291008,139293343,NO,2335
chrX,30615365,30631414,NO,16049
chr1,221609556,221614674,NO,5118
chr5,4041640,4043750,NO,2110
chr22,38458225,38459678,NO,1453
chr3,13823358,13825017,NO,1659
chr3,136427434,136433628,NO,6194
chr5,159631139,159632874,NO,1735
chr6,53511796,53517243,NO,5447
chr16,20598415,20600307,NO,1892
chr12,89474617,89476555,NO,1938
chr11,8376109,8379356,NO,3247
chr3,101898100,101901250,NO,3150
chr17,7455643,7457258,NO,1615
chr14,89910879,89925560,NO,14681
chr13,40656020,40657707,NO,1687
chr13,36431432,36434023,NO,2591
chr1,200121850,200124092,NO,2242
chr17,18600762,18602027,NO,1265
chr8,121858072,121874517,NO,16445
chrX,18974315,18980417,NO,6102
chr1,60196176,60209777,NO,13601
chr2,102907375,102910049,NO,2674
chr3,114009696,114010956,NO,1260
chr1,94101094,94102595,NO,1501
chr12,42862645,42869492,NO,6847
chr3,142565802,142570568,NO,4766
chr7,34075122,34076769,NO,1647
chr10,6128022,6129254,NO,1232
chr15,51590765,51592268,NO,1503
chr2,12309149,12318235,NO,9086
chr9,129594215,129595705,NO,1490
chr22,39918387,39919807,NO,1420
chr11,1909169,1911338,NO,2169
chr9,6037748,6038198,NO,450
chr19,10252730,10254768,NO,2038
chr8,19614045,19615621,NO,1576
chr1,182602434,182603851,NO,1417
chr20,44688667,44690573,NO,1906
chr4,186033091,186034719,NO,1628
chr10,102130220,102131643,NO,1423
chr2,238090666,238091938,NO,1272
chr12,65141481,65147301,NO,5820
chr7,32868604,32870268,NO,1664
chr4,139874459,139876041,NO,1582
chr16,30704810,30707164,NO,2354
chr17,18720423,18722500,NO,2077
chr11,11588284,11592262,NO,3978
chr7,2288340,2289892,NO,1552
chr10,12116575,12121116,NO,4541
chr19,3176061,3177791,NO,1730
chr9,98980574,98982171,NO,1597
chr17,29378148,29379966,NO,1818
chr20,49955722,49962966,NO,7244
chr6,136914869,136916150,NO,1281
chr8,90788762,90794937,NO,6175
chr8,141489179,141490916,NO,1737
chr3,122795382,122804160,NO,8778
chr16,87870170,87871580,NO,1410
chr8,127845504,127846958,NO,1454
chr1,149513448,149514759,NO,1311
chr5,138271599,138273518,NO,1919
chr18,22410885,22412119,NO,1234
chr16,16189092,16191183,NO,2091
chr5,49740509,49742267,NO,1758
chr11,69785318,69786843,NO,1525
chr6,56555107,56558502,NO,3395
chr1,61720090,61721079,NO,989
chr5,56612218,56614252,NO,2034
chrX,49040427,49041689,NO,1262
chr19,3950624,3953814,NO,3190
chr7,43802534,43804801,NO,2267
chr4,75480254,75481330,NO,1076
chr6,167564642,167567535,NO,2893
chr2,27407628,27409206,NO,1578
chr3,197574506,197575636,NO,1130
chr11,72497920,72499568,NO,1648
chr8,108497211,108498732,NO,1521
chr12,95008828,95016241,NO,7413
chr20,62439171,62440310,NO,1139
chr9,128908222,128914260,NO,6038
chr7,68352679,68354574,NO,1895
chr2,101729821,101741774,NO,11953
chr10,80578326,80580338,NO,2012
chr4,118496996,118497454,NO,458
chr9,33835603,33843885,NO,8282
chr1,206602627,206604479,NO,1852
chr10,77730662,77732967,NO,2305
chr10,44318042,44321668,NO,3626
chr16,67012503,67013958,NO,1455
chr3,128416899,128418033,NO,1134
chr1,218625229,218637249,NO,12020
chr8,6603295,6606704,NO,3409
chr2,23641400,23643483,NO,2083
chr7,94286192,94287894,NO,1702
chr18,56578154,56581299,NO,3145
chrX,153739428,153740565,NO,1137
chr14,34385392,34387462,NO,2070
chr5,10724652,10725974,NO,1322
chr10,111625903,111627856,NO,1953
chr5,68338665,68339535,NO,870
chr2,201577734,201578716,NO,982
chr14,56317152,56318859,NO,1707
chr2,241540114,241541671,NO,1557
chr16,53490010,53492114,NO,2104
chr5,54864558,54872803,NO,8245
chr20,23635909,23637453,NO,1544
chr7,101525312,101526778,NO,1466
chr1,25318629,25324204,NO,5575
chr11,122713547,122727840,NO,14293
chr1,169573621,169574969,NO,1348
chr4,124752581,124754456,NO,1875
chr5,178901986,178916768,NO,14782
chr5,43105315,43106395,NO,1080
chr7,86845625,86847035,NO,1410
chr20,6712403,6717391,NO,4988
chr12,64988411,64990560,NO,2149
chr12,123517574,123519603,NO,2029
chr17,68049042,68060909,NO,11867
chr12,2203487,2205666,NO,2179
chr1,23118337,23121978,NO,3641
chr19,20958813,20959814,NO,1001
chr1,232571536,232574335,NO,2799
chr21,39747818,39749907,NO,2089
chr8,144072982,144074404,NO,1422
chr7,102769980,102776774,NO,6794
chr12,32292027,32293290,NO,1263
chr6,27094366,27095537,NO,1171
chr20,50266990,50269316,NO,2326
chr3,195170910,195179602,NO,8692
chr6,34337807,34342762,NO,4955
chrX,373847,375104,NO,1257
chr1,183286338,183289024,NO,2686
chr12,127630105,127631474,NO,1369
chr1,200557454,200559408,NO,1954
chr1,16992452,16994028,NO,1576
chr19,40048159,40049864,NO,1705
chr12,828172,847089,NO,18917
chr17,3905758,3913128,NO,7370
chr2,96764739,96775571,NO,10832
chr3,123241520,123242920,NO,1400
chr20,1603079,1604873,NO,1794
chr7,115870095,115871382,NO,1287
chr2,36704432,36713878,NO,9446
chr5,82602250,82609719,NO,7469
chr15,64445842,64451591,NO,5749
chr12,111043111,111044575,NO,1464
chr21,45103947,45105539,NO,1592
chr13,79967093,79968812,NO,1719
chr1,51954089,51957889,NO,3800
chr5,73044250,73046197,NO,1947
chr10,12093024,12096779,NO,3755
chr2,27281623,27282780,NO,1157
chr5,148792256,148793551,NO,1295
chr2,12185060,12198720,NO,13660
chr15,98610733,98620834,NO,10101
chr8,29230138,29231458,NO,1320
chr2,188268004,188270043,NO,2039
chrX,114848464,114850458,NO,1994
chr11,19698041,19702402,NO,4361
chr18,3709731,3711394,NO,1663
chr5,74952215,74965666,NO,13451
chr12,55328609,55330092,NO,1483
chr15,21967258,21968379,NO,1121
chr11,28695095,28696758,NO,1663
chr16,74729623,74732845,NO,3222
chr18,7626171,7628008,NO,1837
chr10,50517340,50518877,NO,1537
chr1,224390926,224393843,NO,2917
chr10,115758512,115760280,NO,1768
chr1,174907690,174912821,NO,5131
chr5,166405215,166409904,NO,4689
chr7,98627668,98638804,NO,11136
chr4,149276220,149277214,NO,994
chr7,30264268,30279262,NO,14994
chr1,203102525,203103872,NO,1347
chr2,14774564,14776062,NO,1498
chr6,40686762,40688426,NO,1664
chr6,5174017,5176419,NO,2402
chr20,30872682,30874204,NO,1522
chr1,235740067,235741708,NO,1641
chr19,48901388,48903976,NO,2588
chr3,4591694,4594706,NO,3012
chr6,33825201,33829107,NO,3906
chr2,129105206,129106678,NO,1472
chr15,29229429,29247513,NO,18084
chr7,37515926,37521201,NO,5275
chr2,158694078,158695575,NO,1497
chr16,72927896,72929481,NO,1585
chr9,44401679,44402352,NO,673
chr9,46843578,46844251,NO,673
chr18,77336943,77350049,NO,13106
chr18,47194993,47218404,NO,23411
chr9,692649,695086,NO,2437
chr13,41077821,41083161,NO,5340
chr1,245127158,245128456,NO,1298
chr3,150089161,150103589,NO,14428
chr1,228651582,228652946,NO,1364
chr1,17066425,17067898,NO,1473
chr3,177796505,177803725,NO,7220
chr7,130756529,130758055,NO,1526
chr1,247523478,247525270,NO,1792
chr6,157855279,157860167,NO,4888
chr12,56067236,56070184,NO,2948
chr15,91406011,91407478,NO,1467
chr1,151445283,151446501,NO,1218
chr15,78639257,78641302,NO,2045
chr5,142984154,142985971,NO,1817
chr7,30386753,30388486,NO,1733
chr1,155183713,155185765,NO,2052
chr2,26678016,26679531,NO,1515
chr19,18535943,18537699,NO,1756
chr17,40775676,40777017,NO,1341
chr9,97824224,97826538,NO,2314
chr6,25121741,25123536,NO,1795
chr5,138838363,138839770,NO,1407
chr10,6969528,6970602,NO,1074
chr15,90905180,90920500,NO,15320
chr3,152313318,152314944,NO,1626
chr5,95095344,95098338,NO,2994
chr3,46391373,46403915,NO,12542
chr1,66910707,66912148,NO,1441
chr15,70306507,70309192,NO,2685
chr18,5514864,5516568,NO,1704
chr12,94637959,94640076,NO,2117
chr10,43446754,43448153,NO,1399
chr3,187412124,187414515,NO,2391
chr8,41649090,41650683,NO,1593
chr8,53206286,53208778,NO,2492
chr19,47745930,47747766,NO,1836
chr4,177556326,177557908,NO,1582
chr9,100836691,100850413,NO,13722
chr2,30506645,30523755,NO,17110
chr1,36480821,36501353,NO,20532
chr2,88958334,88959687,NO,1353
chr10,114908451,114912115,NO,3664
chrX,39168043,39170766,NO,2723
chr10,20929811,20931606,NO,1795
chrX,11359479,11370137,NO,10658
chr7,157282924,157296649,NO,13725
chr16,55533630,55537518,NO,3888
chr11,64422114,64429068,NO,6954
chr1,231913408,231918116,NO,4708
chr14,90167409,90168905,NO,1496
chr7,131307539,131319097,NO,11558
chr4,187647219,187648362,NO,1143
chr1,2168077,2170126,NO,2049
chr5,142004465,142010930,NO,6465
chr13,52209418,52220183,NO,10765
chr19,55552501,55554151,NO,1650
chr11,61655246,61656504,NO,1258
chr7,132337797,132340866,NO,3069
chr5,135393400,135407188,NO,13788
chr13,44542352,44545955,NO,3603
chr6,151462077,151464991,NO,2914
chr1,227967752,227976911,NO,9159
chr22,49764476,49765855,NO,1379
chr10,76345152,76353295,NO,8143
chr12,40552239,40553283,NO,1044
chr4,140969943,140971094,NO,1151
chr3,148852985,148864890,NO,11905
chr2,70297453,70298713,NO,1260
chr1,59527214,59550692,NO,23478
chr1,172902696,172904058,NO,1362
chr14,55765055,55765799,NO,744
chr9,12922954,12924540,NO,1586
chr10,98046760,98048308,NO,1548
chr22,20378059,20379210,NO,1151
chr11,119048380,119064193,NO,15813
chr14,71246460,71248309,NO,1849
chr4,105415631,105416918,NO,1287
chr9,80612039,80638737,NO,26698
chr5,148552500,148556039,NO,3539
chr3,13086395,13088814,NO,2419
chr11,1518292,1534762,NO,16470
chr3,159449794,159451010,NO,1216
chr3,145939976,145952402,NO,12426
chr16,27357547,27359481,NO,1934
chrX,15799645,15801294,NO,1649
chr11,69285527,69286867,NO,1340
chr6,36214364,36216356,NO,1992
chr10,22993429,22999715,NO,6286
chr2,13023909,13037946,NO,14037
chr12,48672612,48677106,NO,4494
chr19,55787260,55789065,NO,1805
chr3,185034288,185035270,NO,982
chr9,98823221,98825093,NO,1872
chr1,160806255,160808278,NO,2023
chr22,39920095,39922485,NO,2390
chr2,31462049,31479160,NO,17111
chr12,9316091,9323325,NO,7234
chr3,154718789,154719740,NO,951
chr1,92102943,92117706,NO,14763
chr17,32366786,32367736,NO,950
chr14,104781795,104783537,NO,1742
chr11,3940596,3942132,NO,1536
chrX,41564195,41565920,NO,1725
chr20,38951647,38969287,NO,17640
chr5,122561644,122562359,NO,715
chr10,111658066,111663856,NO,5790
chr5,32504776,32508342,NO,3566
chr13,102275852,102277477,NO,1625
chr22,34249105,34250607,NO,1502
chr8,21268100,21269729,NO,1629
chr13,33727164,33739439,NO,12275
chr1,44532978,44535004,NO,2026
chr6,109217344,109224431,NO,7087
chr22,39462609,39464520,NO,1911
chr14,91608177,91611674,NO,3497
chr18,22239626,22240840,NO,1214
chr3,23652928,23654467,NO,1539
chr1,84900138,84903435,NO,3297
chr4,140868361,140878701,NO,10340
chr6,16541221,16545443,NO,4222
chr2,129315962,129321044,NO,5082
chr2,232226089,232227992,NO,1903
chr22,44919691,44921103,NO,1412
chr2,135427047,135441539,NO,14492
chr20,24007480,24008724,NO,1244
chr10,104212207,104213830,NO,1623
chrX,53315447,53317862,NO,2415
chr19,30850818,30852272,NO,1454
chr19,47267665,47269072,NO,1407
chr7,75194072,75199678,NO,5606
chr1,79088105,79089793,NO,1688
chr17,79201393,79203130,NO,1737
chr2,113997269,113999317,NO,2048
chr11,15850089,15873694,NO,23605
chr5,14667994,14676993,NO,8999
chr7,139909483,139910927,NO,1444
chrX,153168221,153170060,NO,1839
chr9,33375001,33376781,NO,1780
chr10,65930227,65930946,NO,719
chr8,8242572,8244602,NO,2030
chr4,100742155,100744181,NO,2026
chr3,36917463,36918743,NO,1280
chr19,18271045,18272861,NO,1816
chr3,69548942,69556004,NO,7062
chr2,201202933,201217900,NO,14967
chr2,70362014,70363496,NO,1482
chr10,71584530,71590077,NO,5547
chr2,203464157,203475131,NO,10974
chr1,110777389,110778950,NO,1561
chr5,178864319,178865971,NO,1652
chr11,118528594,118530500,NO,1906
chrX,47372462,47373302,NO,840
chr17,72753067,72755729,NO,2662
chr14,64908921,64912556,NO,3635
chr7,37323067,37326134,NO,3067
chr6,17701971,17703996,NO,2025
chr8,68304696,68305979,NO,1283
chr2,1089233,1098804,NO,9571
chr2,70295977,70297424,NO,1447
chr17,15312582,15313992,NO,1410
chr4,63682226,63682772,NO,546
chrX,39277752,39279465,NO,1713
chr11,72245574,72246857,NO,1283
chr1,36713639,36715592,NO,1953
chr7,101947923,101950676,NO,2753
chr8,16219078,16220483,NO,1405
chr12,112194716,112196446,NO,1730
chr11,2286393,2287713,NO,1320
chr2,217356434,217358299,NO,1865
chr17,60896572,60899833,NO,3261
chr11,94307337,94318218,NO,10881
chr7,142976133,142978152,NO,2019
chr10,4298221,4303390,NO,5169
chr15,72650712,72661826,NO,11114
chr18,22534065,22535482,NO,1417
chr17,45177081,45178192,NO,1111
chr4,15690816,15702736,NO,11920
chr16,29676788,29685807,NO,9019
chr15,44041458,44042821,NO,1363
chr19,8388585,8390217,NO,1632
chr12,132018510,132022503,NO,3993
chr4,106116790,106118925,NO,2135
chr7,44097447,44099750,NO,2303
chr14,63761720,63762869,NO,1149
chr3,185200514,185215328,NO,14814
chr3,129608641,129610223,NO,1582
chr14,58747681,58748673,NO,992
chr19,46911742,46920595,NO,8853
chr6,46184450,46186427,NO,1977
chr9,115487892,115490436,NO,2544
chr4,160099586,160101576,NO,1990
chr11,64098749,64100153,NO,1404
chr5,9533839,9543921,NO,10082
chr11,60155923,60157903,NO,1980
chr3,55941616,55943000,NO,1384
chr14,86400366,86401521,NO,1155
chr19,28991197,28992999,NO,1802
chr11,112394185,112396564,NO,2379
chr1,218542602,218548421,NO,5819
chrX,134137778,134144285,NO,6507
chr1,64125091,64129056,NO,3965
chr1,43760315,43761914,NO,1599
chr15,77747775,77751189,NO,3414
chrX,30656504,30661964,NO,5460
chr1,1541994,1542886,NO,892
chr4,142269292,142275030,NO,5738
chr17,37832118,37836658,NO,4540
chr15,52553198,52555138,NO,1940
chr17,1265481,1269363,NO,3882
chr15,85454937,85456615,NO,1678
chrX,153308884,153312277,NO,3393
chr12,21863396,21871042,NO,7646
chr2,8006590,8008334,NO,1744
chr14,99540979,99542721,NO,1742
chr10,94939789,94941689,NO,1900
chr7,34876751,34878245,NO,1494
chr3,71853868,71855512,NO,1644
chr5,138513306,138515302,NO,1996
chr7,2321099,2322599,NO,1500
chr6,131288184,131314874,NO,26690
chr2,172197822,172204042,NO,6220
chr17,35651345,35652678,NO,1333
chr16,55865072,55870344,NO,5272
chr6,129811233,129812996,NO,1763
chr1,209814409,209815512,NO,1103
chrX,70917579,70919239,NO,1660
chrX,71002034,71003694,NO,1660
chr3,168833326,168840708,NO,7382
chr2,21292827,21294513,NO,1686
chr1,27962849,27964125,NO,1276
chr4,19731457,19732593,NO,1136
chr15,64149347,64153051,NO,3704
chr19,7933521,7937096,NO,3575
chr3,8398132,8399888,NO,1756
chr13,46524497,46525568,NO,1071
chr2,239171124,239173435,NO,2311
chr4,56229529,56232144,NO,2615
chr17,41831945,41833422,NO,1477
chr11,126455301,126456683,NO,1382
chr16,50127041,50128479,NO,1438
chr17,42083573,42085349,NO,1776
chr6,1047757,1049329,NO,1572
chr4,76900774,76902513,NO,1739
chrX,153081120,153094859,NO,13739
chr17,840508,841806,NO,1298
chr8,10981135,10983073,NO,1938
chr6,55937210,55952993,NO,15783
chr1,117532864,117534869,NO,2005
chr12,116871160,116873023,NO,1863
chr19,18512234,18513555,NO,1321
chr19,11646334,11647559,NO,1225
chr2,98333685,98336218,NO,2533
chr3,87101612,87102296,NO,684
chr2,241258910,241260622,NO,1712
chr4,148283060,148284299,NO,1239
chr10,32266125,32278521,NO,12396
chr17,55433420,55435673,NO,2253
chr17,56309319,56310761,NO,1442
chr11,73334083,73335696,NO,1613
chr11,110219176,110221002,NO,1826
chr10,79595013,79596785,NO,1772
chr11,64738790,64740145,NO,1355
chr11,18742574,18743940,NO,1366
chr15,22550552,22554529,NO,3977
chr13,95927520,95933325,NO,5805
chr7,65335679,65337165,NO,1486
chr17,38108583,38110362,NO,1779
chr8,23210535,23212576,NO,2041
chr1,19889518,19891106,NO,1588
chr9,128651283,128652640,NO,1357
chr5,96215594,96221946,NO,6352
chr3,186847811,186849281,NO,1470
chr2,207899918,207906800,NO,6882
chr10,95172220,95173618,NO,1398
chr8,88055690,88057705,NO,2015
chr15,41309436,41324251,NO,14815
chr2,100252088,100253758,NO,1670
chr15,80703821,80706496,NO,2675
chr11,126727429,126728876,NO,1447
chr10,96015466,96017097,NO,1631
chr19,22397935,22398887,NO,952
chr5,179185885,179189824,NO,3939
chr2,112326950,112328574,NO,1624
chr17,1131182,1133316,NO,2134
chr8,65734892,65737329,NO,2437
chr4,82527260,82528739,NO,1479
chr1,44447945,44449964,NO,2019
chr18,7524398,7525851,NO,1453
chr3,149132095,149143337,NO,11242
chr8,127509283,127514357,NO,5074
chr4,119946586,119948739,NO,2153
chr4,185017655,185019207,NO,1552
chr10,14104556,14116870,NO,12314
chr3,14766559,14768684,NO,2125
chr17,19240437,19250137,NO,9700
chr3,44453247,44454684,NO,1437
chr3,88080700,88081858,NO,1158
chr11,121352579,121354190,NO,1611
chr11,17007492,17009396,NO,1904
chr8,5504282,5505964,NO,1682
chr8,102387737,102389277,NO,1540
chr2,110551719,110552510,NO,791
chr19,1081734,1083808,NO,2074
chr1,20137743,20140488,NO,2745
chr10,99408020,99411157,NO,3137
chr22,50117123,50118845,NO,1722
chr6,155815556,155817013,NO,1457
chr22,20078086,20080268,NO,2182
chr1,90073451,90076604,NO,3153
chr17,2388808,2391157,NO,2349
chr6,134175290,134176798,NO,1508
chr16,84759786,84763982,NO,4196
chr2,46345594,46347283,NO,1689
chr16,507679,509022,NO,1343
chr3,185000147,185001407,NO,1260
chr10,15237999,15251158,NO,13159
chr3,193462366,193463741,NO,1375
chr3,112685526,112687761,NO,2235
chr4,86476468,86478507,NO,2039
chr5,32020199,32028434,NO,8235
chr12,68630088,68635439,NO,5351
chr8,125273477,125275568,NO,2091
chr12,124658790,124660320,NO,1530
chr4,140735464,140737893,NO,2429
chr7,51356686,51363802,NO,7116
chr12,14537801,14544520,NO,6719
chr11,67353236,67356121,NO,2885
chr11,34469557,34472974,NO,3417
chr8,81976897,81985786,NO,8889
chr7,37751602,37755278,NO,3676
chr11,65296122,65297890,NO,1768
chr20,36824566,36826056,NO,1490
chr10,87609100,87611181,NO,2081
chr15,50643199,50645193,NO,1994
chr14,23420477,23422001,NO,1524
chr2,217081621,217082947,NO,1326
chr10,87287018,87288671,NO,1653
chr9,113696008,113699848,NO,3840
chr5,153007428,153009521,NO,2093
chr19,7288804,7291825,NO,3021
chr4,185589164,185590620,NO,1456
chr3,148542660,148558549,NO,15889
chr2,87517688,87519314,NO,1626
chr16,84539,89670,NO,5131
chr5,138944650,138946527,NO,1877
chr2,137082381,137085463,NO,3082
chr11,87064240,87065898,NO,1658
chr9,101946212,101953294,NO,7082
chr19,10518858,10520309,NO,1451
chr5,11774724,11778516,NO,3792
chr14,81769326,81781246,NO,11920
chr12,2799930,2801800,NO,1870
chr4,656964,658342,NO,1378
chr2,181988495,181990680,NO,2185
chr14,24800823,24802532,NO,1709
chr7,1208821,1210098,NO,1277
chr1,56183377,56185553,NO,2176
chr5,180049888,180051343,NO,1455
chr7,144538909,144540111,NO,1202
chr10,33538097,33540066,NO,1969
chr14,39349273,39350743,NO,1470
chr6,148718650,148720150,NO,1500
chr17,43187707,43189161,NO,1454
chr15,64363283,64366264,NO,2981
chr4,152579864,152581824,NO,1960
chr4,119888284,119890453,NO,2169
chr1,40886885,40889577,NO,2692
chr22,28838044,28839749,NO,1705
chr7,81475141,81476310,NO,1169
chr16,23575662,23577598,NO,1936
chr6,136883403,136888871,NO,5468
chr8,96240593,96244134,NO,3541
chr5,173116156,173117619,NO,1463
chr7,284251,285746,NO,1495
chr16,85886758,85888619,NO,1861
chr16,27571560,27573221,NO,1661
chr17,1572560,1574750,NO,2190
chr19,18266885,18268959,NO,2074
chr12,60232485,60244343,NO,11858
chr6,11277187,11278845,NO,1658
chr15,83587135,83589430,NO,2295
chr6,116951427,116953733,NO,2306
chr5,92694619,92696004,NO,1385
chrX,47608959,47613685,NO,4726
chr19,35157762,35159050,NO,1288
chr16,31149536,31151012,NO,1476
chr5,130544764,130546120,NO,1356
chr7,27940727,27941782,NO,1055
chr4,15452357,15454260,NO,1903
chr17,27942165,27945292,NO,3127
chr8,131525743,131527220,NO,1477
chr4,114557189,114561504,NO,4315
chr22,23377239,23379861,NO,2622
chr14,71631543,71633270,NO,1727
chrX,33743669,33745655,NO,1986
chr17,59365604,59369473,NO,3869
chr15,79110557,79123600,NO,13043
chr4,1219211,1220759,NO,1548
chr12,57076907,57080075,NO,3168
chr14,63904260,63905568,NO,1308
chr11,65129432,65130944,NO,1512
chr3,15085395,15087440,NO,2045
chr14,35625136,35630992,NO,5856
chr1,27843733,27845321,NO,1588
chr22,36391109,36393153,NO,2044
chr5,177893938,177905078,NO,11140
chr20,51648651,51658667,NO,10016
chr3,111385864,111387016,NO,1152
chrX,41241961,41244019,NO,2058
chr1,154549684,154551894,NO,2210
chr17,17508544,17510427,NO,1883
chr12,47669865,47671597,NO,1732
chr15,99319810,99356646,NO,36836
chr8,97668792,97670341,NO,1549
chr2,221968559,221979902,NO,11343
chr1,236653553,236667206,NO,13653
chr2,208366720,208370312,NO,3592
chr4,1988476,1990258,NO,1782
chr8,144631076,144632729,NO,1653
chr9,124011888,124016591,NO,4703
chr2,12332403,12333789,NO,1386
chr1,11933729,11948240,NO,14511
chr2,147782517,147784761,NO,2244
chr11,133990320,133995338,NO,5018
chr15,68803267,68805038,NO,1771
chr11,112029696,112031256,NO,1560
chr3,124519027,124527525,NO,8498
chr8,102120512,102122433,NO,1921
chr16,86644167,86645404,NO,1237
chr19,11404000,11405260,NO,1260
chr17,72272108,72279456,NO,7348
chr20,19284763,19289468,NO,4705
chr1,26585601,26586840,NO,1239
chr3,15143076,15145021,NO,1945
chrX,55353419,55355173,NO,1754
chr10,28759664,28782194,NO,22530
chr3,140794790,140796508,NO,1718
chr7,23245311,23246456,NO,1145
chr15,99557825,99562234,NO,4409
chr3,15647585,15650132,NO,2547
chr14,94523883,94525880,NO,1997
chr1,44299780,44301459,NO,1679
chr2,145458874,145460167,NO,1293
chrX,20392486,20393549,NO,1063
chr21,38221642,38233810,NO,12168
chr8,19057832,19083358,NO,25526
chr11,12217335,12222886,NO,5551
chr4,169733322,169738297,NO,4975
chr9,94647033,94648886,NO,1853
chr2,114081813,114083462,NO,1649
chr15,63070998,63073895,NO,2897
chr10,77531965,77535138,NO,3173
chr4,187124219,187125976,NO,1757
chr9,125578141,125584433,NO,6292
chr15,99143225,99144244,NO,1019
chr12,19698752,19700726,NO,1974
chr20,30921451,30922949,NO,1498
chr1,231274571,231276276,NO,1705
chr19,42984569,42986159,NO,1590
chr22,47249515,47250944,NO,1429
chr3,159646916,159648261,NO,1345
chr5,153738064,153748446,NO,10382
chr5,54733704,54736340,NO,2636
chr8,126226237,126239736,NO,13499
chr7,25709618,25711045,NO,1427
chr22,29726380,29733995,NO,7615
chr1,94444445,94446501,NO,2056
chr9,37994174,37995781,NO,1607
chr2,23747004,23756280,NO,9276
chr13,40845087,40846555,NO,1468
chr14,100608051,100609661,NO,1610
chr11,62270031,62276743,NO,6712
chr10,35345154,35347800,NO,2646
chr10,103945183,103949118,NO,3935
chr5,71899403,71901063,NO,1660
chr17,41038071,41045938,NO,7867
chr12,93381219,93382122,NO,903
chr14,97924554,97925998,NO,1444
chr22,31980921,31983004,NO,2083
chr8,144869860,144871470,NO,1610
chr17,72740375,72741653,NO,1278
chr21,36594520,36600665,NO,6145
chr1,36808345,36809923,NO,1578
chr3,12620803,12622094,NO,1291
chr17,1493092,1494446,NO,1354
chr8,133845047,133847005,NO,1958
chr2,9458430,9459779,NO,1349
chr22,41683997,41685032,NO,1035
chr1,154129962,154131807,NO,1845
chr7,27737365,27738691,NO,1326
chr16,83972590,83973597,NO,1007
chr12,6487412,6488935,NO,1523
chr22,23526851,23541064,NO,14213
chr10,81741532,81742400,NO,868
chr3,24083600,24089992,NO,6392
chr3,192424125,192425491,NO,1366
chr4,78114474,78115575,NO,1101
chr15,78395553,78397140,NO,1587
chr2,149297473,149311380,NO,13907
chr10,29875947,29878726,NO,2779
chr5,180408481,180409736,NO,1255
chr1,101049734,101051255,NO,1521
chr17,1520824,1522123,NO,1299
chr1,158255441,158257441,NO,2000
chr1,214249473,214250840,NO,1367
chr19,16347046,16349969,NO,2923
chr22,41722277,41723944,NO,1667
chr10,14823724,14825707,NO,1983
chrX,47415452,47416399,NO,947
chr1,41919221,41920925,NO,1704
chr3,150445297,150457961,NO,12664
chr17,68201572,68203125,NO,1553
chr17,64535894,64544947,NO,9053
chr16,29863595,29864569,NO,974
chr8,37991726,37992828,NO,1102
chr8,17651657,17655634,NO,3977
chr1,36004444,36006336,NO,1892
chr7,95864548,95866756,NO,2208
chr12,11697993,11699440,NO,1447
chr2,68377949,68380606,NO,2657
chr11,11233868,11236322,NO,2454
chr7,151145171,151145983,NO,812
chr18,56474105,56481584,NO,7479
chr11,14211508,14213181,NO,1673
chr12,8718715,8719890,NO,1175
chr16,15701173,15702463,NO,1290
chr10,80095083,80097151,NO,2068
chr8,126587811,126589191,NO,1380
chr14,21557549,21559214,NO,1665
chr16,66933114,66935871,NO,2757
chr12,27613429,27627898,NO,14469
chr11,74493903,74495797,NO,1894
chr7,110777693,110778691,NO,998
chr11,104575228,104577098,NO,1870
chr14,32046506,32048622,NO,2116
chr9,90168574,90170400,NO,1826
chr1,29101242,29107182,NO,5940
chr15,99476729,99500504,NO,23775
chr2,74803373,74805111,NO,1738
chr10,11615480,11624073,NO,8593
chr11,69009669,69010736,NO,1067
chr6,138167396,138168901,NO,1505
chr6,38643782,38646088,NO,2306
chr1,224883004,224897046,NO,14042
chr6,12047381,12061611,NO,14230
chr10,4283599,4285365,NO,1766
chr10,34008014,34008962,NO,948
chr2,73943371,73945239,NO,1868
chr17,17370963,17372668,NO,1705
chr12,48690141,48696726,NO,6585
chr8,128047138,128048851,NO,1713
chrX,101914324,101915580,NO,1256
chr8,28479383,28480785,NO,1402
chr7,112031013,112032591,NO,1578
chr1,120195882,120198270,NO,2388
chr18,54111098,54136227,NO,25129
chr18,21154012,21155437,NO,1425
chr1,155204340,155206433,NO,2093
chr6,5695275,5700076,NO,4801
chr1,180586240,180587799,NO,1559
chr17,4004126,4005533,NO,1407
chrX,13069104,13070966,NO,1862
chr3,177541793,177555645,NO,13852
chr16,1689993,1691680,NO,1687
chr10,29947539,29948866,NO,1327
chrX,124336766,124339640,NO,2874
chr7,37167589,37169760,NO,2171
chr11,86627285,86628256,NO,971
chr2,190522517,190524149,NO,1632
chr13,71864776,71865974,NO,1198
chr7,17409078,17411253,NO,2175
chr9,35945097,35950106,NO,5009
chr7,131750924,131766651,NO,15727
chr7,138249162,138251101,NO,1939
chr2,160081367,160083035,NO,1668
chr19,50018107,50019644,NO,1537
chr6,127513471,127526440,NO,12969
chr11,67079587,67080826,NO,1239
chr20,37001571,37003085,NO,1514
chr7,2212637,2215261,NO,2624
chr4,55284450,55287401,NO,2951
chr9,118706046,118707738,NO,1692
chr13,31377018,31380476,NO,3458
chr5,112549578,112554481,NO,4903
chr1,47763011,47765071,NO,2060
chr1,86804727,86805998,NO,1271
chr14,93616354,93618064,NO,1710
chr13,99714611,99715913,NO,1302
chr11,1133040,1134358,NO,1318
chr1,165879579,165881335,NO,1756
chr12,123163218,123166901,NO,3683
chrX,89712932,89714567,NO,1635
chr12,122219334,122220954,NO,1620
chr18,19683035,19696944,NO,13909
chr1,144936367,144941930,NO,5563
chr10,64002300,64003694,NO,1394
chr1,201139767,201140875,NO,1108
chr11,71801705,71803362,NO,1657
chr1,168481977,168490415,NO,8438
chr3,169742403,169743900,NO,1497
chr12,29256242,29257295,NO,1053
chr1,84814089,84832769,NO,18680
chr1,19546190,19547989,NO,1799
chr5,179516932,179517871,NO,939
chr6,6654624,6656496,NO,1872
chrX,118909522,118917946,NO,8424
chr5,81642497,81653569,NO,11072
chr11,115577923,115580739,NO,2816
chr6,136357797,136372915,NO,15118
chr2,42595679,42603790,NO,8111
chr2,88315342,88316990,NO,1648
chr18,14970989,14972772,NO,1783
chr12,62911176,62913281,NO,2105
chr1,9952770,9961230,NO,8460
chr19,49263489,49264667,NO,1178
chr1,20537103,20538590,NO,1487
chr9,90130388,90132263,NO,1875
chrX,2546494,2554168,NO,7674
chr10,99034418,99039612,NO,5194
chr11,2547806,2548966,NO,1160
chr18,45846190,45847907,NO,1717
chr10,44090408,44092361,NO,1953
chr17,45982319,45983811,NO,1492
chr5,150956733,150958237,NO,1504
chr7,7360884,7362558,NO,1674
chr15,38943267,38946081,NO,2814
chr4,169555120,169576793,NO,21673
chr19,56667434,56668923,NO,1489
chr22,19531239,19532381,NO,1142
chr1,161972647,161974234,NO,1587
chr19,11514997,11516375,NO,1378
chr7,31850947,31852264,NO,1317
chr12,68932354,68933555,NO,1201
chr13,52188220,52195227,NO,7007
chr12,13288129,13299995,NO,11866
chr15,59513328,59516683,NO,3355
chr7,158329026,158330603,NO,1577
chr3,142858029,142859806,NO,1777
chr18,22622029,22623577,NO,1548
chr1,26486913,26488458,NO,1545
chr7,18429485,18430766,NO,1281
chr21,28778305,28780028,NO,1723
chr16,27475107,27482873,NO,7766
chr6,34925206,34927316,NO,2110
chr19,3989496,3990641,NO,1145
chr7,73240699,73243110,NO,2411
chr16,85685762,85687461,NO,1699
chr5,176085538,176086889,NO,1351
chr10,72189878,72192964,NO,3086
chr8,48774802,48782923,NO,8121
chr10,47395722,47396694,NO,972
chr20,16554952,16556428,NO,1476
chr2,122755442,122757750,NO,2308
chr10,72335269,72339859,NO,4590
chr4,55649630,55651260,NO,1630
chr4,159693393,159697673,NO,4280
chr10,27752508,27754477,NO,1969
chr4,146830276,146842095,NO,11819
chr8,22033869,22035110,NO,1241
chr13,24660653,24687197,NO,26544
chr9,21398581,21403449,NO,4868
chr3,107705769,107708252,NO,2483
chr8,49231239,49232301,NO,1062
chr9,97869101,97871131,NO,2030
chr5,67488131,67489930,NO,1799
chr13,33577843,33579395,NO,1552
chr9,123345688,123346720,NO,1032
chr1,44950904,44952276,NO,1372
chr9,110227603,110228923,NO,1320
chr7,2356927,2358151,NO,1224
chr12,63179380,63180560,NO,1180
chr4,144323798,144328101,NO,4303
chr1,150227763,150228720,NO,957
chr5,159559985,159561253,NO,1268
chr10,4556367,4557483,NO,1116
chr14,104017892,104026647,NO,8755
chr1,230347461,230349245,NO,1784
chr10,90734104,90735809,NO,1705
chr12,95986907,96002890,NO,15983
chr5,153380816,153382801,NO,1985
chr12,96333587,96335188,NO,1601
chr14,24635835,24637303,NO,1468
chr3,94226187,94226604,NO,417
chr17,77007431,77008906,NO,1475
chr14,21515440,21517002,NO,1562
chr18,43245571,43250765,NO,5194
chr11,12180591,12182301,NO,1710
chr19,50890323,50891559,NO,1236
chr14,106471087,106472213,NO,1126
chr5,171503270,171506457,NO,3187
chr9,129249947,129251842,NO,1895
chr19,47200071,47201977,NO,1906
chr2,235111558,235121550,NO,9992
chr10,45064433,45066071,NO,1638
chr3,177391348,177400058,NO,8710
chr4,1549584,1551022,NO,1438
chr18,33893879,33895952,NO,2073
chr11,120580877,120583513,NO,2636
chr6,164088080,164089785,NO,1705
chr2,216612685,216615083,NO,2398
chr20,16517310,16522160,NO,4850
chr1,121257600,121259915,NO,2315
chr10,24403608,24407642,NO,4034
chr17,5000265,5001461,NO,1196
chr18,45427980,45439270,NO,11290
chr2,27263891,27265830,NO,1939
chr6,119067078,119070147,NO,3069
chr21,40757168,40758609,NO,1441
chr1,154812816,154820116,NO,7300
chr11,6423357,6425327,NO,1970
chr1,114454622,114456389,NO,1767
chr16,27731729,27733571,NO,1842
chr2,26044857,26045673,NO,816
chr4,152124100,152137421,NO,13321
chr11,17530410,17538146,NO,7736
chr16,67565961,67567831,NO,1870
chr6,2952574,2953756,NO,1182
chr18,20289983,20291513,NO,1530
chr1,9256090,9257431,NO,1341
chr14,51890785,51897929,NO,7144
chr1,96991257,97004244,NO,12987
chr11,70413666,70414952,NO,1286
chr6,137416031,137424460,NO,8429
chr19,58565801,58567067,NO,1266
chr3,13548957,13560946,NO,11989
chr14,75587366,75591327,NO,3961
chrX,109625661,109626920,NO,1259
chr3,46620315,46621722,NO,1407
chr3,114629,117298,NO,2669
chr2,33754638,33756799,NO,2161
chr9,14273199,14274756,NO,1557
chr7,73323020,73324817,NO,1797
chr6,91085017,91086556,NO,1539
chr1,150763244,150764914,NO,1670
chr6,21808181,21809685,NO,1504
chr14,98104399,98106454,NO,2055
chr5,16982429,16983812,NO,1383
chr11,119702447,119703844,NO,1397
chr1,78498734,78500317,NO,1583
chr15,71103006,71104326,NO,1320
chrX,133826207,133831121,NO,4914
chr2,162363886,162364498,NO,612
chr10,13701058,13702864,NO,1806
chr16,65104061,65106315,NO,2254
chr12,99524299,99526092,NO,1793
chr5,35851935,35855741,NO,3806
chr11,10756698,10757639,NO,941
chr1,87691338,87692638,NO,1300
chr19,46046695,46051007,NO,4312
chr3,126074193,126075626,NO,1433
chr2,44016576,44018919,NO,2343
chr11,78271745,78273669,NO,1924
chr3,179191067,179192203,NO,1136
chr1,116197161,116198601,NO,1440
chr14,100030461,100039587,NO,9126
chr4,100123284,100124877,NO,1593
chrX,40102887,40105393,NO,2506
chr15,36548243,36556392,NO,8149
chr5,73763366,73764794,NO,1428
chr21,38710737,38711888,NO,1151
chr17,61911534,61913218,NO,1684
chr2,739556,741186,NO,1630
chr15,34806285,34807372,NO,1087
chr9,120406655,120408621,NO,1966
chr4,76949517,76950256,NO,739
chr20,19232563,19234503,NO,1940
chr19,18057846,18059310,NO,1464
chr2,157323202,157327948,NO,4746
chr3,37664464,37667695,NO,3231
chr1,182304756,182307870,NO,3114
chr15,81521477,81529084,NO,7607
chr1,31627266,31628818,NO,1552
chr1,177177780,177180861,NO,3081
chr6,27759056,27760531,NO,1475
chr14,57731901,57733362,NO,1461
chr7,46047253,46055757,NO,8504
chr1,175236004,175238661,NO,2657
chr11,68206385,68208349,NO,1964
chr19,32512937,32514985,NO,2048
chr17,41136923,41138533,NO,1610
chr1,22489139,22491176,NO,2037
chr16,46823229,46824666,NO,1437
chr9,37471782,37472999,NO,1217
chr21,30534917,30536496,NO,1579
chr3,143162955,143163966,NO,1011
chr16,17352632,17353588,NO,956
chr7,3018704,3020953,NO,2249
chrX,153579206,153580936,NO,1730
chr2,182258035,182260121,NO,2086
chr4,84118254,84120069,NO,1815
chr2,112758451,112762644,NO,4193
chr1,16055054,16056554,NO,1500
chr7,45724390,45725823,NO,1433
chr13,51632513,51638308,NO,5795
chr10,90519004,90520186,NO,1182
chr21,33744141,33745100,NO,959
chr6,151177751,151179672,NO,1921
chr11,110889798,110891188,NO,1390
chr3,136409430,136411187,NO,1757
chr15,30336463,30338346,NO,1883
chr7,30590282,30603266,NO,12984
chr15,62464971,62466188,NO,1217
chr16,55770636,55773824,NO,3188
chr16,89459193,89462483,NO,3290
chr21,33144537,33146220,NO,1683
chr2,38691820,38696156,NO,4336
chr13,51208971,51210929,NO,1958
chr8,134228868,134230406,NO,1538
chr9,117213095,117215510,NO,2415
chr22,29513616,29514978,NO,1362
chr8,8851935,8853339,NO,1404
chr4,119512240,119513455,NO,1215
chr1,11203567,11211761,NO,8194
chr6,147234975,147236324,NO,1349
chr22,39319651,39323879,NO,4228
chrX,18850985,18851997,NO,1012
chr3,188418981,188430638,NO,11657
chr17,70334638,70335894,NO,1256
chr11,68889876,68891212,NO,1336
chr16,47170111,47176175,NO,6064
chr6,76318773,76330784,NO,12011
chr6,3013354,3014433,NO,1079
chr1,24053618,24055930,NO,2312
chr2,43744555,43747526,NO,2971
chr21,29894071,29895467,NO,1396
chr16,66619384,66622175,NO,2791
chr13,98500493,98502081,NO,1588
chrX,23971015,23971962,NO,947
chr10,44933197,44935159,NO,1962
chr15,81352228,81353681,NO,1453
chr15,28340822,28342190,NO,1368
chr2,223982370,223988889,NO,6519
chr18,52612803,52613903,NO,1100
chr16,74354451,74356694,NO,2243
chr10,862668,865746,NO,3078
chr11,47487993,47489219,NO,1226
chr2,197972298,197973586,NO,1288
chr5,168122911,168124569,NO,1658
chr12,92671468,92673412,NO,1944
chr18,48380337,48389561,NO,9224
chr7,108143775,108144714,NO,939
chr21,16377475,16379743,NO,2268
chr6,140084880,140086283,NO,1403
chr10,78068712,78072389,NO,3677
chr11,119938277,119939534,NO,1257
chr14,31507485,31518364,NO,10879
chr6,131520592,131521852,NO,1260
chr7,64459109,64460556,NO,1447
chr14,75828505,75829875,NO,1370
chr2,12803275,12805745,NO,2470
chr12,132555292,132556924,NO,1632
chr7,98696916,98719811,NO,22895
chrX,135145718,135147833,NO,2115
chr11,9252598,9253792,NO,1194
chr2,25780749,25793272,NO,12523
chr19,55742613,55744465,NO,1852
chr15,43521896,43523521,NO,1625
chr22,40503697,40517897,NO,14200
chr19,55335603,55336928,NO,1325
chr17,65755083,65756609,NO,1526
chr16,66300707,66304631,NO,3924
chr10,101677545,101678607,NO,1062
chr16,70494484,70495727,NO,1243
chr9,112857114,112859176,NO,2062
chr3,183024214,183025474,NO,1260
chr17,46079392,46080832,NO,1440
chr15,77395950,77397932,NO,1982
chr2,2904730,2906224,NO,1494
chr2,56192292,56194057,NO,1765
chr17,15607902,15608494,NO,592
chr18,20936186,20950623,NO,14437
chr21,37449093,37451888,NO,2795
chr10,73072399,73073995,NO,1596
chr17,697797,701251,NO,3454
chrX,100352463,100353054,NO,591
chr7,120581265,120583035,NO,1770
chr5,67206391,67211242,NO,4851
chr2,46087312,46088511,NO,1199
chr1,161741468,161743118,NO,1650
chr14,72245971,72247448,NO,1477
chr19,49152167,49153387,NO,1220
chr8,70772283,70772843,NO,560
chr11,17278165,17279043,NO,878
chr1,40425670,40427038,NO,1368
chr4,1209282,1211313,NO,2031
chr9,37323881,37325092,NO,1211
chr7,65813465,65817605,NO,4140
chr16,31378278,31380032,NO,1754
chr3,122123582,122128796,NO,5214
chrX,152964941,152966522,NO,1581
chr3,52956720,52958688,NO,1968
chr1,24516144,24517879,NO,1735
chr7,18125773,18127294,NO,1521
chr13,28056858,28058076,NO,1218
chr16,71958124,71962354,NO,4230
chr6,159331443,159333626,NO,2183
chr1,94079327,94083234,NO,3907
chr12,42628590,42630005,NO,1415
chr17,65505806,65506969,NO,1163
chr7,134888308,134889635,NO,1327
chr22,30666427,30667641,NO,1214
chr3,188185909,188187336,NO,1427
chr20,39200041,39213641,NO,13600
chr3,38090665,38091915,NO,1250
chr3,189698757,189700630,NO,1873
chr17,58448772,58450775,NO,2003
chr6,7544014,7549210,NO,5196
chr2,173073099,173074765,NO,1666
chrX,153388992,153402976,NO,13984
chr1,231530510,231531947,NO,1437
chr3,71275182,71298447,NO,23265
chr9,124359998,124383019,NO,23021
chr11,36094658,36096963,NO,2305
chr2,236079213,236081249,NO,2036
chr5,138922674,138923716,NO,1042
chr8,133292301,133293711,NO,1410
chr2,61023270,61047285,NO,24015
chr2,85535904,85537630,NO,1726
chr2,146568847,146572174,NO,3327
chr10,115141477,115142729,NO,1252
chr19,40381347,40383153,NO,1806
chr17,2933438,2934602,NO,1164
chr6,111147223,111148063,NO,840
chr9,97411473,97418938,NO,7465
chr6,154836697,154837941,NO,1244
chr3,184474177,184475775,NO,1598
chr11,71188794,71200416,NO,11622
chr5,149401060,149402343,NO,1283
chr17,1462535,1464550,NO,2015
chr13,74635997,74637680,NO,1683
chr11,46450507,46451167,NO,660
chr9,128222910,128247816,NO,24906
chr1,7177647,7185210,NO,7563
chr7,25535932,25537201,NO,1269
chr6,31153346,31154652,NO,1306
chr7,4652431,4653829,NO,1398
chr18,60865219,60875020,NO,9801
chr12,3755298,3757191,NO,1893
chr6,107149771,107151453,NO,1682
chr7,135717404,135741919,NO,24515
chr14,21549231,21551551,NO,2320
chr9,7652886,7657233,NO,4347
chr2,145764645,145765806,NO,1161
chr11,113980634,113982771,NO,2137
chr3,182977216,182978437,NO,1221
chr19,55984356,55986109,NO,1753
chr5,690063,691711,NO,1648
chr16,77246052,77247163,NO,1111
chr10,116301083,116304345,NO,3262
chr2,128320692,128322027,NO,1335
chr1,199826093,199827995,NO,1902
chr12,132469373,132470327,NO,954
chr11,63269524,63271708,NO,2184
chr16,9141173,9142563,NO,1390
chr4,37909493,37911190,NO,1697
chrX,108950474,108953243,NO,2769
chr7,143184514,143197300,NO,12786
chr1,85762943,85764435,NO,1492
chr3,70938221,70940005,NO,1784
chr12,129428740,129432823,NO,4083
chr4,111436685,111437832,NO,1147
chrX,118615868,118617133,NO,1265
chr14,39296468,39299116,NO,2648
chr17,57829221,57839330,NO,10109
chr7,7608666,7609678,NO,1012
chr20,57677045,57678742,NO,1697
chr4,39309849,39315441,NO,5592
chr1,108438465,108440454,NO,1989
chr15,99947798,99949655,NO,1857
chr21,35391697,35393176,NO,1479
chr6,152450711,152452160,NO,1449
chr3,192674836,192675915,NO,1079
chr14,24772941,24774582,NO,1641
chr12,55384650,55386312,NO,1662
chr18,42682720,42684922,NO,2202
chr1,150446022,150450471,NO,4449
chr19,57682847,57684186,NO,1339
chr2,129276599,129282172,NO,5573
chr8,94507133,94508799,NO,1666
chrX,114579140,114580728,NO,1588
chr18,55890846,55892027,NO,1181
chr9,117175673,117177148,NO,1475
chr8,22976411,22978172,NO,1761
chr5,169360412,169373831,NO,13419
chr7,134676622,134679034,NO,2412
chr12,93292662,93294189,NO,1527
chr4,129441470,129445869,NO,4399
chr1,23960874,23962365,NO,1491
chrX,153612945,153615048,NO,2103
chr1,95167578,95168553,NO,975
chr8,31550061,31556024,NO,5963
chr7,25156327,25157678,NO,1351
chr7,98927845,98929229,NO,1384
chr13,114005061,114006517,NO,1456
chr17,2060126,2061599,NO,1473
chr1,211641883,211643970,NO,2087
chr3,23898307,23907789,NO,9482
chr15,50539506,50540873,NO,1367
chr2,72028655,72036456,NO,7801
chr2,165847433,165849166,NO,1733
chr9,131256253,131257627,NO,1374
chr6,139946716,139948703,NO,1987
chr8,8792447,8794014,NO,1567
chr1,164736284,164755782,NO,19498
chr7,92438491,92439712,NO,1221
chr11,60789327,60794785,NO,5458
chr16,67476422,67478114,NO,1692
chr1,236313835,236324135,NO,10300
chr9,79893877,79894874,NO,997
chr18,6616496,6617812,NO,1316
chr9,100319328,100320841,NO,1513
chr5,178729215,178742049,NO,12834
chr7,114648187,114650168,NO,1981
chr3,146026009,146027181,NO,1172
chr7,65635103,65636394,NO,1291
chr2,3652470,3654058,NO,1588
chr16,46657103,46661014,NO,3911
chr19,6997769,7001432,NO,3663
chr6,37409906,37410970,NO,1064
chr18,21109957,21120908,NO,10951
chr8,19121930,19125716,NO,3786
chr7,5763528,5765277,NO,1749
chr1,248087848,248088955,NO,1107
chr1,46546798,46547672,NO,874
chr6,108530879,108532441,NO,1562
chr10,70059921,70061498,NO,1577
chr11,65212802,65214658,NO,1856
chr17,76108784,76110656,NO,1872
chr19,46379472,46380751,NO,1279
chr1,12569823,12571412,NO,1589
chr8,118742673,118744447,NO,1774
chr11,13318801,13320214,NO,1413
chr14,97092827,97094266,NO,1439
chr3,53782325,53788706,NO,6381
chr19,1895003,1896048,NO,1045
chr5,177819360,177820661,NO,1301
chr2,97282473,97293708,NO,11235
chr5,32582395,32583518,NO,1123
chr10,1014387,1017917,NO,3530
chr8,18835340,18842891,NO,7551
chr22,25289930,25291437,NO,1507
chr13,21918175,21919627,NO,1452
chr19,49231400,49232916,NO,1516
chr12,58805328,58820113,NO,14785
chr14,88510528,88515734,NO,5206
chr2,219228449,219229525,NO,1076
chr5,130990745,130993431,NO,2686
chr7,101812519,101814411,NO,1892
chr4,86435071,86436489,NO,1418
chr16,65565819,65566623,NO,804
chr16,88231995,88233514,NO,1519
chr22,38329076,38330551,NO,1475
chr2,174695507,174697339,NO,1832
chr19,4431332,4432626,NO,1294
chr12,30975128,30976528,NO,1400
chr1,39695817,39697315,NO,1498
chr8,33184668,33186044,NO,1376
chr1,167454784,167459378,NO,4594
chr9,114045280,114047305,NO,2025
chr4,176891241,176893136,NO,1895
chr4,3503543,3505166,NO,1623
chr8,48588188,48590057,NO,1869
chr12,29887686,29907805,NO,20119
chr17,73966119,73967089,NO,970
chr3,151960268,151962128,NO,1860
chr7,5186896,5189700,NO,2804
chr10,18071738,18074584,NO,2846
chr10,17824750,17827596,NO,2846
chr1,35810970,35812193,NO,1223
chr3,70881164,70882958,NO,1794
chr15,73893694,73895322,NO,1628
chr20,3960730,3961974,NO,1244
chr20,62359402,62360536,NO,1134
chr16,67806671,67808339,NO,1668
chr7,114619496,114629355,NO,9859
chr19,52326818,52333396,NO,6578
chr3,45671798,45673833,NO,2035
chr15,42657692,42659848,NO,2156
chr8,35382809,35383396,NO,587
chr12,110980380,110982029,NO,1649
chr19,2053513,2054495,NO,982
chrX,11131361,11138578,NO,7217
chr12,51787441,51789742,NO,2301
chr8,103697684,103701470,NO,3786
chr3,56726829,56729776,NO,2947
chr2,202297251,202298832,NO,1581
chr8,48623706,48625699,NO,1993
chr4,78618685,78621291,NO,2606
chr12,10305904,10306915,NO,1011
chr7,151113230,151114508,NO,1278
chr8,99394069,99395692,NO,1623
chr4,88130876,88135145,NO,4269
chr21,36577225,36579071,NO,1846
chr1,184836365,184837536,NO,1171
chr21,37304280,37305332,NO,1052
chr4,100220749,100223647,NO,2898
chr3,37316818,37317586,NO,768
chr1,78298121,78299732,NO,1611
chr4,11625957,11627367,NO,1410
chr14,103021127,103035141,NO,14014
chr7,47730760,47732978,NO,2218
chr9,90300267,90301837,NO,1570
chr4,78066825,78076359,NO,9534
chr22,39784213,39785265,NO,1052
chr1,112972760,112982871,NO,10111
chr12,94981621,94988933,NO,7312
chr7,117413178,117414616,NO,1438
chr2,27297440,27299118,NO,1678
chr6,44072017,44073270,NO,1253
chr3,112095174,112110934,NO,15760
chr20,3785749,3787284,NO,1535
chr6,144585258,144587831,NO,2573
chr3,4760108,4762791,NO,2683
chr19,703072,704093,NO,1021
chr1,192820301,192822385,NO,2084
chr8,68896546,68897615,NO,1069
chr3,72396608,72397890,NO,1282
chr3,39469798,39475557,NO,5759
chr2,160716289,160717570,NO,1281
chr12,50426416,50427521,NO,1105
chr18,76150157,76151574,NO,1417
chr14,51915096,51916552,NO,1456
chr13,93457921,93459394,NO,1473
chr18,21038184,21039829,NO,1645
chr18,74113567,74115285,NO,1718
chr4,148024297,148032302,NO,8005
chr16,24711724,24713408,NO,1684
chr2,160372598,160375269,NO,2671
chr1,227729444,227730928,NO,1484
chr7,26588583,26590027,NO,1444
chr1,61803141,61804570,NO,1429
chr20,42379255,42381396,NO,2141
chr6,138019981,138029705,NO,9724
chr19,45299628,45300611,NO,983
chr18,30466878,30470228,NO,3350
chr8,116660082,116660987,NO,905
chr12,113477800,113479236,NO,1436
chr2,3827455,3828701,NO,1246
chr1,180142829,180157099,NO,14270
chr3,194084956,194086300,NO,1344
chr4,155337379,155338611,NO,1232
chr1,156932776,156934140,NO,1364
chr9,93799515,93800976,NO,1461
chr17,16978215,16979761,NO,1546
chr11,3008889,3010906,NO,2017
chr5,153665444,153667083,NO,1639
chr5,169169214,169170480,NO,1266
chr1,21290702,21292168,NO,1466
chrX,12928199,12929734,NO,1535
chr2,239193662,239195959,NO,2297
chr11,85250904,85252243,NO,1339
chr10,3870409,3872465,NO,2056
chr16,72698273,72699386,NO,1113
chr21,44281280,44282792,NO,1512
chr11,68295674,68296863,NO,1189
chr1,94157570,94159233,NO,1663
chr12,2912662,2914713,NO,2051
chr13,103332568,103333999,NO,1431
chr3,72036434,72037899,NO,1465
chrX,13777220,13779069,NO,1849
chr21,30821547,30822825,NO,1278
chr12,77718103,77719423,NO,1320
chr8,21567629,21569330,NO,1701
chr2,203292729,203295012,NO,2283
chr12,32005979,32007636,NO,1657
chr2,169346511,169347871,NO,1360
chr6,33591357,33593039,NO,1682
chr12,55808282,55809046,NO,764
chr15,78236202,78237249,NO,1047
chr6,36794896,36796337,NO,1441
chr1,156551286,156552833,NO,1547
chr4,141726949,141729822,NO,2873
chr10,18898927,18900244,NO,1317
chr19,40397031,40398837,NO,1806
chr2,112978507,112980217,NO,1710
chr6,136968008,136969324,NO,1316
chr8,93082829,93084206,NO,1377
chr4,82735608,82737166,NO,1558
chr12,94516653,94518528,NO,1875
chr7,99993828,99995683,NO,1855
chr6,154868753,154900310,NO,31557
chr11,63917470,63919154,NO,1684
chr4,11471597,11491291,NO,19694
chr1,151130681,151132297,NO,1616
chr17,16487294,16493079,NO,5785
chr5,142253745,142261078,NO,7333
chrX,36975593,36982241,NO,6648
chr11,101664179,101668890,NO,4711
chr12,12147622,12149168,NO,1546
chr15,31792185,31793543,NO,1358
chr10,30237281,30239780,NO,2499
chr5,42875452,42877049,NO,1597
chr2,31496383,31498436,NO,2053
chr22,32318527,32320184,NO,1657
chr12,50314268,50326339,NO,12071
chr19,15305694,15307209,NO,1515
chr22,38291925,38293222,NO,1297
chr2,118855711,118881533,NO,25822
chr2,143934088,143935313,NO,1225
chr6,127836510,127837850,NO,1340
chr1,11340332,11342119,NO,1787
chr10,12962608,12965026,NO,2418
chr19,1239576,1240680,NO,1104
chr10,37105359,37107137,NO,1778
chr17,57476515,57485281,NO,8766
chr2,13001113,13002231,NO,1118
chr15,20980730,20981584,NO,854
chr15,21987398,21988252,NO,854
chr3,99639290,99644853,NO,5563
chr8,16908905,16909832,NO,927
chr10,102050632,102052118,NO,1486
chr2,219242469,219243790,NO,1321
chr10,3137369,3138892,NO,1523
chr1,246771635,246772990,NO,1355
chr17,25706641,25708869,NO,2228
chr19,12723391,12725226,NO,1835
chr15,44958379,44959776,NO,1397
chr6,5866522,5867441,NO,919
chr9,97662161,97663281,NO,1120
chr12,53516651,53518343,NO,1692
chr13,49714790,49721738,NO,6948
chr11,2695061,2696670,NO,1609
chr17,8229622,8230772,NO,1150
chr7,7801379,7813874,NO,12495
chr1,43214039,43215494,NO,1455
chr4,18320015,18321462,NO,1447
chrX,74966494,74967632,NO,1138
chr4,15783022,15796185,NO,13163
chrX,55934412,55935707,NO,1295
chr12,4139825,4141200,NO,1375
chr2,127476493,127478199,NO,1706
chr3,183301418,183303087,NO,1669
chr11,46527305,46530178,NO,2873
chr1,228633276,228634476,NO,1200
chr7,2300968,2301996,NO,1028
chr1,1071588,1080220,NO,8632
chrX,33059237,33059679,NO,442
chr22,18188637,18189728,NO,1091
chr3,184300152,184301533,NO,1381
chr3,171367785,171373328,NO,5543
chr4,95226910,95229091,NO,2181
chr4,76623300,76624619,NO,1319
chr2,13145589,13147356,NO,1767
chr1,221437049,221438499,NO,1450
chr2,113512141,113525853,NO,13712
chr1,33766394,33768683,NO,2289
chr9,116567416,116571597,NO,4181
chr2,127534199,127535200,NO,1001
chr2,144362881,144367660,NO,4779
chr4,38261085,38268646,NO,7561
chr10,102640371,102642083,NO,1712
chr1,214656503,214656983,NO,480
chr15,65197221,65198261,NO,1040
chr20,62450327,62451560,NO,1233
chr13,23270603,23270947,NO,344
chr2,145793573,145796195,NO,2622
chr17,32503990,32504910,NO,920
chr12,14766180,14768122,NO,1942
chr7,33089499,33090572,NO,1073
chr13,41751088,41753280,NO,2192
chr11,66979335,66981304,NO,1969
chr2,71409902,71410886,NO,984
chr7,25398537,25400382,NO,1845
chr17,1541290,1542601,NO,1311
chr7,48429574,48430909,NO,1335
chr2,178462414,178469481,NO,7067
chr2,118813014,118814410,NO,1396
chr10,90760333,90762113,NO,1780
chr1,95486872,95488253,NO,1381
chr5,39398956,39400456,NO,1500
chr19,49125363,49126264,NO,901
chrX,114733214,114738893,NO,5679
chr2,114575354,114577173,NO,1819
chr6,137037250,137041816,NO,4566
chr11,134818273,134819980,NO,1707
chrX,47056243,47058711,NO,2468
chr17,33787061,33787911,NO,850
chr11,129819789,129820964,NO,1175
chr9,75652870,75654308,NO,1438
chr12,67824939,67829234,NO,4295
chr13,113915143,113916201,NO,1058
chr17,8195724,8196882,NO,1158
chr3,19187971,19189355,NO,1384
chr1,14494022,14495254,NO,1232
chr3,55634823,55636234,NO,1411
chr7,50894159,50895475,NO,1316
chr7,74000738,74002564,NO,1826
chr5,95114787,95117285,NO,2498
chr14,33171643,33172696,NO,1053
chr18,45996493,45997789,NO,1296
chr13,111269931,111279323,NO,9392
chr1,212967511,212968527,NO,1016
chr17,21414425,21415536,NO,1111
chr2,40715316,40717196,NO,1880
chr1,48901242,48901895,NO,653
chr9,123969100,123975814,NO,6714
chr2,161979264,161980487,NO,1223
chr10,80610962,80612785,NO,1823
chr11,4630845,4632161,NO,1316
chr17,38575521,38576851,NO,1330
chr6,3012198,3013253,NO,1055
chr8,63433157,63434434,NO,1277
chr21,39831841,39833347,NO,1506
chr11,122451328,122452273,NO,945
chr11,36541300,36555137,NO,13837
chr6,119130043,119132262,NO,2219
chr11,43809711,43810813,NO,1102
chr6,151408842,151410572,NO,1730
chr13,21893005,21893731,NO,726
chr4,1884094,1885749,NO,1655
chr21,45444727,45446314,NO,1587
chr18,18697244,18698325,NO,1081
chr2,68347794,68348989,NO,1195
chr7,13096857,13098113,NO,1256
chr2,39695160,39697463,NO,2303
chr5,102833534,102835502,NO,1968
chr6,43235708,43237081,NO,1373
chr22,46422607,46424016,NO,1409
chr14,31974016,31978064,NO,4048
chr9,37943216,37944988,NO,1772
chr15,93276910,93277862,NO,952
chr3,16000540,16006822,NO,6282
chr1,164556846,164558442,NO,1596
chr22,42695142,42696642,NO,1500
chr4,159791421,159793070,NO,1649
chr1,3029611,3030654,NO,1043
chr3,47829887,47830963,NO,1076
chr15,91300367,91306118,NO,5751
chr11,1609805,1610900,NO,1095
chr5,111016308,111017810,NO,1502
chr14,31559489,31560797,NO,1308
chr14,106962767,106967841,NO,5074
chr4,129375491,129383366,NO,7875
chr20,10982276,10995256,NO,12980
chr6,28806272,28807289,NO,1017
chr22,46828066,46829716,NO,1650
chr5,138603505,138604890,NO,1385
chr7,7703778,7708836,NO,5058
chr3,139153200,139154513,NO,1313
chr12,46823955,46839341,NO,15386
chr1,1440238,1441632,NO,1394
chr2,179684701,179694349,NO,9648
chr16,78539134,78540554,NO,1420
chr18,43167965,43170408,NO,2443
chr7,94724093,94726507,NO,2414
chr17,21729324,21730755,NO,1431
chr21,28555968,28557567,NO,1599
chr7,3781645,3783278,NO,1633
chr17,66470273,66471264,NO,991
chr6,30704689,30706120,NO,1431
chr3,55924392,55925571,NO,1179
chr22,40929488,40931977,NO,2489
chr3,44601104,44602871,NO,1767
chr12,6481168,6482383,NO,1215
chr9,111062496,111063585,NO,1089
chr6,155463373,155465191,NO,1818
chr7,76967727,76982020,NO,14293
chr19,906868,908034,NO,1166
chr16,2178259,2179065,NO,806
chr6,4401982,4403485,NO,1503
chr20,17890702,17897442,NO,6740
chr22,29992701,29993711,NO,1010
chr2,70342513,70343709,NO,1196
chr11,66827118,66828246,NO,1128
chr2,219136658,219138308,NO,1650
chr4,76249889,76254295,NO,4406
chr22,41444437,41445689,NO,1252
chr2,33281276,33281588,NO,312
chr8,125238930,125240573,NO,1643
chr6,37186377,37190761,NO,4384
chr17,78623073,78624454,NO,1381
chr15,66947200,66954137,NO,6937
chr4,85674525,85675379,NO,854
chr17,48763576,48764910,NO,1334
chr20,2295284,2296592,NO,1308
chr15,68929632,68933972,NO,4340
chr6,1724328,1725643,NO,1315
chr5,1315546,1317171,NO,1625
chr18,10009977,10011689,NO,1712
chr1,118832430,118844859,NO,12429
chrX,152126722,152127672,NO,950
chrX,153555227,153556622,NO,1395
chr20,56247144,56248069,NO,925
chr20,62408425,62410599,NO,2174
chr10,19917758,19928683,NO,10925
chr19,1837153,1838414,NO,1261
chr2,173221179,173223063,NO,1884
chr10,64449685,64452225,NO,2540
chr1,155606977,155608012,NO,1035
chr17,74490709,74492856,NO,2147
chr17,4669173,4670384,NO,1211
chr2,177643625,177647103,NO,3478
chr11,134101138,134102658,NO,1520
chr1,76619747,76620923,NO,1176
chr14,75477695,75492434,NO,14739
chr4,146421243,146425373,NO,4130
chr18,59684706,59686159,NO,1453
chr10,97456598,97458027,NO,1429
chr2,205177653,205187673,NO,10020
chr17,44425180,44426309,NO,1129
chr12,48807144,48808873,NO,1729
chr1,211381054,211381866,NO,812
chr2,169489083,169492249,NO,3166
chr8,102312247,102313777,NO,1530
chr1,38366854,38367899,NO,1045
chr20,62446673,62448266,NO,1593
chr19,1202915,1204058,NO,1143
chr15,52050774,52064776,NO,14002
chr19,32008970,32011199,NO,2229
chr19,54599374,54600755,NO,1381
chr2,97552848,97554458,NO,1610
chr11,64917863,64919098,NO,1235
chr12,6488952,6490815,NO,1863
chr2,234999794,235000977,NO,1183
chr1,25847759,25849457,NO,1698
chr19,48656741,48662225,NO,5484
chr22,45907485,45908833,NO,1348
chr17,48349625,48351088,NO,1463
chr5,78023417,78024885,NO,1468
chr8,30244302,30252457,NO,8155
chr4,144299786,144303239,NO,3453
chrX,68139067,68141292,NO,2225
chr17,2717535,2718754,NO,1219
chr9,75768656,75770039,NO,1383
chr8,8914639,8916240,NO,1601
chr8,98775139,98776981,NO,1842
chr2,111751237,111752623,NO,1386
chr16,87378230,87379607,NO,1377
chr1,6803150,6804364,NO,1214
chr19,58358362,58359534,NO,1172
chr22,30658863,30660220,NO,1357
chr3,50609733,50612471,NO,2738
chr4,185517056,185518462,NO,1406
chr6,168480961,168493832,NO,12871
chr1,207928115,207929757,NO,1642
chr9,116216992,116218116,NO,1124
chr14,100784126,100785122,NO,996
chr2,218196132,218205163,NO,9031
chr20,47940046,47941266,NO,1220
chr14,91034002,91035831,NO,1829
chr9,35660592,35662503,NO,1911
chr11,69308413,69309940,NO,1527
chr9,15232438,15233239,NO,801
chr12,95171664,95173894,NO,2230
chr9,130594513,130595924,NO,1411
chr1,37271503,37272764,NO,1261
chr1,198566829,198568547,NO,1718
chr20,55798679,55800454,NO,1775
chrX,9713175,9715125,NO,1950
chr15,80742781,80744123,NO,1342
chr14,72049740,72065362,NO,15622
chr18,42406045,42419986,NO,13941
chr5,40429944,40438047,NO,8103
chr10,11917052,11918623,NO,1571
chr14,21559754,21561072,NO,1318
chr2,224814983,224817355,NO,2372
chr19,46983905,46997402,NO,13497
chr10,132429407,132430926,NO,1519
chr14,24796218,24797140,NO,922
chr5,17255388,17256884,NO,1496
chr12,50261947,50263193,NO,1246
chr3,12148872,12162627,NO,13755
chr5,93768276,93769954,NO,1678
chr3,10431429,10432916,NO,1487
chr3,51891280,51891793,NO,513
chr19,2108508,2110047,NO,1539
chr16,75045476,75046960,NO,1484
chr2,234378091,234379547,NO,1456
chr14,73040155,73041687,NO,1532
chr12,24688545,24691726,NO,3181
chr13,50963272,50964697,NO,1425
chr14,55799345,55801390,NO,2045
chr20,24796321,24798017,NO,1696
chr5,175868307,175869668,NO,1361
chr4,129767813,129769307,NO,1494
chr1,152432071,152433150,NO,1079
chr10,121463938,121468355,NO,4417
chr1,221950849,221952677,NO,1828
chr3,133160357,133168100,NO,7743
chr6,158965763,158967187,NO,1424
chr20,5777809,5779103,NO,1294
chr9,109201131,109204013,NO,2882
chr9,90407648,90408985,NO,1337
chr11,12561471,12563323,NO,1852
chr5,33362547,33365220,NO,2673
chr3,57795486,57796795,NO,1309
chr19,4145375,4146181,NO,806
chr18,53806108,53807902,NO,1794
chr3,196000783,196005697,NO,4914
chr2,144441689,144459698,NO,18009
chr9,126596710,126601911,NO,5201
chr17,41494315,41496977,NO,2662
chr19,42248813,42250732,NO,1919
chr6,119763460,119770855,NO,7395
chr3,12185244,12186380,NO,1136
chr5,61981603,61986651,NO,5048
chr20,36971260,36972767,NO,1507
chr4,15377068,15378382,NO,1314
chr11,76271458,76272996,NO,1538
chr19,10508739,10510082,NO,1343
chr8,121760304,121762403,NO,2099
chr8,121045816,121048712,NO,2896
chr1,245215002,245218437,NO,3435
chr13,100116474,100117734,NO,1260
chr20,5843443,5844746,NO,1303
chr8,40841101,40849243,NO,8142
chr11,133814519,133815959,NO,1440
chr12,99000743,99007284,NO,6541
chr12,69006046,69007371,NO,1325
chrX,130838158,130839311,NO,1153
chr6,15953334,15963308,NO,9974
chr5,79919291,79926107,NO,6816
chr14,105291941,105292991,NO,1050
chr2,238165387,238167274,NO,1887
chrX,46819605,46828566,NO,8961
chr8,132827856,132829012,NO,1156
chr11,94770539,94771438,NO,899
chr17,66905140,66907377,NO,2237
chr15,58471370,58472679,NO,1309
chr16,65732524,65733977,NO,1453
chr3,141988973,141995976,NO,7003
chr16,59100677,59101999,NO,1322
chr3,190250385,190252690,NO,2305
chr3,160383428,160397144,NO,13716
chr6,7697786,7698765,NO,979
chr7,43940616,43941872,NO,1256
chr3,9358241,9359345,NO,1104
chr10,43782466,43783771,NO,1305
chr7,75424760,75426205,NO,1445
chr13,46014000,46016222,NO,2222
chr6,43350917,43352669,NO,1752
chr17,55456137,55458227,NO,2090
chr16,12241091,12242439,NO,1348
chr7,42717007,42718826,NO,1819
chr15,84415552,84416966,NO,1414
chr3,177498936,177500695,NO,1759
chr4,30803987,30811695,NO,7708
chr11,70516215,70517782,NO,1567
chr1,180247376,180249093,NO,1717
chr3,137800736,137802526,NO,1790
chrX,153186959,153189086,NO,2127
chr2,183481234,183482717,NO,1483
chr11,32583793,32585702,NO,1909
chr6,1903870,1905041,NO,1171
chr22,20016293,20017867,NO,1574
chr11,62138365,62139149,NO,784
chr16,48201262,48202742,NO,1480
chr7,99220694,99222275,NO,1581
chr15,38669883,38671383,NO,1500
chr15,65537045,65551048,NO,14003
chr1,54602869,54604492,NO,1623
chr1,232686832,232689389,NO,2557
chr5,44878660,44879908,NO,1248
chr9,68377064,68380841,NO,3777
chr5,149482564,149488473,NO,5909
chr2,113550624,113552074,NO,1450
chr3,125075549,125076786,NO,1237
chr4,84550902,84551894,NO,992
chr3,47756674,47757749,NO,1075
chr3,31705919,31707424,NO,1505
chr11,69196499,69197940,NO,1441
chr12,123265441,123266706,NO,1265
chr17,67497796,67499119,NO,1323
chr15,93778966,93780131,NO,1165
chr17,76612879,76614549,NO,1670
chr7,72939769,72941788,NO,2019
chr12,7694820,7709216,NO,14396
chr5,40485181,40487310,NO,2129
chr2,131094457,131095784,NO,1327
chr10,63156653,63158433,NO,1780
chr15,96002599,96015385,NO,12786
chr2,40620872,40622323,NO,1451
chr2,16377790,16379074,NO,1284
chr6,158704679,158706154,NO,1475
chr16,29240199,29241719,NO,1520
chr20,32850083,32851102,NO,1019
chr8,59712770,59718129,NO,5359
chr12,121463867,121473108,NO,9241
chrX,49128356,49130022,NO,1666
chr1,36834376,36836274,NO,1898
chr16,14585502,14586646,NO,1144
chr20,2800824,2802093,NO,1269
chr21,35183035,35183965,NO,930
chr11,72758965,72759920,NO,955
chr17,73820659,73822347,NO,1688
chr2,25469114,25471407,NO,2293
chr7,156687564,156689080,NO,1516
chr1,2201340,2202833,NO,1493
chr13,36491404,36502798,NO,11394
chr3,45105833,45107229,NO,1396
chr10,120996915,120998334,NO,1419
chr3,127961647,127962758,NO,1111
chr13,107148418,107149293,NO,875
chr2,42251719,42253206,NO,1487
chr3,121809912,121811548,NO,1636
chr10,111896822,111902198,NO,5376
chr7,151069711,151071847,NO,2136
chr6,152592366,152593525,NO,1159
chr17,80920521,80921678,NO,1157
chr1,202584511,202585959,NO,1448
chr6,25447483,25448882,NO,1399
chr11,35723710,35724239,NO,529
chr14,90044481,90056690,NO,12209
chr2,151883432,151886397,NO,2965
chr19,16935592,16936799,NO,1207
chr2,11122935,11124316,NO,1381
chr6,43466552,43474441,NO,7889
chr10,73557019,73558625,NO,1606
chr20,36373901,36378846,NO,4945
chr1,2500670,2501967,NO,1297
chr1,157818540,157819508,NO,968
chr16,85469734,85471292,NO,1558
chr4,154064150,154065572,NO,1422
chr8,97999434,98002149,NO,2715
chr8,110324748,110328238,NO,3490
chr1,8064517,8065962,NO,1445
chr18,30209366,30211462,NO,2096
chr7,37070778,37072471,NO,1693
chr7,80128461,80129728,NO,1267
chr1,52113690,52115877,NO,2187
chr12,112073561,112074890,NO,1329
chr16,12173243,12192164,NO,18921
chr17,7958943,7983577,NO,24634
chr14,66313314,66314523,NO,1209
chr1,48959356,48960788,NO,1432
chr16,67867162,67868108,NO,946
chr13,77297090,77298482,NO,1392
chr14,34965506,34967203,NO,1697
chr2,122038812,122040789,NO,1977
chr2,151281322,151282733,NO,1411
chr16,19442648,19444917,NO,2269
chr4,117519922,117521491,NO,1569
chr10,126042914,126043938,NO,1024
chr21,42542564,42543537,NO,973
chr2,208175398,208177061,NO,1663
chr7,89807662,89818024,NO,10362
chr22,43497026,43498060,NO,1034
chr15,67174458,67176554,NO,2096
chr11,66668991,66670559,NO,1568
chr5,37197226,37209819,NO,12593
chr10,78282255,78283920,NO,1665
chr8,13240394,13241546,NO,1152
chr12,110694365,110695462,NO,1097
chr8,90740978,90742218,NO,1240
chr8,119017132,119024588,NO,7456
chr20,11176236,11177627,NO,1391
chr16,29796054,29796851,NO,797
chr6,31800427,31801404,NO,977
chr18,72238880,72257137,NO,18257
chr5,171004912,171006929,NO,2017
chr8,22530222,22531722,NO,1500
chr7,102003902,102004971,NO,1069
chr21,43576647,43578107,NO,1460
chr6,126265393,126268016,NO,2623
chr2,65225448,65226866,NO,1418
chr8,118990797,119002388,NO,11591
chr21,34379498,34380328,NO,830
chr10,91647405,91649846,NO,2441
chr1,161151607,161153245,NO,1638
chr7,153140026,153141520,NO,1494
chr18,72168188,72174232,NO,6044
chr9,130131074,130132799,NO,1725
chrX,114683800,114686960,NO,3160
chr3,194339337,194340851,NO,1514
chr2,235216461,235218139,NO,1678
chr4,5956975,5958519,NO,1544
chr22,32072230,32073417,NO,1187
chr10,118529939,118531317,NO,1378
chr3,169227241,169228851,NO,1610
chr6,97544886,97546136,NO,1250
chr12,104073598,104075147,NO,1549
chr12,122047910,122049483,NO,1573
chr13,49010476,49023915,NO,13439
chr7,130568582,130570296,NO,1714
chr6,113725551,113727962,NO,2411
chr12,56539979,56541514,NO,1535
chr2,96191886,96193045,NO,1159
chr19,48678043,48679237,NO,1194
chr7,131342162,131343396,NO,1234
chr12,121764471,121765727,NO,1256
chr10,67670401,67671896,NO,1495
chr6,138913953,138914786,NO,833
chr17,55775145,55786238,NO,11093
chr18,46206109,46207988,NO,1879
chr7,65877964,65879163,NO,1199
chr17,35077999,35079349,NO,1350
chr10,90301319,90302372,NO,1053
chr1,231829988,231836163,NO,6175
chr16,85766240,85767715,NO,1475
chr15,96382509,96389844,NO,7335
chr12,27219207,27224207,NO,5000
chr9,130558094,130559589,NO,1495
chr9,116178115,116179445,NO,1330
chr3,150323844,150329832,NO,5988
chr18,74692490,74700981,NO,8491
chrX,10166367,10168102,NO,1735
chr9,96231117,96231745,NO,628
chr14,98460078,98461914,NO,1836
chr19,2028102,2029161,NO,1059
chr17,77336274,77337917,NO,1643
chr3,179149460,179157223,NO,7763
chr14,64226116,64228965,NO,2849
chr10,32153577,32155758,NO,2181
chr16,88758008,88759172,NO,1164
chr5,1762243,1763809,NO,1566
chr8,95253826,95255356,NO,1530
chr1,173159178,173160101,NO,923
chr6,193675,196262,NO,2587
chr21,43393817,43395075,NO,1258
chr19,2208162,2209433,NO,1271
chr5,121509483,121521103,NO,11620
chr2,107127509,107128793,NO,1284
chr17,12887129,12888446,NO,1317
chr11,49455826,49456446,NO,620
chr2,102513160,102514662,NO,1502
chr20,3153724,3154798,NO,1074
chr1,115974387,115976619,NO,2232
chr8,109960306,109961520,NO,1214
chr12,118744871,118745928,NO,1057
chr8,120931723,120933297,NO,1574
chr2,217630111,217631222,NO,1111
chr3,183497804,183502193,NO,4389
chr17,19912235,19913750,NO,1515
chr5,57313889,57316479,NO,2590
chr15,32810131,32811585,NO,1454
chr19,418760,420318,NO,1558
chr6,170390269,170404175,NO,13906
chr8,29316673,29317829,NO,1156
chr7,23286723,23288352,NO,1629
chr10,104477363,104478882,NO,1519
chr4,154854619,154856068,NO,1449
chr3,151105293,151106213,NO,920
chr15,71620839,71622328,NO,1489
chr21,38797921,38807877,NO,9956
chr6,110018400,110028329,NO,9929
chr1,117280571,117282001,NO,1430
chr8,12662442,12676323,NO,13881
chr11,46569688,46582785,NO,13097
chr5,179894199,179895816,NO,1617
chr1,231693638,231708522,NO,14884
chr13,52164862,52166390,NO,1528
chr4,30766211,30769400,NO,3189
chrX,45665466,45667922,NO,2456
chr7,29310531,29314537,NO,4006
chr6,53123900,53130802,NO,6902
chr9,14198465,14203855,NO,5390
chr13,43931426,43939290,NO,7864
chr1,142890587,142891235,NO,648
chr16,27120692,27122139,NO,1447
chr12,6476736,6478180,NO,1444
chr1,145424029,145425504,NO,1475
chr15,43384069,43386065,NO,1996
chr19,55370036,55371058,NO,1022
chr9,137597997,137599913,NO,1916
chr20,31417285,31418638,NO,1353
chr15,58514642,58516470,NO,1828
chr15,43562332,43563670,NO,1338
chr2,25351322,25352390,NO,1068
chr1,24807452,24809127,NO,1675
chr12,60009186,60015161,NO,5975
chr6,33871588,33873606,NO,2018
chr11,122099776,122101111,NO,1335
chr1,51189705,51191240,NO,1535
chr21,35075880,35076970,NO,1090
chr4,8342118,8343736,NO,1618
chr12,120031855,120033436,NO,1581
chr8,40180264,40181553,NO,1289
chr3,52347213,52348428,NO,1215
chr13,95511159,95513702,NO,2543
chr2,217939321,217940668,NO,1347
chr5,96297604,96299444,NO,1840
chr10,116670709,116672571,NO,1862
chr22,40578709,40579833,NO,1124
chr12,90274124,90275682,NO,1558
chr1,147752599,147753838,NO,1239
chr1,10517552,10518621,NO,1069
chr11,131927429,131929530,NO,2101
chr3,195338672,195340146,NO,1474
chr3,15402987,15403878,NO,891
chr17,77001185,77002309,NO,1124
chr1,164717197,164718331,NO,1134
chr14,105758866,105761255,NO,2389
chr15,50345200,50348666,NO,3466
chr1,27862179,27864274,NO,2095
chr2,239016553,239023424,NO,6871
chr8,67693285,67698193,NO,4908
chr1,94730195,94738541,NO,8346
chr2,2616836,2617965,NO,1129
chr3,43557605,43558691,NO,1086
chr1,114400648,114403024,NO,2376
chrX,15921323,15935417,NO,14094
chr9,101649027,101652132,NO,3105
chr12,12080172,12081561,NO,1389
chr1,108327797,108329452,NO,1655
chr9,97860102,97861483,NO,1381
chr11,122678647,122688228,NO,9581
chr1,161564348,161565644,NO,1296
chr16,66091752,66104393,NO,12641
chr21,10163634,10164282,NO,648
chr7,51189365,51201650,NO,12285
chr2,241975509,241981818,NO,6309
chr11,100503336,100510361,NO,7025
chr11,72739462,72741060,NO,1598
chr7,129648262,129649568,NO,1306
chr1,66860408,66862178,NO,1770
chr9,80461511,80479771,NO,18260
chr2,8519745,8521080,NO,1335
chr17,1688976,1690950,NO,1974
chr9,97735437,97738895,NO,3458
chr17,45012427,45013942,NO,1515
chr6,46956993,46958426,NO,1433
chr12,53300529,53302042,NO,1513
chr2,25149244,25150475,NO,1231
chr9,71458622,71460643,NO,2021
chr4,39934652,39948880,NO,14228
chr4,170581007,170582007,NO,1000
chr15,101135895,101137561,NO,1666
chr20,36899130,36901393,NO,2263
chr9,115994657,115996062,NO,1405
chr18,9983788,9993468,NO,9680
chr1,228363595,228365211,NO,1616
chr7,31914081,31923740,NO,9659
chr3,73768601,73777459,NO,8858
chr6,14743072,14744682,NO,1610
chr16,24548156,24549568,NO,1412
chr3,145873793,145875167,NO,1374
chr5,101612344,101613639,NO,1295
chr9,97588925,97590547,NO,1622
chr17,31381615,31383354,NO,1739
chr13,49356692,49358303,NO,1611
chrX,41134873,41136164,NO,1291
chr3,128564574,128584470,NO,19896
chr8,58658507,58661362,NO,2855
chrX,151150226,151155179,NO,4953
chr5,126306210,126308694,NO,2484
chr5,130559848,130561085,NO,1237
chr14,92713832,92727255,NO,13423
chr11,117072254,117073860,NO,1606
chr2,64341517,64343571,NO,2054
chr8,81015047,81016705,NO,1658
chr13,46887628,46895425,NO,7797
chr2,230280771,230281808,NO,1037
chr7,131265754,131271486,NO,5732
chr2,152894682,152895776,NO,1094
chr17,62317424,62318962,NO,1538
chr6,155739056,155740069,NO,1013
chr1,145562336,145563472,NO,1136
chr4,2572015,2573415,NO,1400
chr4,4286521,4288210,NO,1689
chr6,17932080,17933353,NO,1273
chr3,4392719,4398265,NO,5546
chr10,23137750,23138768,NO,1018
chr1,147790169,147791316,NO,1147
chr4,156798592,156799653,NO,1061
chr11,108724300,108725341,NO,1041
chr22,40634383,40635826,NO,1443
chr19,2034788,2035973,NO,1185
chr3,12404896,12413038,NO,8142
chr5,74230455,74231950,NO,1495
chr6,113339683,113340924,NO,1241
chr17,46992263,46993874,NO,1611
chr12,118794254,118795689,NO,1435
chr1,161931435,161932704,NO,1269
chr16,14493026,14496098,NO,3072
chr6,15608436,15622412,NO,13976
chr11,36252296,36259807,NO,7511
chr6,3990645,3991536,NO,891
chr14,63950754,63964363,NO,13609
chr14,90239469,90240797,NO,1328
chr8,104405354,104419113,NO,13759
chr14,21488348,21489638,NO,1290
chr2,174453783,174455359,NO,1576
chr3,152274402,152275948,NO,1546
chr9,126441197,126450093,NO,8896
chr21,35132825,35134263,NO,1438
chr7,143578829,143582545,NO,3716
chr9,85390756,85392307,NO,1551
chr22,44391409,44392741,NO,1332
chr11,63318924,63321960,NO,3036
chr12,89893678,89907915,NO,14237
chr8,101538963,101540306,NO,1343
chr8,58908774,58910696,NO,1922
chr20,41529878,41531465,NO,1587
chr19,18291423,18292523,NO,1100
chr12,24379609,24381244,NO,1635
chr5,72989380,72994791,NO,5411
chr18,25141726,25143029,NO,1303
chr7,29898551,29900046,NO,1495
chr19,35576239,35577969,NO,1730
chrX,9800204,9801612,NO,1408
chr19,14212882,14214353,NO,1471
chr13,51617426,51619134,NO,1708
chr20,3321088,3322273,NO,1185
chr18,9876669,9877793,NO,1124
chr19,2054579,2055282,NO,703
chr10,74646336,74647455,NO,1119
chr8,30162591,30164043,NO,1452
chr2,242100747,242102081,NO,1334
chr12,47770990,47772428,NO,1438
chr16,2532431,2533736,NO,1305
chr1,101573642,101578424,NO,4782
chr5,106738414,106741357,NO,2943
chr2,236768031,236768849,NO,818
chr5,96883158,96884534,NO,1376
chr2,233411324,233412773,NO,1449
chr7,56355283,56356149,NO,866
chr6,113802565,113808125,NO,5560
chr1,43900507,43902272,NO,1765
chr15,99214302,99215552,NO,1250
chrX,7001844,7004288,NO,2444
chr17,5905426,5906740,NO,1314
chr3,141426097,141430256,NO,4159
chr2,20344803,20349977,NO,5174
chr7,22701773,22715903,NO,14130
chrX,122958214,122959627,NO,1413
chr13,60238586,60241119,NO,2533
chr1,35971805,35973421,NO,1616
chr11,63570168,63574153,NO,3985
chr13,81010697,81012284,NO,1587
chr11,92498944,92499958,NO,1014
chr20,36268682,36270414,NO,1732
chr6,14758102,14759543,NO,1441
chr18,47002698,47004022,NO,1324
chrX,30882135,30883511,NO,1376
chr4,74088259,74089096,NO,837
chr10,113057215,113058542,NO,1327
chr12,29777116,29779087,NO,1971
chr3,192032713,192034667,NO,1954
chr1,18486256,18488033,NO,1777
chr6,34677160,34678283,NO,1123
chr7,149562046,149563493,NO,1447
chr17,45061478,45062710,NO,1232
chr8,125950576,125952069,NO,1493
chr8,6481282,6482275,NO,993
chr2,219148702,219149659,NO,957
chr1,227616129,227618074,NO,1945
chr2,149371495,149372792,NO,1297
chr1,231163902,231165092,NO,1190
chr6,156955952,156959570,NO,3618
chr3,75955639,75956777,NO,1138
chr14,65394676,65396395,NO,1719
chr3,113502760,113503405,NO,645
chr2,55246265,55253786,NO,7521
chr20,44001713,44002930,NO,1217
chr3,155027229,155028142,NO,913
chr15,41446499,41455624,NO,9125
chr4,87828831,87830138,NO,1307
chrX,153780292,153781524,NO,1232
chr7,158822959,158824149,NO,1190
chr14,25243451,25244426,NO,975
chr12,121527256,121534114,NO,6858
chr3,177255847,177257840,NO,1993
chr6,109557910,109559380,NO,1470
chr15,79207338,79209726,NO,2388
chr3,129512695,129514088,NO,1393
chr10,64323246,64324716,NO,1470
chr10,118607871,118609160,NO,1289
chr22,45525246,45528255,NO,3009
chr5,71697930,71699543,NO,1613
chr16,48534835,48536263,NO,1428
chr22,30630909,30632658,NO,1749
chr7,75534977,75536202,NO,1225
chr3,178684520,178685458,NO,938
chr17,2342198,2343622,NO,1424
chr6,74131574,74132603,NO,1029
chr10,70962738,70965131,NO,2393
chr14,24623931,24625634,NO,1703
chr1,100128046,100129842,NO,1796
chr11,47569245,47573219,NO,3974
chr4,153379680,153383948,NO,4268
chr1,209832764,209833977,NO,1213
chr17,64425995,64428618,NO,2623
chr19,23185400,23186277,NO,877
chr22,22151836,22152839,NO,1003
chr9,128586320,128592432,NO,6112
chr12,65174076,65176156,NO,2080
chr1,147774548,147775680,NO,1132
chr3,167761669,167764002,NO,2333
chr11,67226556,67227851,NO,1295
chr15,56298838,56299763,NO,925
chr16,66981521,66982744,NO,1223
chr4,114389055,114390272,NO,1217
chr12,10658008,10658793,NO,785
chr13,48477909,48478872,NO,963
chr1,152137557,152161923,NO,24366
chr2,87415328,87416974,NO,1646
chr17,46516848,46518596,NO,1748
chr5,121388940,121390280,NO,1340
chr19,41854687,41855703,NO,1016
chr1,33626282,33627661,NO,1379
chr22,30251490,30269647,NO,18157
chr1,203923331,203925239,NO,1908
chr9,98925761,98932095,NO,6334
chr5,138440014,138441637,NO,1623
chr5,25909180,25909984,NO,804
chr7,53254724,53255317,NO,593
chr6,26412317,26413973,NO,1656
chr10,60593064,60595045,NO,1981
chr14,76477822,76479942,NO,2120
chr2,136650357,136651888,NO,1531
chr2,145694852,145696039,NO,1187
chr2,54751264,54752591,NO,1327
chr10,7070967,7073356,NO,2389
chr12,2272440,2289564,NO,17124
chr3,192288634,192289766,NO,1132
chr15,76007964,76009825,NO,1861
chr15,26716039,26717539,NO,1500
chr19,45463761,45465437,NO,1676
chr2,122568536,122569915,NO,1379
chr1,205110352,205111669,NO,1317
chr20,19054844,19056591,NO,1747
chr14,71945154,71959125,NO,13971
chr2,170361185,170361558,NO,373
chr12,30122959,30124493,NO,1534
chr8,94944445,94956724,NO,12279
chr4,1197778,1199574,NO,1796
chr2,112533642,112535288,NO,1646
chr1,160489480,160491363,NO,1883
chr3,160198639,160200715,NO,2076
chr7,92262442,92265005,NO,2563
chr2,33544469,33545905,NO,1436
chr6,30692209,30693073,NO,864
chr19,3041631,3043383,NO,1752
chr20,5511725,5516537,NO,4812
chr20,49989835,49991444,NO,1609
chr12,67293303,67294810,NO,1507
chr3,126925239,126926754,NO,1515
chr9,111034055,111035220,NO,1165
chr2,27202133,27212164,NO,10031
chr7,6357150,6358217,NO,1067
chr20,39904649,39905659,NO,1010
chr9,111860699,111872901,NO,12202
chr5,156754595,156755998,NO,1403
chr5,32531206,32532635,NO,1429
chr17,1542662,1544394,NO,1732
chr3,58679614,58680908,NO,1294
chr1,45433543,45434672,NO,1129
chr17,62918526,62919568,NO,1042
chr3,114811063,114819723,NO,8660
chr9,130672000,130673811,NO,1811
chr7,134466585,134468365,NO,1780
chr5,122764743,122765932,NO,1189
chr13,50939322,50940867,NO,1545
chr12,30609731,30610800,NO,1069
chr6,93381156,93382349,NO,1193
chr2,200809797,200811130,NO,1333
chr5,131082835,131084231,NO,1396
chr19,1880002,1881376,NO,1374
chr19,36443736,36445363,NO,1627
chr2,20271656,20275090,NO,3434
chr5,14112897,14114301,NO,1404
chr11,67233668,67235327,NO,1659
chr2,100813882,100815580,NO,1698
chr3,13129127,13130527,NO,1400
chrX,46389152,46390648,NO,1496
chrX,153755019,153756078,NO,1059
chr6,159107545,159108920,NO,1375
chr12,102896752,102898868,NO,2116
chr2,4451675,4453691,NO,2016
chr1,236694793,236695996,NO,1203
chr10,29474796,29475974,NO,1178
chr13,45930900,45931919,NO,1019
chrX,78399329,78403031,NO,3702
chr2,129230265,129231613,NO,1348
chr1,66156890,66158350,NO,1460
chr11,65209218,65210241,NO,1023
chr19,30454593,30455964,NO,1371
chr15,39119750,39121252,NO,1502
chr5,139125835,139127785,NO,1950
chr14,81397103,81408940,NO,11837
chr6,153225843,153227337,NO,1494
chr10,81264436,81266355,NO,1919
chr17,34617600,34626278,NO,8678
chr1,214524558,214526060,NO,1502
chr5,81708754,81718594,NO,9840
chr12,15723589,15724872,NO,1283
chr8,28683756,28685954,NO,2198
chr1,22818508,22821969,NO,3461
chr20,61871951,61873471,NO,1520
chr1,64471697,64472893,NO,1196
chr4,143738317,143740159,NO,1842
chr3,48054981,48058128,NO,3147
chr12,113579841,113581175,NO,1334
chr3,79355438,79355880,NO,442
chrX,39828242,39829804,NO,1562
chr9,84137741,84145954,NO,8213
chr3,70920483,70922345,NO,1862
chr4,184940849,184942036,NO,1187
chr22,43715865,43717364,NO,1499
chr17,61925868,61927141,NO,1273
chr3,31503191,31511218,NO,8027
chr13,30295665,30297092,NO,1427
chr17,77301390,77302880,NO,1490
chr6,161258177,161259486,NO,1309
chr6,43214095,43215613,NO,1518
chr7,107579048,107581035,NO,1987
chr1,153487562,153488668,NO,1106
chr10,114121439,114122496,NO,1057
chr18,22878713,22880230,NO,1517
chr1,24620608,24622125,NO,1517
chr10,67330078,67331034,NO,956
chr7,66593834,66594776,NO,942
chr1,179920589,179922092,NO,1503
chr4,38563698,38565083,NO,1385
chr5,75024606,75025777,NO,1171
chr22,39909231,39910730,NO,1499
chr6,111896708,111898032,NO,1324
chr8,73806087,73811401,NO,5314
chr2,183283256,183292060,NO,8804
chr13,29041100,29043210,NO,2110
chr13,99562735,99563518,NO,783
chr10,129051929,129053435,NO,1506
chrX,147462234,147463601,NO,1367
chr8,55466728,55467658,NO,930
chr1,229365093,229366504,NO,1411
chr2,235638196,235639648,NO,1452
chr9,93822748,93823692,NO,944
chr8,126503043,126504373,NO,1330
chr3,156381560,156382734,NO,1174
chrX,56253079,56255552,NO,2473
chr4,151094915,151096054,NO,1139
chr5,154061909,154062928,NO,1019
chr2,96986727,96987939,NO,1212
chr4,56914787,56916206,NO,1419
chr21,32546063,32546982,NO,919
chr3,64782395,64783394,NO,999
chr17,5513786,5515729,NO,1943
chr3,31318488,31331469,NO,12981
chr8,40270225,40271253,NO,1028
chr6,15391243,15401437,NO,10194
chrX,23862442,23863925,NO,1483
chr15,39285373,39288411,NO,3038
chr17,40127846,40129417,NO,1571
chr13,114147461,114150632,NO,3171
chr14,105392161,105399955,NO,7794
chr4,81122947,81124671,NO,1724
chr20,62381909,62383525,NO,1616
chr21,42579485,42580635,NO,1150
chr3,149197192,149198359,NO,1167
chr6,12233092,12246889,NO,13797
chr2,204604990,204608843,NO,3853
chr7,36231278,36242822,NO,11544
chr1,2207102,2208453,NO,1351
chr14,105619016,105620394,NO,1378
chr3,44012080,44013729,NO,1649
chr13,40025847,40027151,NO,1304
chr16,50839967,50840860,NO,893
chr14,104285735,104295206,NO,9471
chr12,29359356,29361467,NO,2111
chr16,30148078,30160866,NO,12788
chr16,58438156,58439505,NO,1349
chr5,172086182,172087598,NO,1416
chr17,28845771,28847810,NO,2039
chr5,115724075,115732290,NO,8215
chr17,28431493,28432332,NO,839
chr6,143919184,143920354,NO,1170
chr1,172289741,172292166,NO,2425
chr19,8402198,8403608,NO,1410
chr7,1704239,1705952,NO,1713
chrX,47986475,47987173,NO,698
chr6,2221912,2223032,NO,1120
chr1,21417552,21427641,NO,10089
chr14,62157526,62158566,NO,1040
chr1,91316198,91317308,NO,1110
chr12,108124578,108131083,NO,6505
chr7,116057539,116058638,NO,1099
chr11,72194417,72195518,NO,1101
chr14,24041260,24042677,NO,1417
chr20,48481732,48483055,NO,1323
chr10,127729991,127731328,NO,1337
chr10,104912810,104913821,NO,1011
chr18,65886991,65888062,NO,1071
chr4,8262531,8263975,NO,1444
chr2,7865998,7870818,NO,4820
chr5,138485022,138486487,NO,1465
chr15,61044048,61045760,NO,1712
chr11,6597957,6598725,NO,768
chr13,39783340,39784881,NO,1541
chr12,57093654,57095179,NO,1525
chr10,92723996,92725999,NO,2003
chr6,20424228,20425741,NO,1513
chr18,25027160,25028088,NO,928
chr11,130607089,130608662,NO,1573
chr6,41214744,41216611,NO,1867
chr17,29395069,29395904,NO,835
chr5,142729959,142734038,NO,4079
chr2,216191803,216193479,NO,1676
chr17,1842723,1844200,NO,1477
chr2,188405943,188407015,NO,1072
chr1,98369303,98372811,NO,3508
chr7,151490894,151495040,NO,4146
chr12,6883053,6884860,NO,1807
chr4,17277857,17279368,NO,1511
chr19,56128305,56129549,NO,1244
chr12,103834955,103836554,NO,1599
chr12,5546306,5547577,NO,1271
chr11,8084181,8090755,NO,6574
chr17,1537717,1538919,NO,1202
chr9,110629183,110631222,NO,2039
chr1,96881590,96882751,NO,1161
chr7,157545583,157546611,NO,1028
chr9,86938497,86939627,NO,1130
chr6,81347828,81349460,NO,1632
chr4,47533290,47534655,NO,1365
chr7,151132976,151134675,NO,1699
chr1,224618140,224619038,NO,898
chr22,43579163,43580564,NO,1401
chr13,110521585,110522651,NO,1066
chr3,4017909,4026248,NO,8339
chr2,226983049,226983666,NO,617
chr3,11464953,11480439,NO,15486
chr17,7754091,7755753,NO,1662
chr1,210484374,210485793,NO,1419
chr5,92486026,92498606,NO,12580
chr11,90015460,90016033,NO,573
chr10,111782378,111783548,NO,1170
chr17,74478817,74480191,NO,1374
chr8,121743463,121744535,NO,1072
chr9,136651505,136652953,NO,1448
chr17,34409323,34410192,NO,869
chr17,61924053,61925642,NO,1589
chr12,49326278,49328519,NO,2241
chr19,6891651,6892777,NO,1126
chr20,60075562,60076882,NO,1320
chr2,226895309,226896529,NO,1220
chr7,101171165,101179506,NO,8341
chr20,10545571,10546353,NO,782
chr3,43682800,43688164,NO,5364
chr16,56390231,56391896,NO,1665
chr13,113140029,113140936,NO,907
chr11,65207629,65209049,NO,1420
chr22,46494650,46496087,NO,1437
chr5,37552745,37554050,NO,1305
chr1,6784451,6785659,NO,1208
chr12,110893576,110895127,NO,1551
chr17,30169506,30170887,NO,1381
chr6,23177227,23181487,NO,4260
chr2,157674664,157682812,NO,8148
chr2,97592726,97594309,NO,1583
chr7,44123305,44124569,NO,1264
chr1,65398712,65400442,NO,1730
chr13,44970666,44972176,NO,1510
chr1,226591500,226593831,NO,2331
chr1,28318388,28320170,NO,1782
chr4,54932749,54933943,NO,1194
chr8,26178405,26184976,NO,6571
chr1,51761816,51763117,NO,1301
chr20,34770418,34771878,NO,1460
chr1,148604773,148605351,NO,578
chr11,78175947,78177421,NO,1474
chr17,30410493,30411727,NO,1234
chr17,71528613,71529815,NO,1202
chr3,148673493,148674604,NO,1111
chr17,80936019,80937080,NO,1061
chr4,141955547,141957808,NO,2261
chr7,22155296,22165161,NO,9865
chr18,25174657,25176685,NO,2028
chr1,223276066,223289235,NO,13169
chr5,177854902,177856613,NO,1711
chr6,157469461,157470516,NO,1055
chr1,185601985,185616020,NO,14035
chr4,2282957,2284280,NO,1323
chr18,23230598,23243607,NO,13009
chr2,31519300,31520942,NO,1642
chr10,115080125,115082864,NO,2739
chr10,15296365,15297740,NO,1375
chr8,38220372,38221284,NO,912
chr17,6997234,6998557,NO,1323
chr18,77954732,77956221,NO,1489
chr2,219121466,219122723,NO,1257
chr8,126369258,126375761,NO,6503
chr9,22158942,22171824,NO,12882
chr17,74730276,74731543,NO,1267
chr3,47403770,47405041,NO,1271
chr4,130466472,130467630,NO,1158
chr7,3935769,3936661,NO,892
chr2,224992201,224993788,NO,1587
chr3,45151226,45152419,NO,1193
chr8,108469740,108475008,NO,5268
chr1,6282325,6283407,NO,1082
chr14,34720053,34721650,NO,1597
chr1,144567252,144568486,NO,1234
chr1,148526531,148527765,NO,1234
chr3,24179400,24188270,NO,8870
chr8,68876941,68881727,NO,4786
chr5,35194059,35195880,NO,1821
chr7,27149873,27151413,NO,1540
chr15,59034404,59035681,NO,1277
chr3,119871797,119881629,NO,9832
chr9,89190548,89191828,NO,1280
chr1,32370055,32371212,NO,1157
chr12,52622691,52623386,NO,695
chr3,133997853,134010990,NO,13137
chr5,131007431,131008890,NO,1459
chr12,104916683,104918009,NO,1326
chr3,125351258,125352723,NO,1465
chr1,155786696,155787748,NO,1052
chr22,29307534,29314475,NO,6941
chr15,70328203,70329688,NO,1485
chr17,44368492,44369544,NO,1052
chr15,40845322,40846764,NO,1442
chr4,4992445,4993872,NO,1427
chr4,86398410,86399583,NO,1173
chr11,43926381,43928001,NO,1620
chr1,186806814,186808692,NO,1878
chr19,50115320,50117996,NO,2676
chr3,33848022,33849360,NO,1338
chr15,26095185,26105968,NO,10783
chr17,73865225,73866506,NO,1281
chr10,44387954,44402660,NO,14706
chr9,4206405,4208750,NO,2345
chr1,84326085,84326909,NO,824
chr17,42979779,42981125,NO,1346
chr3,99808570,99809965,NO,1395
chr1,85069248,85070544,NO,1296
chr9,98518099,98520293,NO,2194
chr20,41635896,41637144,NO,1248
chr13,21564026,21572685,NO,8659
chr1,180397742,180398707,NO,965
chr7,18216928,18218497,NO,1569
chr1,51675758,51676904,NO,1146
chr3,123468572,123470231,NO,1659
chr2,175388094,175390282,NO,2188
chr10,32097151,32097887,NO,736
chr17,37950117,37951835,NO,1718
chr1,181004897,181014180,NO,9283
chr3,18764981,18768475,NO,3494
chr17,6557617,6561075,NO,3458
chr6,111783950,111784656,NO,706
chr4,109481123,109482819,NO,1696
chr14,24798012,24799808,NO,1796
chr14,70485020,70486369,NO,1349
chr1,109099187,109100510,NO,1323
chr1,162199703,162206903,NO,7200
chr16,17107332,17108144,NO,812
chr10,25190113,25191294,NO,1181
chr2,219146818,219148430,NO,1612
chr16,28121378,28122336,NO,958
chr6,30922884,30924056,NO,1172
chr7,72147475,72148417,NO,942
chr18,2589884,2590724,NO,840
chr3,190958160,190958968,NO,808
chr15,30780533,30781985,NO,1452
chr1,221567416,221571214,NO,3798
chr13,33412790,33413963,NO,1173
chr2,112663454,112664878,NO,1424
chr20,43996230,43997712,NO,1482
chr3,184433492,184434984,NO,1492
chr8,41842820,41845150,NO,2330
chr1,147718229,147719453,NO,1224
chr6,33685640,33696740,NO,11100
chr7,130581615,130583378,NO,1763
chr12,109681924,109683028,NO,1104
chr8,71435883,71437120,NO,1237
chr10,70359685,70360641,NO,956
chr2,58334727,58335971,NO,1244
chr15,62916996,62918199,NO,1203
chr2,134022388,134023435,NO,1047
chr4,176691786,176692923,NO,1137
chr10,74371237,74372649,NO,1412
chr19,1194300,1195087,NO,787
chr5,133288345,133289636,NO,1291
chr22,28386375,28387342,NO,967
chr1,94596544,94608540,NO,11996
chr7,130641122,130642278,NO,1156
chr16,12456371,12457593,NO,1222
chr1,183811506,183813451,NO,1945
chr1,201851719,201853564,NO,1845
chr2,43764737,43767541,NO,2804
chr3,27117936,27119277,NO,1341
chr10,30931625,30933333,NO,1708
chr7,151833337,151834578,NO,1241
chr2,175691942,175693188,NO,1246
chr18,19182045,19185282,NO,3237
chr6,43279289,43281569,NO,2280
chr3,187840504,187841791,NO,1287
chr13,30152016,30153299,NO,1283
chr3,48080112,48081239,NO,1127
chr2,209848802,209849906,NO,1104
chr12,43661516,43666800,NO,5284
chr12,56589952,56591758,NO,1806
chr11,47437043,47438282,NO,1239
chr7,132612563,132613472,NO,909
chr14,72187811,72194103,NO,6292
chr8,353665,354965,NO,1300
chr2,224590128,224591453,NO,1325
chr1,147874394,147875136,NO,742
chr15,86292547,86294530,NO,1983
chr19,50183206,50184331,NO,1125
chr2,228249831,228251235,NO,1404
chr1,17757853,17759293,NO,1440
chr9,80434008,80435630,NO,1622
chr19,7159016,7160281,NO,1265
chr9,117565687,117567226,NO,1539
chr17,33694558,33695998,NO,1440
chr10,11840695,11841713,NO,1018
chr10,37055360,37059704,NO,4344
chr1,202166995,202168693,NO,1698
chr9,100931237,100948493,NO,17256
chr14,98068704,98070533,NO,1829
chr16,82809724,82811215,NO,1491
chr6,7784929,7786942,NO,2013
chr19,934355,935710,NO,1355
chr8,5485222,5489385,NO,4163
chr10,80561964,80565311,NO,3347
chr7,124576011,124577878,NO,1867
chr11,60223985,60225293,NO,1308
chr6,32360764,32362204,NO,1440
chr6,134860885,134872944,NO,12059
chr1,150544831,150546250,NO,1419
chr16,49525558,49526593,NO,1035
chr8,107227383,107228219,NO,836
chr8,129153881,129155090,NO,1209
chr3,65394373,65397986,NO,3613
chr9,32644639,32645546,NO,907
chr7,48008883,48010602,NO,1719
chr1,68362714,68364245,NO,1531
chr10,106176811,106178160,NO,1349
chr17,64900788,64902156,NO,1368
chr4,3333147,3334081,NO,934
chr4,1049207,1050460,NO,1253
chr18,9173802,9186009,NO,12207
chr10,99384703,99386022,NO,1319
chr6,32854107,32855709,NO,1602
chr2,147739973,147743741,NO,3768
chr14,68200939,68202763,NO,1824
chr2,200717201,200718887,NO,1686
chr22,39459481,39460982,NO,1501
chr6,72261030,72262078,NO,1048
chr6,31764776,31765984,NO,1208
chr4,77011164,77012064,NO,900
chr18,6294030,6295160,NO,1130
chr2,3465135,3466261,NO,1126
chr8,98244095,98245427,NO,1332
chr12,131430418,131431809,NO,1391
chr10,74230012,74243731,NO,13719
chr3,188076401,188077729,NO,1328
chr9,125835566,125836986,NO,1420
chr19,15514189,15516099,NO,1910
chr9,126578169,126579564,NO,1395
chr2,131484504,131485939,NO,1435
chr15,74803898,74805223,NO,1325
chr17,42705303,42706421,NO,1118
chr9,98224470,98225573,NO,1103
chr12,56138800,56140243,NO,1443
chr5,172878302,172879822,NO,1520
chr12,68092258,68093536,NO,1278
chr22,44481572,44483167,NO,1595
chr5,57372397,57373823,NO,1426
chr17,57806268,57808013,NO,1745
chr19,11454794,11455641,NO,847
chr5,57422983,57424150,NO,1167
chr2,144191999,144200264,NO,8265
chr10,49782432,49785950,NO,3518
chr16,67345196,67346521,NO,1325
chr19,31160485,31161722,NO,1237
chr17,2952263,2952937,NO,674
chr6,106233400,106246122,NO,12722
chr20,57014194,57015720,NO,1526
chr17,42613363,42626058,NO,12695
chr6,37672780,37673990,NO,1210
chr4,109967431,109968675,NO,1244
chr5,39946113,39948782,NO,2669
chr3,29799672,29801683,NO,2011
chr5,139145114,139147886,NO,2772
chr10,29919156,29920400,NO,1244
chr3,125029447,125030173,NO,726
chr5,124237603,124243025,NO,5422
chr11,35061682,35067441,NO,5759
chr16,3687073,3688209,NO,1136
chr16,85387853,85389069,NO,1216
chr2,208701150,208713058,NO,11908
chr5,158283348,158284635,NO,1287
chr16,23142650,23144922,NO,2272
chr22,44946357,44947533,NO,1176
chr11,68081062,68082783,NO,1721
chr2,161188908,161191378,NO,2470
chr8,144630242,144630973,NO,731
chr14,77042327,77051866,NO,9539
chr12,15687168,15688596,NO,1428
chr19,6161018,6161993,NO,975
chr14,76177868,76187945,NO,10077
chr2,113245199,113246084,NO,885
chr1,248873028,248875249,NO,2221
chr14,89970650,89977500,NO,6850
chr16,74774541,74776435,NO,1894
chr20,34458764,34472548,NO,13784
chr17,74768660,74769781,NO,1121
chr4,15328589,15329813,NO,1224
chr5,170921158,170922449,NO,1291
chr7,25990226,25991628,NO,1402
chr4,521815,523241,NO,1426
chr16,14197125,14204620,NO,7495
chr4,26142643,26144415,NO,1772
chr3,125258748,125260060,NO,1312
chr5,137984550,137985994,NO,1444
chr21,46038249,46039606,NO,1357
chr2,143623642,143632246,NO,8604
chr12,132284273,132294072,NO,9799
chr15,36297465,36298529,NO,1064
chr1,211988425,211997297,NO,8872
chr12,27673297,27674796,NO,1499
chr2,106646772,106647764,NO,992
chr4,113023459,113031427,NO,7968
chr19,41841125,41841910,NO,785
chrX,64940269,64943812,NO,3543
chr14,102657158,102663786,NO,6628
chr12,122186136,122187645,NO,1509
chr4,23789508,23790894,NO,1386
chr20,30819541,30821117,NO,1576
chr1,198459733,198460854,NO,1121
chr11,11417520,11429532,NO,12012
chr2,111828796,111829845,NO,1049
chr3,176758805,176759973,NO,1168
chr15,40681028,40682135,NO,1107
chr4,74974576,74983611,NO,9035
chr3,185813373,185816281,NO,2908
chr8,141965211,141966448,NO,1237
chr9,97118834,97122166,NO,3332
chr12,92734728,92735625,NO,897
chr13,112121782,112122867,NO,1085
chr12,9854404,9861174,NO,6770
chr7,84733154,84736353,NO,3199
chr11,116063763,116064889,NO,1126
chr2,127885859,127886827,NO,968
chr13,30913737,30920808,NO,7071
chr22,49411909,49413225,NO,1316
chr4,114476725,114478107,NO,1382
chr7,130559053,130560524,NO,1471
chr6,125666954,125668341,NO,1387
chr2,71805593,71806915,NO,1322
chr14,34487432,34488715,NO,1283
chr18,33196266,33197364,NO,1098
chr9,130444566,130445857,NO,1291
chr4,36256980,36258794,NO,1814
chr15,65155104,65156081,NO,977
chr6,106589179,106590643,NO,1464
chr14,64395431,64400329,NO,4898
chr2,19774007,19775140,NO,1133
chr20,16138657,16139606,NO,949
chr9,85881388,85882466,NO,1078
chr19,14220806,14222060,NO,1254
chr2,206794295,206795893,NO,1598
chr2,152153959,152155297,NO,1338
chr2,3848058,3849094,NO,1036
chr4,86853411,86854426,NO,1015
chr13,81121980,81122923,NO,943
chr10,70087980,70089261,NO,1281
chr22,38476889,38478060,NO,1171
chr12,10706986,10708153,NO,1167
chr8,110344157,110345180,NO,1023
chr7,100223942,100225060,NO,1118
chr11,87130059,87131438,NO,1379
chr11,133850427,133852001,NO,1574
chr11,61936614,61938250,NO,1636
chr5,55307691,55308924,NO,1233
chr20,46152568,46153686,NO,1118
chr12,76982069,76983462,NO,1393
chr6,56536363,56537283,NO,920
chr6,139723832,139725211,NO,1379
chr3,172006795,172012796,NO,6001
chr6,164589413,164590796,NO,1383
chr9,135745955,135747500,NO,1545
chr11,10457579,10464156,NO,6577
chr22,27511444,27530400,NO,18956
chr3,188537281,188540692,NO,3411
chr3,153002862,153004168,NO,1306
chr17,78165376,78166818,NO,1442
chr6,143206174,143207031,NO,857
chr5,95949644,95950462,NO,818
chr2,239772454,239773847,NO,1393
chr12,53320067,53321290,NO,1223
chr12,110350468,110351684,NO,1216
chr1,156229578,156231066,NO,1488
chr16,29712702,29714058,NO,1356
chr15,52091361,52098907,NO,7546
chr8,87332030,87333143,NO,1113
chr2,61651931,61653690,NO,1759
chr11,57173669,57175059,NO,1390
chr6,139539931,139541088,NO,1157
chr7,63249850,63251040,NO,1190
chr6,31838009,31839312,NO,1303
chr1,19674035,19679176,NO,5141
chr13,31348016,31349260,NO,1244
chr2,24552057,24553588,NO,1531
chr19,15661717,15667534,NO,5817
chr9,116725814,116726879,NO,1065
chr4,9692705,9693638,NO,933
chr3,188497651,188498941,NO,1290
chr1,148766817,148767379,NO,562
chr1,1221958,1223300,NO,1342
chr4,16224358,16226598,NO,2240
chr7,149318414,149319789,NO,1375
chr5,32210753,32211726,NO,973
chr4,150041688,150042792,NO,1104
chr9,6217732,6229597,NO,11865
chr1,32718899,32720018,NO,1119
chr3,47435370,47436867,NO,1497
chr3,71135913,71137769,NO,1856
chr9,133564808,133566275,NO,1467
chr9,35696725,35697827,NO,1102
chr20,17951676,17952889,NO,1213
chr9,127104598,127106122,NO,1524
chr17,68095474,68117740,NO,22266
chr13,27358809,27360416,NO,1607
chr18,59273226,59274364,NO,1138
chr10,15645434,15646392,NO,958
chr3,50487575,50488629,NO,1054
chr3,71097875,71099014,NO,1139
chr19,11805167,11806136,NO,969
chr6,147178526,147179610,NO,1084
chr17,6940994,6942409,NO,1415
chr13,80584570,80586356,NO,1786
chr9,125226445,125227717,NO,1272
chr2,100387962,100389816,NO,1854
chr6,144063193,144065384,NO,2191
chr9,32004206,32005138,NO,932
chrX,96818395,96819670,NO,1275
chr5,67266669,67268845,NO,2176
chrX,76923708,76925134,NO,1426
chr7,106105576,106107457,NO,1881
chr14,71608753,71610513,NO,1760
chr14,65481973,65483578,NO,1605
chr18,20188928,20190142,NO,1214
chr10,89676210,89687550,NO,11340
chr1,36329742,36331326,NO,1584
chr10,133785790,133787161,NO,1371
chr3,151608533,151609514,NO,981
chr13,92997711,92998827,NO,1116
chr17,80084261,80086021,NO,1760
chr3,114051872,114058344,NO,6472
chr17,73992834,73994060,NO,1226
chr14,51974202,51975564,NO,1362
chr1,153375319,153376977,NO,1658
chr2,27296425,27297430,NO,1005
chr6,17033028,17034017,NO,989
chr10,119390045,119391433,NO,1388
chr5,90514706,90515788,NO,1082
chr19,41873388,41874490,NO,1102
chr11,88135185,88155111,NO,19926
chr7,36158539,36159694,NO,1155
chr14,100872209,100873540,NO,1331
chr4,183727469,183728533,NO,1064
chr16,74596903,74598354,NO,1451
chr3,138493675,138506433,NO,12758
chr14,72219484,72220603,NO,1119
chrX,40398320,40399751,NO,1431
chr19,10511357,10512643,NO,1286
chr20,3093856,3102755,NO,8899
chr8,61020990,61022380,NO,1390
chr2,218088242,218089191,NO,949
chr14,104734042,104735874,NO,1832
chr5,60540945,60542304,NO,1359
chr16,47050239,47051257,NO,1018
chr19,10608875,10609858,NO,983
chr2,75867772,75869255,NO,1483
chr11,112191996,112193318,NO,1322
chr10,64873577,64874735,NO,1158
chr10,101888612,101889997,NO,1385
chr11,46511350,46513996,NO,2646
chr12,92463916,92465633,NO,1717
chr5,88080484,88082111,NO,1627
chr19,36100289,36101524,NO,1235
chr17,48618963,48620150,NO,1187
chr4,114356824,114366910,NO,10086
chr15,63639828,63641090,NO,1262
chr12,117112890,117114613,NO,1723
chr18,48362528,48367144,NO,4616
chr3,112870299,112871337,NO,1038
chr4,75096310,75097518,NO,1208
chr19,37742091,37743355,NO,1264
chr21,46549316,46551003,NO,1687
chr8,54569436,54570791,NO,1355
chr1,222483622,222485121,NO,1499
chr1,55518411,55519783,NO,1372
chr8,64303866,64305003,NO,1137
chr4,124981451,124982359,NO,908
chr7,41819144,41826754,NO,7610
chr16,65274354,65284370,NO,10016
chr8,64104652,64113382,NO,8730
chr17,73055566,73057087,NO,1521
chr16,58114963,58116168,NO,1205
chr8,94410193,94411693,NO,1500
chr20,6643655,6645027,NO,1372
chr1,32681365,32682860,NO,1495
chr10,6763033,6764267,NO,1234
chr6,40995699,40996643,NO,944
chr1,8030098,8031443,NO,1345
chr2,153246067,153246612,NO,545
chr3,133757876,133759325,NO,1449
chr15,101060089,101061325,NO,1236
chr8,131539977,131540942,NO,965
chr6,27124856,27126267,NO,1411
chr10,93431441,93432617,NO,1176
chrX,153793896,153795210,NO,1314
chr11,32346498,32355723,NO,9225
chr11,43665426,43666409,NO,983
chr3,45956327,45957925,NO,1598
chr3,183595580,183596669,NO,1089
chr9,137884164,137885477,NO,1313
chr11,64455813,64456906,NO,1093
chr4,87994286,88000878,NO,6592
chr2,232206602,232207932,NO,1330
chr21,27778215,27779445,NO,1230
chr17,76966979,76968160,NO,1181
chr5,75621778,75622845,NO,1067
chr2,101358496,101359848,NO,1352
chr6,43757392,43768178,NO,10786
chr6,16470882,16482253,NO,11371
chr11,122647591,122650547,NO,2956
chr6,24658775,24659936,NO,1161
chr6,31535200,31536813,NO,1613
chr3,178734670,178738879,NO,4209
chr1,226985975,226987350,NO,1375
chr8,131408036,131409533,NO,1497
chr19,14444054,14444842,NO,788
chr17,74546783,74547909,NO,1126
chr5,11323853,11324991,NO,1138
chr4,22324780,22326473,NO,1693
chr15,100076385,100078137,NO,1752
chr13,36553036,36554362,NO,1326
chr5,36657740,36658662,NO,922
chr11,60896846,60898315,NO,1469
chr20,10829135,10830212,NO,1077
chr11,19532441,19533707,NO,1266
chr8,71065280,71073151,NO,7871
chr17,73846496,73847868,NO,1372
chr20,2456310,2458192,NO,1882
chr2,53474930,53476267,NO,1337
chr1,211700883,211702060,NO,1177
chr2,40573232,40574771,NO,1539
chr6,34283481,34284358,NO,877
chr1,154615027,154616033,NO,1006
chr1,183332344,183333487,NO,1143
chr1,68078407,68084807,NO,6400
chr11,65350738,65352186,NO,1448
chr6,32808031,32809602,NO,1571
chr1,26316247,26317900,NO,1653
chr11,64080750,64082088,NO,1338
chr1,44500863,44502362,NO,1499
chr2,192435599,192436591,NO,992
chr6,7324490,7325444,NO,954
chr4,156560781,156561820,NO,1039
chr8,123956148,123957499,NO,1351
chr8,38558330,38559947,NO,1617
chr4,114276217,114277605,NO,1388
chr12,65549778,65551079,NO,1301
chr2,240898400,240899773,NO,1373
chr3,171918616,171919710,NO,1094
chr1,110833842,110835378,NO,1536
chr7,158575253,158576395,NO,1142
chr1,19696428,19697929,NO,1501
chr17,55598860,55599989,NO,1129
chr16,11120506,11120950,NO,444
chr17,39276237,39277277,NO,1040
chr6,2951552,2952449,NO,897
chr3,49048740,49050740,NO,2000
chr7,7983918,7985101,NO,1183
chr2,32426520,32426873,NO,353
chr15,99270458,99271999,NO,1541
chr14,53384272,53386219,NO,1947
chr8,65668899,65670463,NO,1564
chr3,126753880,126755452,NO,1572
chr1,153601828,153603253,NO,1425
chr1,1004351,1005479,NO,1128
chrX,135225446,135226664,NO,1218
chr1,93410072,93417267,NO,7195
chr3,39609967,39611457,NO,1490
chr2,201270175,201271633,NO,1458
chr7,2349414,2350540,NO,1126
chr19,45165515,45167010,NO,1495
chr1,59314302,59321833,NO,7531
chr12,115541235,115542819,NO,1584
chr2,231586035,231588709,NO,2674
chr3,10609587,10610926,NO,1339
chr15,21925340,21926999,NO,1659
chrX,78417037,78422648,NO,5611
chr14,71807437,71808838,NO,1401
chr1,41961524,41962726,NO,1202
chr10,71670856,71672520,NO,1664
chr6,167654625,167655914,NO,1289
chr2,171608115,171608446,NO,331
chr4,38212115,38213633,NO,1518
chr11,74231854,74233184,NO,1330
chr17,37491407,37492540,NO,1133
chr9,79090104,79091385,NO,1281
chr9,37370769,37372400,NO,1631
chr2,33063145,33064781,NO,1636
chr4,143012380,143013574,NO,1194
chr7,135047493,135048750,NO,1257
chr4,141110372,141112081,NO,1709
chr17,74921312,74922468,NO,1156
chr1,198525623,198527458,NO,1835
chr11,82828474,82829997,NO,1523
chr16,78641825,78642925,NO,1100
chr17,74686837,74688466,NO,1629
chr19,7463536,7464442,NO,906
chr17,8795783,8803121,NO,7338
chr13,42066387,42067446,NO,1059
chr14,21776492,21777622,NO,1130
chr5,32274435,32276648,NO,2213
chr1,9615341,9618764,NO,3423
chr21,43824897,43826706,NO,1809
chr1,55326681,55328075,NO,1394
chr11,7516802,7518427,NO,1625
chrX,70415890,70418546,NO,2656
chr17,74520519,74521676,NO,1157
chr3,190334212,190336175,NO,1963
chr1,229335126,229336252,NO,1126
chr14,75304168,75308651,NO,4483
chr5,123871770,123874260,NO,2490
chr7,42532845,42533833,NO,988
chr9,88708830,88713123,NO,4293
chr5,102106919,102107961,NO,1042
chrX,133955115,133956310,NO,1195
chr5,139364925,139366276,NO,1351
chr3,78682074,78682843,NO,769
chrX,6656601,6657835,NO,1234
chrX,118636838,118638088,NO,1250
chr12,32551858,32552954,NO,1096
chr19,15577465,15578553,NO,1088
chr2,203638773,203639381,NO,608
chr3,59286247,59287030,NO,783
chr13,80742173,80743398,NO,1225
chr9,126126001,126127345,NO,1344
chr20,38478358,38480300,NO,1942
chr9,83412442,83414345,NO,1903
chr16,30964586,30966027,NO,1441
chr17,8761629,8762781,NO,1152
chr2,42420740,42424344,NO,3604
chr20,22672218,22673261,NO,1043
chr13,23499840,23501168,NO,1328
chr22,26015944,26018876,NO,2932
chr2,47747941,47748751,NO,810
chr8,55504677,55505831,NO,1154
chr18,43217485,43219349,NO,1864
chr15,92592215,92593840,NO,1625
chr1,94137572,94138762,NO,1190
chr8,27975416,27976885,NO,1469
chr19,5585225,5586568,NO,1343
chr15,27482356,27483648,NO,1292
chr20,3708988,3710256,NO,1268
chr1,214203025,214204478,NO,1453
chr15,43707681,43709162,NO,1481
chr1,60888543,60889767,NO,1224
chr12,45228147,45229110,NO,963
chr7,106766602,106767421,NO,819
chr3,172194638,172195891,NO,1253
chrX,19103676,19105092,NO,1416
chr19,18739787,18740811,NO,1024
chr16,69806050,69807365,NO,1315
chr8,81289236,81290587,NO,1351
chr5,158406845,158407718,NO,873
chr2,30659234,30660776,NO,1542
chr1,31575218,31576441,NO,1223
chr19,18318849,18320054,NO,1205
chr11,856368,857516,NO,1148
chr3,150477530,150478857,NO,1327
chr21,44261833,44265887,NO,4054
chr2,225890514,225891538,NO,1024
chr1,150081729,150082990,NO,1261
chr11,8227505,8229157,NO,1652
chr2,101807165,101808271,NO,1106
chr6,16236426,16237675,NO,1249
chr4,185667289,185668706,NO,1417
chr12,101868427,101880364,NO,11937
chr13,98107757,98108779,NO,1022
chr6,144376225,144377151,NO,926
chr2,1656537,1657779,NO,1242
chr14,24013945,24015289,NO,1344
chr17,26072731,26074222,NO,1491
chr7,37805035,37806332,NO,1297
chr6,7426792,7427955,NO,1163
chr2,9939315,9940775,NO,1460
chr8,96149554,96150535,NO,981
chr6,31960299,31962063,NO,1764
chr6,31993037,31994801,NO,1764
chr1,147735308,147736270,NO,962
chr10,105000928,105001995,NO,1067
chr2,241815522,241816705,NO,1183
chr3,189977752,189979733,NO,1981
chr7,26726226,26729557,NO,3331
chr18,54175270,54176473,NO,1203
chr1,214462834,214463785,NO,951
chr19,2315402,2316660,NO,1258
chr8,141219873,141220888,NO,1015
chr8,93680201,93681419,NO,1218
chr1,155505695,155506708,NO,1013
chr10,74544215,74552641,NO,8426
chr20,34681893,34686576,NO,4683
chr15,61004606,61006371,NO,1765
chr3,42887835,42889573,NO,1738
chr20,641033,641994,NO,961
chr3,195886513,195887749,NO,1236
chr14,23293730,23294698,NO,968
chr12,1062103,1063289,NO,1186
chr9,37787907,37789160,NO,1253
chr13,100194958,100201260,NO,6302
chr13,48582915,48584201,NO,1286
chr6,2940377,2941358,NO,981
chr6,119212216,119213431,NO,1215
chr10,75949757,75950901,NO,1144
chr1,36751338,36752676,NO,1338
chr3,191780928,191782002,NO,1074
chr9,95474099,95474962,NO,863
chr10,82357446,82358444,NO,998
chr13,97678779,97679799,NO,1020
chr11,68166883,68168024,NO,1141
chr1,16394172,16395405,NO,1233
chr3,37515918,37519356,NO,3438
chrX,39790137,39808352,NO,18215
chr17,3562497,3563638,NO,1141
chr22,38538958,38540381,NO,1423
chr1,39174259,39174997,NO,738
chr2,60962640,60963198,NO,558
chr17,41533447,41535442,NO,1995
chr12,52347526,52349190,NO,1664
chr18,56689694,56692889,NO,3195
chr18,43884473,43885899,NO,1426
chr1,65555659,65556926,NO,1267
chr4,124538007,124542892,NO,4885
chr1,61290441,61291382,NO,941
chr10,112217674,112219052,NO,1378
chr16,25098607,25099707,NO,1100
chr17,6949386,6950386,NO,1000
chr12,12765974,12770141,NO,4167
chr6,148998816,149000229,NO,1413
chr16,4699748,4700944,NO,1196
chr8,117563739,117564790,NO,1051
chr3,105974850,105975722,NO,872
chr6,113993405,113994414,NO,1009
chr4,166215855,166221063,NO,5208
chr5,134237441,134238646,NO,1205
chr1,151168273,151169166,NO,893
chr22,37317166,37318211,NO,1045
chr6,149367124,149368397,NO,1273
chr2,66782441,66783420,NO,979
chr2,1369365,1371051,NO,1686
chr2,58478478,58479090,NO,612
chr9,72360291,72361716,NO,1425
chr1,180983438,180984692,NO,1254
chr22,30648484,30649982,NO,1498
chr15,48888247,48895890,NO,7643
chr1,66277714,66278521,NO,807
chr8,22397584,22398564,NO,980
chr19,18439211,18440157,NO,946
chr12,15362673,15372261,NO,9588
chr3,125931387,125932580,NO,1193
chr3,66443348,66445211,NO,1863
chr20,10700679,10701577,NO,898
chr16,79414639,79415952,NO,1313
chr9,132578736,132579814,NO,1078
chr6,52254336,52255507,NO,1171
chr17,76085277,76086403,NO,1126
chr4,96136843,96138284,NO,1441
chr7,127053547,127055336,NO,1789
chr3,185959564,185974284,NO,14720
chr5,132368329,132369616,NO,1287
chr2,122120815,122122200,NO,1385
chr10,102015925,102017626,NO,1701
chr4,20194467,20195485,NO,1018
chr1,226949950,226951224,NO,1274
chr16,18032851,18034000,NO,1149
chr1,39619728,39621051,NO,1323
chr8,134741803,134743016,NO,1213
chr19,22320484,22321181,NO,697
chr18,8912027,8913065,NO,1038
chr3,136504869,136506186,NO,1317
chr16,10710300,10711759,NO,1459
chr10,104813292,104814432,NO,1140
chr9,110079009,110085336,NO,6327
chr9,85942101,85943341,NO,1240
chr2,112944972,112946315,NO,1343
chr3,123502612,123503448,NO,836
chr10,90882155,90883385,NO,1230
chr10,16819356,16820614,NO,1258
chr4,1212176,1213454,NO,1278
chr9,123883543,123884498,NO,955
chr19,46635975,46637682,NO,1707
chr20,20760689,20761763,NO,1074
chr8,104185841,104187257,NO,1416
chr12,121951616,121952721,NO,1105
chr1,14108611,14109495,NO,884
chr2,217744990,217746391,NO,1401
chr1,59858817,59859983,NO,1166
chr6,113754043,113755851,NO,1808
chr9,99448712,99449789,NO,1077
chr20,62379002,62380622,NO,1620
chr20,56982778,56984342,NO,1564
chr19,56096833,56097925,NO,1092
chr5,73678484,73679771,NO,1287
chr16,8985102,8986509,NO,1407
chr2,114133987,114135074,NO,1087
chr13,99194860,99196035,NO,1175
chr9,35685285,35686048,NO,763
chr11,8692970,8694086,NO,1116
chr2,65144697,65145642,NO,945
chr1,16339160,16340378,NO,1218
chr5,147780843,147782028,NO,1185
chr7,140266568,140267884,NO,1316
chr2,26183216,26184791,NO,1575
chr20,50727214,50727738,NO,524
chr7,44140000,44141400,NO,1400
chrX,23828994,23835890,NO,6896
chr7,137998583,137999517,NO,934
chr8,19372455,19373699,NO,1244
chr11,125820688,125822150,NO,1462
chr16,72075791,72076832,NO,1041
chr12,45241643,45242614,NO,971
chr17,643137,644207,NO,1070
chr3,37828202,37829567,NO,1365
chr6,106048984,106050170,NO,1186
chr10,23053069,23056306,NO,3237
chr2,173042092,173043440,NO,1348
chr7,137941972,137943182,NO,1210
chr1,16574662,16575830,NO,1168
chr17,74222667,74223283,NO,616
chr18,56029035,56030201,NO,1166
chrX,16900492,16901580,NO,1088
chr18,66105467,66107535,NO,2068
chr5,76084049,76087288,NO,3239
chr6,88632102,88633348,NO,1246
chr12,63040601,63042132,NO,1531
chr8,39897346,39898699,NO,1353
chr8,50749874,50750905,NO,1031
chr2,191199132,191200876,NO,1744
chr14,104129589,104130497,NO,908
chr9,33867632,33868883,NO,1251
chr13,44510754,44511896,NO,1142
chr5,10421395,10422594,NO,1199
chr5,74854753,74871420,NO,16667
chr2,197298289,197299902,NO,1613
chr2,145823925,145824797,NO,872
chr8,130814974,130816050,NO,1076
chr19,33751237,33752642,NO,1405
chr14,84720413,84722033,NO,1620
chr20,51026355,51027971,NO,1616
chr7,35793436,35794713,NO,1277
chr3,187717992,187726296,NO,8304
chr3,192585032,192587765,NO,2733
chr3,42596829,42598175,NO,1346
chr2,233702787,233703704,NO,917
chr16,47071533,47072357,NO,824
chr1,118238327,118239465,NO,1138
chr22,25447362,25448739,NO,1377
chr7,79444526,79445528,NO,1002
chr3,96495579,96496243,NO,664
chr2,233988844,233990240,NO,1396
chr15,35311916,35316363,NO,4447
chr12,104135639,104136675,NO,1036
chr2,70338042,70339204,NO,1162
chr3,194489295,194490732,NO,1437
chr6,1554750,1555707,NO,957
chr13,27050157,27051197,NO,1040
chr17,4299140,4300617,NO,1477
chr4,3710019,3712469,NO,2450
chr3,184892883,184893898,NO,1015
chr12,8828534,8834682,NO,6148
chr12,51019900,51022069,NO,2169
chrX,12908559,12909469,NO,910
chr5,92413981,92415272,NO,1291
chr5,148990302,148997754,NO,7452
chr2,205317319,205319155,NO,1836
chr3,7349213,7351844,NO,2631
chr3,74662661,74664136,NO,1475
chr8,80669417,80678185,NO,8768
chr13,78407171,78410893,NO,3722
chr6,35635272,35636310,NO,1038
chr17,41080437,41081544,NO,1107
chr1,168889702,168891083,NO,1381
chr12,76552109,76553224,NO,1115
chr2,109228528,109229609,NO,1081
chr19,32589209,32590577,NO,1368
chr3,101655408,101656241,NO,833
chr1,111050360,111051582,NO,1222
chr5,130975480,130976724,NO,1244
chr3,172574436,172575767,NO,1331
chr16,27714560,27715875,NO,1315
chr2,113568901,113570232,NO,1331
chr8,29595069,29596134,NO,1065
chr7,101376721,101377537,NO,816
chr15,27455006,27455992,NO,986
chr11,8304770,8306004,NO,1234
chr5,174269962,174271191,NO,1229
chr2,204761579,204774626,NO,13047
chr4,103481557,103483016,NO,1459
chr15,101908086,101909518,NO,1432
chr16,19815708,19816840,NO,1132
chr1,203738588,203741404,NO,2816
chr13,27542006,27544019,NO,2013
chr10,35853068,35854264,NO,1196
chr17,71662631,71663980,NO,1349
chr12,31805692,31806776,NO,1084
chr8,141537122,141538228,NO,1106
chrX,49045609,49046750,NO,1141
chrX,18359110,18359666,NO,556
chr9,79229981,79230599,NO,618
chr2,219670251,219671714,NO,1463
chr7,44789817,44791241,NO,1424
chr10,120629740,120630897,NO,1157
chr21,36340492,36341782,NO,1290
chr6,36171824,36179521,NO,7697
chr1,208408993,208410108,NO,1115
chr1,63155388,63156935,NO,1547
chr14,52372180,52373104,NO,924
chr3,189790875,189791854,NO,979
chr1,89983816,89984836,NO,1020
chr8,28515213,28516122,NO,909
chr22,42092776,42094048,NO,1272
chr6,140203015,140204938,NO,1923
chr7,70794013,70794985,NO,972
chr16,67577669,67579281,NO,1612
chr16,81616201,81617684,NO,1483
chr16,2210592,2211880,NO,1288
chr4,12119893,12125896,NO,6003
chr9,82316456,82317479,NO,1023
chr4,111285457,111286581,NO,1124
chr9,107668528,107669965,NO,1437
chr13,60105201,60106249,NO,1048
chr7,37122426,37123889,NO,1463
chr15,40744319,40746884,NO,2565
chr2,20706141,20707559,NO,1418
chr9,109683199,109684426,NO,1227
chr19,20794446,20796169,NO,1723
chr22,39728282,39729254,NO,972
chr8,857363,859045,NO,1682
chr3,59695439,59696542,NO,1103
chr8,61431351,61438444,NO,7093
chr12,46917212,46927989,NO,10777
chr3,143021123,143022372,NO,1249
chr11,33085456,33086531,NO,1075
chr3,105546793,105555857,NO,9064
chr17,72595093,72596297,NO,1204
chrX,7050727,7051789,NO,1062
chr3,47123723,47125880,NO,2157
chr9,2816277,2818478,NO,2201
chr8,81838475,81839271,NO,796
chr6,149021858,149022731,NO,873
chr1,19455247,19456423,NO,1176
chr8,30660541,30662310,NO,1769
chr22,21239453,21240615,NO,1162
chr13,27557180,27566252,NO,9072
chr9,96409061,96412913,NO,3852
chr7,158589098,158590218,NO,1120
chr14,81806601,81807956,NO,1355
chr7,38698112,38699740,NO,1628
chr2,70344920,70345700,NO,780
chr7,94020729,94022147,NO,1418
chr14,91143749,91149317,NO,5568
chr15,70897693,70898778,NO,1085
chr16,30855938,30857003,NO,1065
chr15,65129312,65130212,NO,900
chr1,48514922,48516852,NO,1930
chr7,55000761,55001489,NO,728
chr9,19441196,19442157,NO,961
chr3,71259209,71260370,NO,1161
chr6,138111249,138112590,NO,1341
chr13,33310831,33311864,NO,1033
chr15,61229246,61230236,NO,990
chr5,88753070,88754567,NO,1497
chr10,57390394,57391592,NO,1198
chr3,196500319,196502267,NO,1948
chr12,56987510,56988487,NO,977
chr4,124426307,124427409,NO,1102
chr7,151063077,151064124,NO,1047
chr5,36237617,36240306,NO,2689
chrX,102929251,102930366,NO,1115
chr19,49091901,49092838,NO,937
chr9,72596104,72597577,NO,1473
chr1,27563488,27568162,NO,4674
chr20,22603565,22604491,NO,926
chr1,110573009,110574344,NO,1335
chr7,33484270,33488190,NO,3920
chr11,109618101,109619472,NO,1371
chr3,53707703,53709587,NO,1884
chrX,109330138,109331937,NO,1799
chr1,193509091,193510589,NO,1498
chr3,114957607,114959112,NO,1505
chr18,61111873,61112724,NO,851
chr8,21715441,21716659,NO,1218
chr12,8605210,8606293,NO,1083
chr2,3054686,3061310,NO,6624
chr19,49981614,49982558,NO,944
chr10,52337318,52338281,NO,963
chr1,229991576,229992552,NO,976
chr10,132687045,132688792,NO,1747
chr1,209117937,209119345,NO,1408
chr2,949454,950598,NO,1144
chr1,203712925,203724164,NO,11239
chr2,128598892,128599547,NO,655
chr10,99276959,99278548,NO,1589
chr2,151444096,151445554,NO,1458
chr4,108661561,108663033,NO,1472
chr9,136305430,136306778,NO,1348
chr16,4069236,4069922,NO,686
chr5,54391999,54392986,NO,987
chr10,34367780,34368470,NO,690
chr3,191274896,191276126,NO,1230
chr11,13695439,13702552,NO,7113
chr10,30138156,30138908,NO,752
chr9,127726545,127728154,NO,1609
chr18,25739065,25740595,NO,1530
chr16,75766679,75768185,NO,1506
chr3,129655324,129656371,NO,1047
chr4,68311628,68311987,NO,359
chr5,63805044,63806431,NO,1387
chr6,109244644,109245777,NO,1133
chr15,26808134,26809012,NO,878
chr7,36903571,36904832,NO,1261
chr5,143567402,143570147,NO,2745
chr12,10547536,10548922,NO,1386
chr7,57395380,57397186,NO,1806
chr19,6412410,6413819,NO,1409
chr3,129977302,129978939,NO,1637
chr21,34703987,34712974,NO,8987
chr4,122103261,122104185,NO,924
chr12,95211746,95225657,NO,13911
chr15,68992854,68997687,NO,4833
chr11,95183723,95184882,NO,1159
chr11,129193720,129194897,NO,1177
chr8,126671107,126672431,NO,1324
chr9,128521128,128522524,NO,1396
chr17,17920642,17936021,NO,15379
chr8,49701133,49702178,NO,1045
chr11,64152804,64174508,NO,21704
chr4,124475967,124477253,NO,1286
chr19,19150255,19151659,NO,1404
chr6,1515222,1515883,NO,661
chr2,74175389,74177132,NO,1743
chr19,17790358,17791654,NO,1296
chr4,15234517,15235585,NO,1068
chr18,3177639,3178684,NO,1045
chr14,53680719,53684850,NO,4131
chr17,64631084,64632964,NO,1880
chr3,122767359,122768351,NO,992
chr4,86578612,86580487,NO,1875
chr3,160519014,160520457,NO,1443
chr1,230462343,230463635,NO,1292
chr11,14926335,14927535,NO,1200
chr7,130600102,130601410,NO,1308
chr19,36257661,36258834,NO,1173
chr12,56153024,56154230,NO,1206
chr6,146186408,146188176,NO,1768
chr11,46409349,46410493,NO,1144
chr17,33816824,33824109,NO,7285
chr9,66486050,66487166,NO,1116
chr3,30272572,30273924,NO,1352
chr9,2559174,2560559,NO,1385
chr14,55066637,55074080,NO,7443
chr9,123921686,123923321,NO,1635
chr20,40604030,40605141,NO,1111
chr2,161149820,161170065,NO,20245
chr3,81791654,81793353,NO,1699
chr1,74058666,74059869,NO,1203
chr14,97249671,97251132,NO,1461
chr7,40591272,40592373,NO,1101
chr1,59406902,59408763,NO,1861
chr4,126303499,126312166,NO,8667
chr6,157881540,157886179,NO,4639
chr1,2904541,2905778,NO,1237
chr7,68663909,68664997,NO,1088
chr10,44539845,44541231,NO,1386
chr1,244377244,244388540,NO,11296
chr1,204332162,204333225,NO,1063
chr10,43038880,43039971,NO,1091
chr18,25618945,25621774,NO,2829
chr17,11828104,11829393,NO,1289
chr9,546239,552511,NO,6272
chr9,130604859,130605921,NO,1062
chr17,7316172,7317518,NO,1346
chr12,112229045,112230353,NO,1308
chr16,89775827,89777360,NO,1533
chr1,216958580,216959020,NO,440
chr8,142317851,142318637,NO,786
chr7,142997771,142999200,NO,1429
chr3,185927226,185928584,NO,1358
chr11,110233569,110234611,NO,1042
chr11,44937380,44938709,NO,1329
chr1,61007681,61009020,NO,1339
chr7,152156418,152157514,NO,1096
chr8,54605177,54606063,NO,886
chr13,72198652,72199433,NO,781
chr22,41160283,41167246,NO,6963
chr12,21984118,21985007,NO,889
chr2,223313189,223314289,NO,1100
chr7,46607703,46609063,NO,1360
chr5,9156323,9157834,NO,1511
chr3,140960809,140962287,NO,1478
chr10,13200145,13200867,NO,722
chr9,115170293,115171289,NO,996
chr7,134451164,134452526,NO,1362
chr20,33113048,33114409,NO,1361
chr8,121139241,121140551,NO,1310
chr7,372736,373670,NO,934
chr6,125684216,125685178,NO,962
chr4,140793304,140794934,NO,1630
chr2,70330457,70331264,NO,807
chrX,147691056,147692023,NO,967
chr7,129665707,129666663,NO,956
chr13,113792963,113794072,NO,1109
chr15,80970509,80971363,NO,854
chr3,99614407,99620002,NO,5595
chr21,28742323,28743435,NO,1112
chr19,47119760,47121171,NO,1411
chr9,99160905,99176543,NO,15638
chr13,30497569,30498923,NO,1354
chr15,48604303,48605910,NO,1607
chr12,110301596,110303166,NO,1570
chr5,111858906,111860478,NO,1572
chr12,31082883,31084149,NO,1266
chr6,112293884,112295106,NO,1222
chr1,157694071,157696230,NO,2159
chr8,38508022,38508977,NO,955
chr2,33663894,33665254,NO,1360
chr9,71700607,71701630,NO,1023
chr5,41193110,41195827,NO,2717
chr7,100147248,100148600,NO,1352
chr7,149448080,149449237,NO,1157
chr7,148868879,148870077,NO,1198
chr19,1232236,1233544,NO,1308
chr11,65318306,65319882,NO,1576
chr7,131187266,131188811,NO,1545
chr10,77370664,77372069,NO,1405
chr6,36325622,36326890,NO,1268
chr19,47241810,47243280,NO,1470
chr1,246037980,246038939,NO,959
chr6,33128899,33130017,NO,1118
chr10,105742966,105743861,NO,895
chr2,27242420,27243251,NO,831
chr3,50351521,50352951,NO,1430
chr16,78610884,78611927,NO,1043
chr5,148602925,148608818,NO,5893
chr2,235055006,235055711,NO,705
chr7,70146658,70160220,NO,13562
chr7,141373735,141375361,NO,1626
chr2,237656657,237657989,NO,1332
chr4,169306481,169307442,NO,961
chr6,58501955,58503804,NO,1849
chr3,134261987,134263991,NO,2004
chr2,30912317,30913661,NO,1344
chr14,71167025,71180802,NO,13777
chr3,185016844,185018506,NO,1662
chr2,72441519,72442559,NO,1040
chr19,15225403,15226769,NO,1366
chr1,142618665,142619358,NO,693
chr10,112431735,112432576,NO,841
chr19,19216121,19217247,NO,1126
chr3,156304464,156305700,NO,1236
chr5,17020654,17022075,NO,1421
chr8,29441292,29442211,NO,919
chr11,71277629,71278653,NO,1024
chr2,225645444,225646568,NO,1124
chr1,52132137,52133054,NO,917
chr1,7819976,7821154,NO,1178
chr8,30788572,30790482,NO,1910
chr17,74323469,74324482,NO,1013
chr12,124226454,124228052,NO,1598
chr1,177243527,177244695,NO,1168
chr19,52271962,52273298,NO,1336
chr21,28761436,28762841,NO,1405
chr7,112124525,112125507,NO,982
chr16,56135562,56136827,NO,1265
chr9,91320928,91322096,NO,1168
chr2,205993769,206005181,NO,11412
chr19,56028297,56029087,NO,790
chrX,147729005,147729891,NO,886
chr7,44100869,44102650,NO,1781
chr1,167266485,167267354,NO,869
chr22,39468377,39469421,NO,1044
chr19,42749817,42751435,NO,1618
chr1,212261394,212262286,NO,892
chr4,26902369,26909856,NO,7487
chr19,43001684,43002943,NO,1259
chr7,55538316,55539853,NO,1537
chr6,110360742,110361766,NO,1024
chr11,1503568,1505041,NO,1473
chr1,156585742,156594678,NO,8936
chr19,16628799,16630261,NO,1462
chr14,53427174,53428115,NO,941
chr7,87502586,87503487,NO,901
chr13,36737237,36738287,NO,1050
chr20,48701931,48703004,NO,1073
chr9,115656370,115657615,NO,1245
chr6,11630410,11631945,NO,1535
chr5,172124041,172124880,NO,839
chr10,90923026,90923999,NO,973
chr20,32070200,32071284,NO,1084
chr2,153300422,153301817,NO,1395
chr14,60190714,60192079,NO,1365
chr20,43321385,43332345,NO,10960
chr16,2189936,2191007,NO,1071
chr9,111547028,111549375,NO,2347
chrX,11767658,11769146,NO,1488
chr2,83413203,83414887,NO,1684
chr1,47973277,47974582,NO,1305
chr1,87287363,87299776,NO,12413
chr17,2009370,2010322,NO,952
chr18,71992909,71994142,NO,1233
chr3,170671391,170671980,NO,589
chr18,7822385,7823464,NO,1079
chr14,102860519,102861700,NO,1181
chr10,15193837,15194948,NO,1111
chr15,58920619,58921178,NO,559
chr3,124685487,124687084,NO,1597
chr17,18621572,18623257,NO,1685
chr2,23626479,23628003,NO,1524
chr19,2888471,2889305,NO,834
chr6,164490056,164491045,NO,989
chr2,173344670,173346039,NO,1369
chr19,18395288,18396210,NO,922
chr6,88465618,88467143,NO,1525
chr17,43448775,43449802,NO,1027
chr8,121165333,121167145,NO,1812
chr3,160414005,160416692,NO,2687
chr6,104674952,104676626,NO,1674
chr8,48540084,48546353,NO,6269
chr10,79825334,79826858,NO,1524
chr9,5577977,5587087,NO,9110
chr18,20774149,20775394,NO,1245
chr1,27906072,27907245,NO,1173
chr16,87734517,87735990,NO,1473
chr2,231917111,231918213,NO,1102
chr5,152895993,152897263,NO,1270
chr4,83612825,83613711,NO,886
chr4,154036190,154037628,NO,1438
chr3,123336906,123338462,NO,1556
chr9,130627053,130627973,NO,920
chr1,221339648,221341206,NO,1558
chr17,72827686,72837978,NO,10292
chr9,79292148,79293225,NO,1077
chr8,119303187,119304522,NO,1335
chr1,229461630,229462545,NO,915
chr17,77048206,77049245,NO,1039
chr15,82206601,82207838,NO,1237
chr1,19175423,19176671,NO,1248
chr4,39448132,39449129,NO,997
chr19,53138494,53139796,NO,1302
chr10,52363804,52365630,NO,1826
chr16,84448145,84450469,NO,2324
chrX,68372516,68373411,NO,895
chr17,46616629,46617911,NO,1282
chr3,32086682,32087828,NO,1146
chr6,32834614,32835781,NO,1167
chr10,28999593,29019791,NO,20198
chr13,50413946,50415167,NO,1221
chr18,13308989,13310243,NO,1254
chr1,3420347,3421679,NO,1332
chr1,8136713,8137867,NO,1154
chr10,101926917,101928346,NO,1429
chr2,223858555,223859456,NO,901
chr11,10372845,10374138,NO,1293
chr5,90764915,90765960,NO,1045
chr8,133780291,133781402,NO,1111
chr12,70991699,70992594,NO,895
chr19,16112496,16113676,NO,1180
chr11,118641560,118642917,NO,1357
chr14,98442392,98443688,NO,1296
chr16,27210935,27211822,NO,887
chr17,19574241,19576037,NO,1796
chr13,99698245,99699275,NO,1030
chr2,71857109,71858322,NO,1213
chr13,72715916,72717009,NO,1093
chr19,34005710,34006871,NO,1161
chr1,24917848,24919031,NO,1183
chr9,136754797,136755835,NO,1038
chr3,14962044,14962977,NO,933
chr12,49977052,49978087,NO,1035
chr11,36509353,36510302,NO,949
chr3,127794092,127795171,NO,1079
chr1,229615356,229617017,NO,1661
chr11,68822983,68824068,NO,1085
chrX,133678399,133679383,NO,984
chr14,98190349,98191248,NO,899
chr3,105471461,105472138,NO,677
chr7,46213412,46214313,NO,901
chr7,158860562,158861989,NO,1427
chr8,143678653,143691010,NO,12357
chr19,14181005,14181595,NO,590
chr18,14450250,14451023,NO,773
chr13,76209630,76211053,NO,1423
chr7,12296813,12298001,NO,1188
chr1,61455325,61456500,NO,1175
chr1,222945178,222946492,NO,1314
chr6,12490563,12491939,NO,1376
chr6,114126521,114131283,NO,4762
chr1,177846201,177849096,NO,2895
chr1,244300616,244301989,NO,1373
chr7,69289434,69290858,NO,1424
chr16,19221973,19223046,NO,1073
chr5,54826220,54826948,NO,728
chr2,238223405,238224586,NO,1181
chr16,28022237,28023447,NO,1210
chr2,159902942,159904044,NO,1102
chr19,43057578,43060354,NO,2776
chr16,4683821,4685232,NO,1411
chr20,58559617,58560587,NO,970
chr17,48787351,48790618,NO,3267
chr5,124820291,124821181,NO,890
chr1,200271058,200272067,NO,1009
chr1,226107159,226108388,NO,1229
chr7,39579470,39581523,NO,2053
chr8,54435889,54437385,NO,1496
chr6,33150524,33151680,NO,1156
chr10,123887262,123908989,NO,21727
chr1,171623921,171625068,NO,1147
chr4,143250002,143252932,NO,2930
chr5,169397581,169398737,NO,1156
chr21,46420310,46421396,NO,1086
chr22,39495122,39495996,NO,874
chr17,58151009,58152103,NO,1094
chr10,82311366,82312649,NO,1283
chrX,2347979,2349085,NO,1106
chr17,68133304,68134286,NO,982
chr1,58898152,58899225,NO,1073
chr3,87320032,87320912,NO,880
chr17,21022553,21023462,NO,909
chr17,14507711,14509057,NO,1346
chr4,77928091,77929639,NO,1548
chr8,134628819,134629874,NO,1055
chr3,189999087,190000025,NO,938
chr3,169872402,169873218,NO,816
chr13,35458559,35459684,NO,1125
chr3,194014459,194015512,NO,1053
chr7,106089334,106090273,NO,939
chr6,117868949,117870694,NO,1745
chr17,35474723,35476174,NO,1451
chr7,76434206,76435970,NO,1764
chr16,86376632,86377825,NO,1193
chr10,112305193,112306759,NO,1566
chr11,103570606,103572396,NO,1790
chr14,62356022,62357145,NO,1123
chr11,27489842,27491273,NO,1431
chr22,45831097,45831836,NO,739
chr1,9652936,9654153,NO,1217
chr21,44614800,44615988,NO,1188
chr11,657486,659005,NO,1519
chr3,113548754,113550055,NO,1301
chr8,41058602,41059957,NO,1355
chr4,164313260,164317478,NO,4218
chr3,193923408,193924481,NO,1073
chr5,81246447,81247629,NO,1182
chr5,14269353,14270639,NO,1286
chr16,89734605,89735560,NO,955
chr17,15493105,15494649,NO,1544
chrX,39586071,39596072,NO,10001
chr2,232092032,232092967,NO,935
chrX,40244196,40245261,NO,1065
chr17,66958803,66959612,NO,809
chr11,68695066,68696315,NO,1249
chr20,32953410,32954442,NO,1032
chr1,171189473,171191320,NO,1847
chr19,11159411,11160569,NO,1158
chr2,242118466,242119457,NO,991
chr1,155043073,155044221,NO,1148
chr19,46459497,46460296,NO,799
chr21,16730263,16732115,NO,1852
chr15,27741265,27742538,NO,1273
chr17,26209192,26216442,NO,7250
chr7,27912903,27914361,NO,1458
chr1,40005927,40007731,NO,1804
chr1,15539859,15541449,NO,1590
chr4,22239383,22240378,NO,995
chr20,52389803,52391630,NO,1827
chr8,127938280,127939664,NO,1384
chr20,33839344,33840735,NO,1391
chr3,58420720,58422078,NO,1358
chr2,113974593,113975976,NO,1383
chr15,44491089,44491926,NO,837
chr6,15084934,15091929,NO,6995
chr4,43050630,43051820,NO,1190
chr1,23728794,23730867,NO,2073
chr5,136589047,136590653,NO,1606
chr12,125576914,125578281,NO,1367
chr6,57897956,57899806,NO,1850
chr19,20368371,20368701,NO,330
chr2,242027554,242029035,NO,1481
chr9,95765912,95766766,NO,854
chr1,175012958,175015040,NO,2082
chr1,226084463,226085485,NO,1022
chr1,151103419,151104373,NO,954
chrX,76307591,76308529,NO,938
chr12,41614655,41615993,NO,1338
chr6,13811166,13812655,NO,1489
chr17,19994295,19995462,NO,1167
chr1,3752588,3753469,NO,881
chr2,191442693,191443974,NO,1281
chr2,9878777,9880190,NO,1413
chr8,141801001,141802660,NO,1659
chr6,34832322,34834027,NO,1705
chr1,61818093,61819177,NO,1084
chr1,62045215,62057942,NO,12727
chr5,148826672,148827685,NO,1013
chr3,106982174,106983027,NO,853
chr5,114969838,114970702,NO,864
chr1,115906415,115907976,NO,1561
chr7,102335704,102336956,NO,1252
chrX,53144491,53145817,NO,1326
chr1,15696863,15697890,NO,1027
chr7,45243198,45251660,NO,8462
chr5,60961521,60962653,NO,1132
chr17,60688999,60690157,NO,1158
chr9,4889947,4902422,NO,12475
chr12,62264360,62265733,NO,1373
chr3,58086774,58087945,NO,1171
chr12,60892585,60893715,NO,1130
chr10,95775144,95778356,NO,3212
chr20,3881558,3883194,NO,1636
chr11,18611617,18612912,NO,1295
chr1,233101213,233111611,NO,10398
chr2,61219933,61220723,NO,790
chr8,102017859,102018945,NO,1086
chr11,133678742,133693758,NO,15016
chr3,188816971,188818415,NO,1444
chr17,25929493,25937572,NO,8079
chr8,104090580,104091708,NO,1128
chr2,37606933,37618258,NO,11325
chr12,41598869,41599980,NO,1111
chr3,177359848,177360895,NO,1047
chrX,149935063,149936410,NO,1347
chr8,41272796,41274091,NO,1295
chr4,49570204,49571314,NO,1110
chr6,149353064,149354214,NO,1150
chr1,214078407,214079305,NO,898
chr2,74517199,74518579,NO,1380
chr19,33867587,33868428,NO,841
chr17,1658491,1659663,NO,1172
chr5,140380824,140382158,NO,1334
chr17,38431408,38432507,NO,1099
chr8,90899260,90900938,NO,1678
chrX,71996764,71997842,NO,1078
chr5,55760619,55762143,NO,1524
chr2,3360045,3361298,NO,1253
chr6,35353384,35361293,NO,7909
chr3,42571004,42571977,NO,973
chrX,149252400,149253768,NO,1368
chr17,36880483,36882093,NO,1610
chr20,47717179,47718486,NO,1307
chr6,91571518,91572561,NO,1043
chr2,102422904,102423778,NO,874
chr8,28799048,28801363,NO,2315
chr7,128808643,128809838,NO,1195
chr14,33062782,33064849,NO,2067
chr19,45519672,45520770,NO,1098
chr3,113871182,113872088,NO,906
chr12,122417739,122419155,NO,1416
chr3,72869821,72870932,NO,1111
chr6,140382685,140384577,NO,1892
chr4,86682774,86684004,NO,1230
chr15,31324736,31326161,NO,1425
chr1,12585555,12601759,NO,16204
chr12,12735028,12738805,NO,3777
chr12,34278799,34279881,NO,1082
chr14,67735131,67737281,NO,2150
chr13,24000996,24002208,NO,1212
chr19,12163009,12163980,NO,971
chr1,26420888,26422020,NO,1132
chr12,10019273,10020094,NO,821
chr7,29217371,29218380,NO,1009
chr20,50530736,50531883,NO,1147
chr2,85484419,85485736,NO,1317
chrX,48929156,48930628,NO,1472
chr6,31493463,31494473,NO,1010
chr17,53508096,53515222,NO,7126
chr1,89339316,89340426,NO,1110
chr20,10944470,10946379,NO,1909
chr3,186071584,186072954,NO,1370
chr4,42629821,42630964,NO,1143
chr16,23086035,23091648,NO,5613
chr6,28696270,28697230,NO,960
chr1,36845527,36847102,NO,1575
chr12,27900669,27902026,NO,1357
chr20,1102477,1103883,NO,1406
chr13,100752132,100753228,NO,1096
chr4,141905586,141915409,NO,9823
chr7,149745767,149746806,NO,1039
chr6,6386574,6391833,NO,5259
chrX,146457808,146459107,NO,1299
chr16,67482523,67483942,NO,1419
chr7,43116685,43117743,NO,1058
chr19,18532842,18534111,NO,1269
chrX,146982784,146983661,NO,877
chr12,69869009,69870325,NO,1316
chr4,124897464,124908944,NO,11480
chr8,81665089,81666658,NO,1569
chr16,2559384,2560741,NO,1357
chr19,1029440,1030457,NO,1017
chr5,127276591,127277944,NO,1353
chr1,214612518,214613613,NO,1095
chr3,193109412,193110536,NO,1124
chr2,173795870,173796738,NO,868
chr1,155220127,155221196,NO,1069
chrX,109074420,109084420,NO,10000
chr7,77614447,77616311,NO,1864
chr6,22883199,22884611,NO,1412
chr15,68967144,68968152,NO,1008
chr8,142014909,142015956,NO,1047
chr13,107361622,107362950,NO,1328
chr3,51061806,51063453,NO,1647
chr2,85009183,85010192,NO,1009
chr14,90952913,90954015,NO,1102
chr21,22571553,22573868,NO,2315
chr1,210516309,210517337,NO,1028
chr8,38186733,38187671,NO,938
chrX,149904353,149905545,NO,1192
chr11,129919536,129921283,NO,1747
chr7,76803640,76804889,NO,1249
chr8,140988087,140989418,NO,1331
chr10,125939037,125940379,NO,1342
chr10,84701656,84703510,NO,1854
chr2,231337337,231338575,NO,1238
chr19,47244499,47245773,NO,1274
chr11,81580280,81581653,NO,1373
chr17,62359551,62360436,NO,885
chr3,30395623,30396798,NO,1175
chr12,46380090,46381268,NO,1178
chr2,32487016,32487994,NO,978
chr17,30216172,30217443,NO,1271
chr2,109780670,109788742,NO,8072
chr1,51640500,51641342,NO,842
chr4,143941332,143942584,NO,1252
chr18,9435901,9437570,NO,1669
chr8,16461292,16462419,NO,1127
chr5,148822227,148822974,NO,747
chr1,220473509,220474611,NO,1102
chr19,8381253,8382426,NO,1173
chr8,29732026,29732786,NO,760
chr22,45888819,45890121,NO,1302
chr14,59000048,59002093,NO,2045
chr6,17591612,17592332,NO,720
chr2,23573869,23575160,NO,1291
chr1,146555633,146556977,NO,1344
chr7,139615794,139617047,NO,1253
chr18,13614548,13615573,NO,1025
chr5,174947653,174948858,NO,1205
chr1,154883651,154885058,NO,1407
chr9,130887311,130888478,NO,1167
chr1,88149636,88150610,NO,974
chr8,81639330,81640262,NO,932
chr16,81807800,81809237,NO,1437
chr2,28497460,28498680,NO,1220
chr3,159429336,159430266,NO,930
chr6,110061989,110062857,NO,868
chr20,8628172,8629235,NO,1063
chr3,136262316,136263513,NO,1197
chr11,44028408,44029625,NO,1217
chr3,28958160,28958904,NO,744
chr15,91438259,91439578,NO,1319
chr3,76109774,76111392,NO,1618
chr12,26470742,26472038,NO,1296
chr18,3037386,3042621,NO,5235
chr18,60742057,60742725,NO,668
chr3,49334001,49335118,NO,1117
chr9,2663279,2664470,NO,1191
chr4,185234785,185236091,NO,1306
chr19,8376231,8377368,NO,1137
chrX,102878940,102880364,NO,1424
chr12,68023493,68024774,NO,1281
chr17,45959092,45960437,NO,1345
chr9,130502170,130503082,NO,912
chr21,44333143,44334153,NO,1010
chr1,207378440,207379235,NO,795
chrX,135792592,135798191,NO,5599
chr21,15939710,15940370,NO,660
chr17,17179094,17180077,NO,983
chr7,6201651,6202754,NO,1103
chr15,68206947,68208525,NO,1578
chr1,83808312,83810082,NO,1770
chr19,16022181,16022949,NO,768
chr3,185347407,185348555,NO,1148
chr14,78180968,78182140,NO,1172
chr6,169474612,169476090,NO,1478
chr18,47833801,47835062,NO,1261
chr11,9876633,9877793,NO,1160
chr19,3145625,3146675,NO,1050
chr4,89241494,89242522,NO,1028
chr3,191874757,191888554,NO,13797
chr13,69558924,69559631,NO,707
chr11,61239424,61240688,NO,1264
chrX,149817416,149817977,NO,561
chr4,122632494,122633497,NO,1003
chr10,29492612,29493971,NO,1359
chr8,97934491,97939968,NO,5477
chr11,107692082,107693096,NO,1014
chrX,117886449,117890694,NO,4245
chr11,127909115,127910066,NO,951
chr7,143107493,143108430,NO,937
chr4,79671388,79672410,NO,1022
chr2,89036752,89037914,NO,1162
chr12,5310142,5311515,NO,1373
chr3,42652473,42653755,NO,1282
chr1,159721221,159722155,NO,934
chr9,134375604,134377091,NO,1487
chr12,96471519,96472860,NO,1341
chr1,39024323,39025623,NO,1300
chr9,133699647,133700834,NO,1187
chr7,22820894,22821908,NO,1014
chr16,72884701,72893219,NO,8518
chr4,40504221,40505674,NO,1453
chr19,9517241,9518289,NO,1048
chrX,152157012,152158198,NO,1186
chr9,71103053,71104238,NO,1185
chr2,107179218,107193803,NO,14585
chr20,32803473,32804256,NO,783
chr1,15059314,15060881,NO,1567
chr8,55436966,55437965,NO,999
chr5,127295309,127296532,NO,1223
chr19,15625395,15626329,NO,934
chr17,77034261,77035469,NO,1208
chr1,203122347,203123699,NO,1352
chr1,193417732,193418738,NO,1006
chrX,109403823,109404747,NO,924
chr20,62396327,62397647,NO,1320
chr8,128003376,128011533,NO,8157
chr11,65447485,65448697,NO,1212
chr17,28994716,28995612,NO,896
chr1,209862272,209870539,NO,8267
chr4,26219929,26220853,NO,924
chr2,207275251,207275877,NO,626
chr3,45688640,45689592,NO,952
chr8,96063591,96065014,NO,1423
chr1,40298901,40312095,NO,13194
chr22,30017678,30020216,NO,2538
chr10,77112129,77113234,NO,1105
chr12,12491125,12492397,NO,1272
chr12,65012817,65013806,NO,989
chr6,11731518,11745151,NO,13633
chr6,169663202,169664211,NO,1009
chr20,56145033,56158594,NO,13561
chr1,6389608,6390892,NO,1284
chr10,75406848,75407984,NO,1136
chr14,53477268,53478580,NO,1312
chr21,36444707,36445850,NO,1143
chr14,22392213,22393037,NO,824
chr1,204095678,204096796,NO,1118
chr5,40258129,40258822,NO,693
chr6,53348539,53349640,NO,1101
chr7,121078322,121081423,NO,3101
chr6,5506617,5508206,NO,1589
chr3,53649920,53658928,NO,9008
chr18,34020845,34021901,NO,1056
chr9,119233309,119247014,NO,13705
chr10,71952048,71953109,NO,1061
chr8,42387568,42393917,NO,6349
chr15,83780854,83782323,NO,1469
chr11,46388366,46389598,NO,1232
chr9,137015735,137016722,NO,987
chr7,75778986,75779688,NO,702
chrX,48571305,48572625,NO,1320
chr2,163117775,163118575,NO,800
chr7,10515921,10516516,NO,595
chr1,16746850,16748174,NO,1324
chr15,99173324,99175356,NO,2032
chr15,78568521,78570385,NO,1864
chr22,22239895,22240594,NO,699
chr12,53969363,53970472,NO,1109
chr1,243635128,243637389,NO,2261
chr15,53001662,53003032,NO,1370
chr8,38204947,38205929,NO,982
chr6,151791554,151804075,NO,12521
chr20,8131786,8142628,NO,10842
chr16,48351933,48353078,NO,1145
chr6,31500034,31501748,NO,1714
chr3,27707708,27708777,NO,1069
chr6,31650414,31651814,NO,1400
chr3,124276331,124278765,NO,2434
chr12,31839714,31840533,NO,819
chr14,32978553,32979496,NO,943
chr9,87489206,87490422,NO,1216
chr2,75743567,75744469,NO,902
chr2,48723758,48736206,NO,12448
chr6,21986951,21988403,NO,1452
chr15,96212132,96212927,NO,795
chr6,152084521,152085786,NO,1265
chr9,117751332,117758787,NO,7455
chr1,9846808,9848439,NO,1631
chr16,20941694,20943216,NO,1522
chr7,129517011,129518286,NO,1275
chr17,60801764,60802864,NO,1100
chr22,26143241,26156588,NO,13347
chr8,62624411,62625701,NO,1290
chr18,56324883,56326358,NO,1475
chr6,53057129,53058073,NO,944
chr13,98959473,98960861,NO,1388
chr17,78125805,78127103,NO,1298
chr7,135335589,135336443,NO,854
chr7,25005165,25006268,NO,1103
chr1,185641727,185643729,NO,2002
chr10,94549427,94550884,NO,1457
chr7,130070453,130071754,NO,1301
chr6,148271168,148272098,NO,930
chr4,183127254,183130193,NO,2939
chr19,47133791,47134888,NO,1097
chr17,76971856,76972948,NO,1092
chr8,26516569,26519529,NO,2960
chr12,3978394,3979489,NO,1095
chr22,25421416,25422431,NO,1015
chr13,98842968,98843728,NO,760
chr12,31925151,31926043,NO,892
chr20,44065283,44065886,NO,603
chr7,99895584,99896652,NO,1068
chr8,64627514,64628676,NO,1162
chr17,4667322,4668423,NO,1101
chr14,24577707,24578729,NO,1022
chr12,71018062,71021723,NO,3661
chr7,13972766,13973687,NO,921
chr8,22049677,22050667,NO,990
chr2,8723049,8724561,NO,1512
chr6,15340684,15342068,NO,1384
chr1,205461952,205463319,NO,1367
chr17,40993249,40994669,NO,1420
chr13,49109523,49117498,NO,7975
chr11,130327503,130328935,NO,1432
chr16,50779289,50781600,NO,2311
chr14,20925178,20926921,NO,1743
chr14,69545318,69546410,NO,1092
chr17,3977136,3978269,NO,1133
chrX,40811762,40824235,NO,12473
chr9,100771526,100773217,NO,1691
chr3,107380378,107381424,NO,1046
chr13,41898531,41899562,NO,1031
chr1,77980296,77981594,NO,1298
chr1,248069266,248070165,NO,899
chr6,108141524,108143241,NO,1717
chr1,78608400,78609480,NO,1080
chr17,36898000,36899196,NO,1196
chr3,14689947,14691110,NO,1163
chr15,91402496,91403509,NO,1013
chr15,53740322,53741232,NO,910
chr7,132036717,132037595,NO,878
chr2,122641672,122643016,NO,1344
chr5,152824947,152826245,NO,1298
chr14,24765483,24766778,NO,1295
chr3,4744260,4745541,NO,1281
chr7,40308731,40309579,NO,848
chr17,16289440,16290566,NO,1126
chr8,67351094,67352016,NO,922
chr5,168167165,168168161,NO,996
chr3,146224242,146225670,NO,1428
chr8,124720304,124721253,NO,949
chr2,162869879,162870915,NO,1036
chr1,107993900,107994765,NO,865
chr5,149311620,149312757,NO,1137
chr22,30710809,30712010,NO,1201
chr1,206328330,206329238,NO,908
chr1,6697544,6698984,NO,1440
chr4,56419172,56420258,NO,1086
chr17,71562932,71563973,NO,1041
chr21,25644328,25645528,NO,1200
chr16,66261873,66263020,NO,1147
chr12,15268880,15275897,NO,7017
chr11,112486707,112487738,NO,1031
chr3,159310967,159312502,NO,1535
chr17,37815341,37816632,NO,1291
chr1,166049844,166060124,NO,10280
chr3,12595344,12595963,NO,619
chr11,82870342,82871901,NO,1559
chr7,90092336,90093264,NO,928
chr13,30253167,30254380,NO,1213
chr13,20160662,20161940,NO,1278
chr9,135859109,135860139,NO,1030
chr10,6515842,6516593,NO,751
chr13,98081748,98082463,NO,715
chr16,20404712,20406030,NO,1318
chr14,100906102,100907175,NO,1073
chr5,123940785,123941868,NO,1083
chr2,143827881,143828849,NO,968
chr20,5172314,5173888,NO,1574
chr1,196701704,196703100,NO,1396
chr2,127933756,127935017,NO,1261
chr1,231188917,231190134,NO,1217
chr17,34392889,34394138,NO,1249
chr6,235794,236747,NO,953
chr21,27432982,27443937,NO,10955
chr8,97632339,97633692,NO,1353
chr11,3034916,3044339,NO,9423
chr2,223607841,223608928,NO,1087
chr4,26259123,26260399,NO,1276
chr1,23726877,23727908,NO,1031
chr3,13152199,13153287,NO,1088
chr6,151108683,151110125,NO,1442
chr14,105029668,105030799,NO,1131
chr13,42188189,42189285,NO,1096
chr12,94818352,94819179,NO,827
chr17,1491818,1492936,NO,1118
chr11,10587535,10588448,NO,913
chr13,61328197,61329273,NO,1076
chr5,171279368,171283381,NO,4013
chr7,771535,772473,NO,938
chr2,206619312,206620830,NO,1518
chr10,34061532,34062852,NO,1320
chr17,73860319,73861162,NO,843
chr10,85960371,85961472,NO,1101
chr7,28765496,28766648,NO,1152
chr18,8603871,8604791,NO,920
chr20,57622743,57623794,NO,1051
chr2,177021633,177022780,NO,1147
chr11,60130970,60132192,NO,1222
chr9,86908073,86908878,NO,805
chr1,172666385,172667551,NO,1166
chr14,72985430,72986277,NO,847
chr12,6887455,6888336,NO,881
chr7,110174016,110175097,NO,1081
chr14,24592248,24593511,NO,1263
chr1,60619733,60620845,NO,1112
chr9,99769397,99770614,NO,1217
chr7,157144978,157146221,NO,1243
chr2,38579175,38580232,NO,1057
chr4,88771852,88772911,NO,1059
chr22,44838338,44852169,NO,13831
chr11,128729127,128730415,NO,1288
chr11,58869190,58870148,NO,958
chr7,74337157,74338225,NO,1068
chr4,110469377,110470376,NO,999
chr2,42094211,42107372,NO,13161
chr3,187932082,187938811,NO,6729
chr4,152728019,152729057,NO,1038
chr22,37332092,37333523,NO,1431
chr15,28381317,28382068,NO,751
chr13,28622316,28623497,NO,1181
chr14,21530229,21531194,NO,965
chrX,38922472,38923359,NO,887
chr3,72551655,72552482,NO,827
chr17,72866614,72867867,NO,1253
chr9,116444537,116445524,NO,987
chr19,52184438,52185609,NO,1171
chr1,23709988,23711235,NO,1247
chr12,57673721,57674913,NO,1192
chr6,166188115,166188896,NO,781
chr14,62330845,62331675,NO,830
chr6,32015469,32016580,NO,1111
chr11,120483284,120484577,NO,1293
chr12,46802003,46803284,NO,1281
chr3,45735673,45736665,NO,992
chr8,33201780,33212212,NO,10432
chr1,41238945,41240313,NO,1368
chr5,148127943,148129423,NO,1480
chr4,99649165,99650426,NO,1261
chr4,82668376,82669253,NO,877
chr2,121296977,121298112,NO,1135
chr17,44694862,44696010,NO,1148
chr17,44477272,44478420,NO,1148
chr1,208250776,208263893,NO,13117
chr1,47271696,47273289,NO,1593
chr14,105481438,105482205,NO,767
chr5,38768472,38769459,NO,987
chr2,54251067,54257466,NO,6399
chr10,27069709,27071133,NO,1424
chr14,101308291,101309744,NO,1453
chr9,75057944,75059188,NO,1244
chr21,30006239,30006998,NO,759
chr4,42656324,42657456,NO,1132
chr5,135372055,135373395,NO,1340
chr13,97970868,97971993,NO,1125
chr7,29343998,29345063,NO,1065
chr1,185758727,185760073,NO,1346
chr3,187769385,187770524,NO,1139
chr10,99355816,99357113,NO,1297
chr7,5496873,5498050,NO,1177
chr12,28721925,28722973,NO,1048
chr17,1475260,1476056,NO,796
chr5,180587073,180587754,NO,681
chr6,149531535,149532445,NO,910
chr1,177540221,177542668,NO,2447
chr5,179279557,179280644,NO,1087
chr21,44309172,44310227,NO,1055
chr8,7251408,7252659,NO,1251
chr3,12521443,12522219,NO,776
chr14,53773295,53774310,NO,1015
chr1,64196986,64197724,NO,738
chr9,89622391,89623943,NO,1552
chr6,15299095,15300130,NO,1035
chr3,186130861,186132441,NO,1580
chr11,35027953,35035929,NO,7976
chr7,112521781,112522811,NO,1030
chr17,61551741,61552720,NO,979
chr3,186588581,186589627,NO,1046
chr3,66492581,66493813,NO,1232
chr8,101241028,101242329,NO,1301
chr5,39501717,39503186,NO,1469
chr7,100052094,100052968,NO,874
chr4,86516981,86517994,NO,1013
chr20,4645754,4647202,NO,1448
chr18,35239559,35249921,NO,10362
chr14,75439668,75448404,NO,8736
chr8,81034195,81035082,NO,887
chr9,97142141,97143352,NO,1211
chrX,46186430,46187635,NO,1205
chr1,37754605,37755726,NO,1121
chr19,14250522,14251372,NO,850
chr10,44373297,44375059,NO,1762
chrX,129157747,129158959,NO,1212
chr3,14802419,14803600,NO,1181
chr7,96108119,96108995,NO,876
chr18,56282193,56283377,NO,1184
chr11,65220125,65221002,NO,877
chr3,72262432,72277604,NO,15172
chr4,57569945,57570957,NO,1012
chr10,78435452,78436500,NO,1048
chr8,67042117,67055251,NO,13134
chr20,36472472,36473940,NO,1468
chr6,151202699,151203862,NO,1163
chrX,49032859,49033970,NO,1111
chr2,1230826,1231973,NO,1147
chr16,28583746,28584940,NO,1194
chr6,33273021,33274490,NO,1469
chr4,103655349,103656631,NO,1282
chr7,165994,166954,NO,960
chr12,19793815,19795260,NO,1445
chr13,32380661,32381914,NO,1253
chr2,121095749,121096888,NO,1139
chr8,95448562,95449703,NO,1141
chr17,48870085,48871058,NO,973
chr2,231034815,231035727,NO,912
chr11,68502314,68503638,NO,1324
chr4,156447758,156448532,NO,774
chr7,32658054,32659163,NO,1109
chr16,4732548,4733979,NO,1431
chr18,7324201,7325349,NO,1148
chr16,79123399,79128145,NO,4746
chr1,182694279,182695288,NO,1009
chr2,161560358,161561241,NO,883
chrX,150871456,150873129,NO,1673
chr9,113078957,113080555,NO,1598
chr18,6254646,6255707,NO,1061
chr22,19262604,19264128,NO,1524
chrX,100876018,100876756,NO,738
chr14,59948608,59949804,NO,1196
chr21,17054530,17055208,NO,678
chr2,208878147,208879100,NO,953
chr4,153164844,153165962,NO,1118
chr18,10926049,10927481,NO,1432
chr6,25070601,25071277,NO,676
chr17,37773765,37774892,NO,1127
chr11,85658125,85659398,NO,1273
chr3,319647,320564,NO,917
chr3,29182267,29183748,NO,1481
chr13,77596330,77599814,NO,3484
chr21,42502602,42503771,NO,1169
chr6,53305032,53306364,NO,1332
chr5,167860709,167862066,NO,1357
chr10,98207286,98208625,NO,1339
chr14,54810714,54816993,NO,6279
chr10,102086201,102087557,NO,1356
chr8,109400881,109402224,NO,1343
chr6,168052863,168054119,NO,1256
chr5,54332660,54334306,NO,1646
chr3,184355764,184357084,NO,1320
chrX,73642217,73643256,NO,1039
chr1,229714459,229715582,NO,1123
chr1,151917834,151918907,NO,1073
chr3,69285857,69286903,NO,1046
chr6,109119138,109120480,NO,1342
chr3,116754447,116756095,NO,1648
chr16,65867308,65868364,NO,1056
chr3,75690201,75691051,NO,850
chr15,73921188,73923582,NO,2394
chr1,68823274,68824694,NO,1420
chr17,30431135,30431789,NO,654
chr14,105499637,105500608,NO,971
chr13,71953221,71954100,NO,879
chrX,109351149,109352598,NO,1449
chr14,105896263,105897630,NO,1367
chr14,65346631,65347731,NO,1100
chr2,100727319,100730684,NO,3365
chr17,78396659,78397777,NO,1118
chr15,94749470,94750567,NO,1097
chr10,48572891,48574058,NO,1167
chr12,5597163,5598597,NO,1434
chr5,35479164,35479800,NO,636
chr9,82483268,82484606,NO,1338
chr7,44136420,44137724,NO,1304
chr5,50218539,50219837,NO,1298
chr8,54624859,54625387,NO,528
chr17,61908126,61909403,NO,1277
chr15,52843884,52844891,NO,1007
chr9,35638346,35639121,NO,775
chr20,3796327,3797288,NO,961
chr9,131783109,131784059,NO,950
chr7,117854105,117855082,NO,977
chr11,12884660,12885629,NO,969
chr22,33276711,33277757,NO,1046
chr6,32782524,32783339,NO,815
chr3,126163859,126164961,NO,1102
chr7,92052901,92054175,NO,1274
chr16,9221248,9222246,NO,998
chr6,90085116,90089552,NO,4436
chr7,87983798,87984589,NO,791
chr5,169230027,169231056,NO,1029
chr22,36137882,36139145,NO,1263
chr18,2882875,2884061,NO,1186
chr9,92194234,92195700,NO,1466
chr7,134571129,134572245,NO,1116
chr7,64700194,64713134,NO,12940
chr19,51713769,51714967,NO,1198
chr11,59427914,59428958,NO,1044
chr2,173152419,173153493,NO,1074
chr12,109297183,109298217,NO,1034
chr8,16043456,16044721,NO,1265
chr20,4613982,4615313,NO,1331
chr22,19564324,19567817,NO,3493
chr4,84502645,84503911,NO,1266
chr6,164817156,164818044,NO,888
chr18,72552562,72553572,NO,1010
chr8,96127577,96128468,NO,891
chr10,73868866,73869949,NO,1083
chr1,175218424,175219774,NO,1350
chr6,125518579,125519573,NO,994
chr15,52600684,52601984,NO,1300
chr9,116467922,116469151,NO,1229
chr6,132436279,132437402,NO,1123
chr7,147850464,147851548,NO,1084
chr1,184574304,184575433,NO,1129
chr9,80149116,80150281,NO,1165
chr12,5621138,5622133,NO,995
chr1,85158526,85159466,NO,940
chr11,85477339,85484718,NO,7379
chr17,16649755,16650232,NO,477
chr20,47846544,47847812,NO,1268
chr2,111779969,111781233,NO,1264
chr8,105373554,105374833,NO,1279
chr1,179555132,179556029,NO,897
chr19,8657167,8658172,NO,1005
chr7,17442388,17445799,NO,3411
chr14,65770051,65771165,NO,1114
chr11,8410640,8411801,NO,1161
chr2,223350031,223351107,NO,1076
chr19,36532363,36533639,NO,1276
chr3,72531431,72532313,NO,882
chr15,65943871,65945134,NO,1263
chr12,4713726,4714479,NO,753
chr1,38071405,38072573,NO,1168
chr8,7774292,7775540,NO,1248
chr12,106736069,106737356,NO,1287
chr4,130247838,130248881,NO,1043
chr14,61612251,61613227,NO,976
chrX,7027056,7028485,NO,1429
chr15,60897904,60898648,NO,744
chr2,20875751,20876751,NO,1000
chr10,101203919,101205043,NO,1124
chr1,226789989,226791363,NO,1374
chr13,101142841,101144218,NO,1377
chr3,37069741,37070857,NO,1116
chr16,29329657,29330560,NO,903
chr3,169292947,169293741,NO,794
chr5,126208006,126209397,NO,1391
chr2,75268878,75269838,NO,960
chr19,4327729,4329121,NO,1392
chr8,120710389,120711395,NO,1006
chr16,69960873,69961746,NO,873
chr13,49433354,49437073,NO,3719
chr3,156350758,156352348,NO,1590
chr5,86275552,86276458,NO,906
chr5,114505013,114505794,NO,781
chr7,51707976,51709197,NO,1221
chr1,235716226,235717594,NO,1368
chr1,2512801,2513823,NO,1022
chr3,38021362,38022474,NO,1112
chr17,38309717,38315146,NO,5429
chr14,103335087,103338188,NO,3101
chr8,103299247,103300219,NO,972
chr13,27977412,27978556,NO,1144
chr11,118269867,118270756,NO,889
chr4,186265373,186266745,NO,1372
chr11,10349676,10350739,NO,1063
chr9,115971334,115972673,NO,1339
chr5,124214438,124217319,NO,2881
chrX,128737566,128738746,NO,1180
chr19,44405484,44406297,NO,813
chr4,3764503,3766018,NO,1515
chr6,112476268,112477648,NO,1380
chr3,119307876,119315330,NO,7454
chr13,41113923,41114862,NO,939
chr2,121044518,121045587,NO,1069
chr1,23076377,23077247,NO,870
chr1,44029102,44030083,NO,981
chr1,98789031,98790095,NO,1064
chr2,189474758,189475847,NO,1089
chr8,101398338,101399208,NO,870
chr13,39989466,39992227,NO,2761
chr17,34128248,34129278,NO,1030
chr20,33268092,33277870,NO,9778
chr11,104941711,104952624,NO,10913
chr4,70579087,70580161,NO,1074
chr15,75002329,75003354,NO,1025
chr6,56516779,56521309,NO,4530
chr2,201958436,201959191,NO,755
chr5,159865589,159866574,NO,985
chr21,33700986,33702007,NO,1021
chr20,58410156,58411457,NO,1301
chr5,106968849,106969595,NO,746
chr3,179390705,179391910,NO,1205
chr21,38885273,38885967,NO,694
chr8,2937125,2938390,NO,1265
chr13,101262148,101263240,NO,1092
chr7,101330805,101332149,NO,1344
chr3,15597635,15598773,NO,1138
chr2,89054938,89055987,NO,1049
chr14,102700475,102701707,NO,1232
chr6,41472792,41473715,NO,923
chr8,27455270,27456629,NO,1359
chr3,71543158,71545871,NO,2713
chr22,23419539,23420992,NO,1453
chr17,71006594,71007795,NO,1201
chr14,65244644,65245822,NO,1178
chr3,141570055,141572252,NO,2197
chr17,30885011,30886071,NO,1060
chr11,100679442,100680796,NO,1354
chr19,53087955,53088970,NO,1015
chr5,153872820,153873510,NO,690
chr3,51601703,51602854,NO,1151
chr4,3356897,3357677,NO,780
chr6,118455232,118456263,NO,1031
chr1,108620116,108623000,NO,2884
chr4,155129573,155130425,NO,852
chr18,5463125,5464182,NO,1057
chr19,919532,920685,NO,1153
chr15,66682252,66683663,NO,1411
chr5,178617608,178618693,NO,1085
chrX,112997977,112999703,NO,1726
chr1,41826565,41827417,NO,852
chr16,29093185,29094027,NO,842
chr2,54434857,54435842,NO,985
chr12,67462533,67463441,NO,908
chr9,80032410,80033682,NO,1272
chr9,12814004,12814994,NO,990
chr19,21676539,21677543,NO,1004
chr1,55487663,55488392,NO,729
chr3,160799355,160800488,NO,1133
chr18,56202098,56203327,NO,1229
chr13,75877062,75878324,NO,1262
chr19,9968265,9969588,NO,1323
chrX,150038486,150039520,NO,1034
chr16,53515468,53516568,NO,1100
chr1,223959193,223960355,NO,1162
chr5,111747338,111748662,NO,1324
chr19,1221531,1222578,NO,1047
chr4,145477230,145478396,NO,1166
chr12,19863523,19864676,NO,1153
chr7,138575122,138576339,NO,1217
chr3,160370128,160370841,NO,713
chr14,106283949,106285411,NO,1462
chr10,69943830,69945011,NO,1181
chr12,98811901,98813151,NO,1250
chr1,68231781,68232892,NO,1111
chr7,81439485,81440614,NO,1129
chr12,96278191,96279344,NO,1153
chr5,1568114,1569123,NO,1009
chr5,96152114,96153152,NO,1038
chr3,186818907,186820033,NO,1126
chr5,110564537,110565761,NO,1224
chr12,118627206,118628426,NO,1220
chr14,63990474,63991943,NO,1469
chr5,122884967,122885582,NO,615
chr9,4797504,4798708,NO,1204
chr20,3744226,3745343,NO,1117
chr20,10844487,10845619,NO,1132
chr18,43325505,43326694,NO,1189
chr16,80690131,80691024,NO,893
chr20,46396586,46397684,NO,1098
chr16,49561822,49562760,NO,938
chr17,55574563,55584551,NO,9988
chr1,153625023,153626069,NO,1046
chr22,43773321,43774800,NO,1479
chr19,34976519,34977361,NO,842
chr19,23299686,23300418,NO,732
chr3,122109058,122109959,NO,901
chr16,74901823,74903109,NO,1286
chr20,24814086,24815097,NO,1011
chr9,32558279,32559707,NO,1428
chr3,32343747,32344739,NO,992
chr1,204514716,204515853,NO,1137
chr15,95960042,95961835,NO,1793
chr2,160609860,160611065,NO,1205
chr18,74231051,74237746,NO,6695
chrX,30676602,30677404,NO,802
chr12,93367202,93368038,NO,836
chr17,42852268,42872634,NO,20366
chr15,93254850,93255386,NO,536
chr4,114102335,114103497,NO,1162
chr5,65647727,65648694,NO,967
chr20,17485628,17486395,NO,767
chr18,46394874,46396199,NO,1325
chr20,31295500,31296550,NO,1050
chr3,172415974,172417374,NO,1400
chr1,12099328,12101039,NO,1711
chr17,26294855,26296134,NO,1279
chr2,83308431,83309927,NO,1496
chr3,18393366,18395052,NO,1686
chr5,148791372,148792230,NO,858
chr22,22415127,22416381,NO,1254
chrX,154470116,154471582,NO,1466
chr5,80302493,80303609,NO,1116
chr18,10482376,10484102,NO,1726
chr10,29810929,29812131,NO,1202
chr2,97400519,97401606,NO,1087
chr5,53591494,53592663,NO,1169
chr5,69352054,69353070,NO,1016
chr11,119133227,119134456,NO,1229
chr4,139831678,139832915,NO,1237
chr12,43604328,43605605,NO,1277
chr1,85410442,85411406,NO,964
chr1,154491906,154493170,NO,1264
chr3,69230673,69232144,NO,1471
chr3,16327754,16328823,NO,1069
chr13,51258606,51260012,NO,1406
chr2,223532263,223534040,NO,1777
chr5,140969573,140970534,NO,961
chr17,9109944,9110918,NO,974
chr7,141627769,141629125,NO,1356
chr1,179678512,179680007,NO,1495
chr22,39490331,39491528,NO,1197
chr18,21854872,21855854,NO,982
chr15,84514444,84515574,NO,1130
chr2,181737965,181738411,NO,446
chr3,9464310,9465140,NO,830
chr17,68310109,68311205,NO,1096
chr6,127778446,127779350,NO,904
chr17,53837791,53841648,NO,3857
chrX,152200619,152201617,NO,998
chr22,23763198,23764667,NO,1469
chr11,102580002,102581392,NO,1390
chr14,35605052,35605740,NO,688
chr10,75519210,75520267,NO,1057
chr4,3531053,3532025,NO,972
chr1,243277305,243278456,NO,1151
chr9,2726430,2727303,NO,873
chr5,57795855,57796635,NO,780
chr6,29520559,29521566,NO,1007
chr11,4046317,4047607,NO,1290
chr17,61896772,61898088,NO,1316
chr5,140357396,140358222,NO,826
chr17,63429373,63430885,NO,1512
chr19,1507690,1508366,NO,676
chr1,60833167,60834119,NO,952
chr8,27709941,27710782,NO,841
chr18,21550021,21551390,NO,1369
chrX,133970237,133971365,NO,1128
chr1,173174351,173175299,NO,948
chr6,110114936,110116104,NO,1168
chr2,48372622,48374170,NO,1548
chr4,82707389,82708365,NO,976
chr12,8248235,8249616,NO,1381
chr4,73964296,73965361,NO,1065
chr3,18782381,18787731,NO,5350
chr3,133209231,133210143,NO,912
chr15,48761643,48762936,NO,1293
chr16,88058438,88059342,NO,904
chr7,46642441,46643689,NO,1248
chr1,204400636,204401926,NO,1290
chr1,204452529,204453410,NO,881
chr20,2966706,2968089,NO,1383
chr12,50380995,50382233,NO,1238
chr10,62192345,62193674,NO,1329
chr22,46478374,46479182,NO,808
chr13,104667029,104668874,NO,1845
chr11,76851076,76851978,NO,902
chr19,52103978,52105060,NO,1082
chr1,23551241,23552176,NO,935
chr19,47121732,47122723,NO,991
chr1,216704452,216705416,NO,964
chr16,65350369,65351441,NO,1072
chr9,98778113,98779767,NO,1654
chr17,80358025,80359133,NO,1108
chr5,156620890,156621771,NO,881
chr8,42957040,42958229,NO,1189
chr4,4497849,4499043,NO,1194
chr11,1553904,1555146,NO,1242
chr22,47732779,47733609,NO,830
chr6,144080712,144081605,NO,893
chr6,47899796,47902187,NO,2391
chrX,9978923,9980116,NO,1193
chr2,234150448,234151467,NO,1019
chr7,129546501,129559569,NO,13068
chr1,159083396,159084508,NO,1112
chr5,169524556,169525793,NO,1237
chr9,77476561,77477581,NO,1020
chr2,87140865,87141601,NO,736
chr16,56404715,56405842,NO,1127
chr3,32186684,32188644,NO,1960
chr9,80734155,80734896,NO,741
chr3,113378537,113379714,NO,1177
chr2,198308451,198309230,NO,779
chr15,75992000,75993697,NO,1697
chrX,15564581,15565743,NO,1162
chr19,47132913,47133671,NO,758
chr3,12688679,12689394,NO,715
chr14,68884874,68886013,NO,1139
chr12,9966270,9967110,NO,840
chr10,115860498,115861602,NO,1104
chr10,90790508,90792004,NO,1496
chr20,4152528,4153509,NO,981
chr16,12271626,12272840,NO,1214
chr13,27178853,27180128,NO,1275
chr6,8530832,8531639,NO,807
chr11,33233139,33236337,NO,3198
chr5,81956530,81957536,NO,1006
chr12,102403989,102405056,NO,1067
chr2,106037079,106049745,NO,12666
chr19,1580066,1591229,NO,11163
chr7,115956836,115957852,NO,1016
chr16,82687019,82688268,NO,1249
chr2,139261739,139262524,NO,785
chrX,26801709,26802498,NO,789
chr3,32557962,32558885,NO,923
chr15,59294602,59295487,NO,885
chr3,186370375,186371499,NO,1124
chr2,101557256,101558441,NO,1185
chr1,9271247,9272187,NO,940
chr2,38870377,38871593,NO,1216
chr11,102430411,102431773,NO,1362
chr13,75942341,75944926,NO,2585
chr19,52703097,52704300,NO,1203
chr19,40928174,40928862,NO,688
chr16,2575857,2576823,NO,966
chr5,2105065,2106092,NO,1027
chr11,8040462,8041253,NO,791
chr2,162101176,162101912,NO,736
chr3,114129416,114130426,NO,1010
chr8,55533938,55535017,NO,1079
chr12,1582546,1584194,NO,1648
chr1,201760302,201761194,NO,892
chr15,99926128,99927015,NO,887
chr1,237194765,237195670,NO,905
chr1,82957082,82958703,NO,1621
chr3,24682697,24683501,NO,804
chr10,124447734,124449115,NO,1381
chr3,112391508,112396148,NO,4640
chr8,70041718,70042395,NO,677
chr5,40904289,40905635,NO,1346
chr10,1329433,1330680,NO,1247
chr18,32826687,32827703,NO,1016
chr15,90880141,90887387,NO,7246
chr5,169820400,169821460,NO,1060
chr7,135442551,135443850,NO,1299
chr4,125173882,125174649,NO,767
chr14,74285111,74292674,NO,7563
chr1,173854715,173855998,NO,1283
chr7,56101290,56114928,NO,13638
chr5,126411863,126413557,NO,1694
chr6,90695164,90696188,NO,1024
chr11,120210013,120215536,NO,5523
chr1,52834085,52839895,NO,5810
chr6,14476949,14478141,NO,1192
chr19,18474296,18475257,NO,961
chr16,11917927,11918907,NO,980
chr9,3397812,3398817,NO,1005
chr9,4844042,4844997,NO,955
chr19,41262101,41263249,NO,1148
chr1,26704582,26705378,NO,796
chr9,81309804,81310940,NO,1136
chr9,115146532,115147618,NO,1086
chr15,92533416,92534559,NO,1143
chr17,16158755,16171961,NO,13206
chr20,24734874,24736079,NO,1205
chr14,52701162,52714962,NO,13800
chr17,74480223,74481171,NO,948
chr16,47092297,47093637,NO,1340
chr15,45678535,45684956,NO,6421
chr15,86859385,86860404,NO,1019
chr10,62605453,62607131,NO,1678
chr19,41847532,41848450,NO,918
chr3,64598533,64603324,NO,4791
chr16,57146228,57147332,NO,1104
chr7,72854507,72855620,NO,1113
chr7,130565226,130566138,NO,912
chrX,109422982,109424275,NO,1293
chr14,35326370,35327303,NO,933
chr9,5976775,5977673,NO,898
chr3,171093507,171094508,NO,1001
chr12,20000152,20000851,NO,699
chr9,35736048,35737082,NO,1034
chr1,186179096,186179878,NO,782
chr4,1353907,1354943,NO,1036
chr12,6503260,6504242,NO,982
chr7,102382402,102383283,NO,881
chr16,14448262,14449509,NO,1247
chr14,24607422,24608833,NO,1411
chr3,126536114,126537104,NO,990
chr11,47520864,47521832,NO,968
chr15,74838125,74839030,NO,905
chr13,36685953,36699117,NO,13164
chr14,52518434,52519818,NO,1384
chr1,21348688,21349572,NO,884
chrX,108982668,108983711,NO,1043
chr13,76032909,76033599,NO,690
chr7,99662868,99663794,NO,926
chr7,3961438,3962273,NO,835
chr19,947127,948243,NO,1116
chr18,60251178,60252286,NO,1108
chr7,35635128,35636465,NO,1337
chr6,167679645,167680640,NO,995
chr1,211526238,211527418,NO,1180
chr11,14646900,14647643,NO,743
chr2,102383111,102384462,NO,1351
chr22,34268905,34269920,NO,1015
chr5,18697906,18698804,NO,898
chr1,14439432,14440622,NO,1190
chr6,170338216,170339113,NO,897
chr15,52169967,52171174,NO,1207
chr4,100244897,100245996,NO,1099
chr10,11740570,11742008,NO,1438
chr20,17941325,17942156,NO,831
chr7,44129624,44130593,NO,969
chr1,92580471,92581247,NO,776
chr19,44088193,44089229,NO,1036
chr13,40526678,40527490,NO,812
chr15,65207648,65208730,NO,1082
chr15,89440362,89441287,NO,925
chr2,98547853,98552916,NO,5063
chr2,66466690,66467654,NO,964
chr19,12868472,12869231,NO,759
chr20,48207725,48208693,NO,968
chr10,100052310,100053984,NO,1674
chr15,73066950,73068075,NO,1125
chr6,56753532,56754589,NO,1057
chr2,114147917,114148609,NO,692
chr5,55615001,55616024,NO,1023
chr7,43917885,43918971,NO,1086
chr5,137869774,137870719,NO,945
chr10,60194965,60195893,NO,928
chr8,13302340,13303205,NO,865
chr11,67217496,67218669,NO,1173
chr1,52156438,52157438,NO,1000
chr17,55655046,55656114,NO,1068
chr6,7292304,7293446,NO,1142
chr11,123389700,123390954,NO,1254
chr1,117148356,117149299,NO,943
chr10,77845821,77847347,NO,1526
chr19,49959227,49960214,NO,987
chr19,4414629,4415914,NO,1285
chr11,34089038,34090055,NO,1017
chr5,100002603,100003426,NO,823
chr8,79674453,79674920,NO,467
chr11,16077124,16078255,NO,1131
chr4,105887858,105888797,NO,939
chr18,32239171,32240544,NO,1373
chrX,20412115,20413103,NO,988
chr10,79964670,79965696,NO,1026
chr21,45119691,45120547,NO,856
chr7,158415958,158416330,NO,372
chr7,95537753,95538496,NO,743
chr1,46378749,46379831,NO,1082
chr8,7656170,7657213,NO,1043
chr8,7378843,7379886,NO,1043
chr10,27909312,27910782,NO,1470
chr12,115941741,115943001,NO,1260
chr17,55827932,55829681,NO,1749
chr9,86670297,86671668,NO,1371
chr18,22567021,22568233,NO,1212
chr2,56112125,56115392,NO,3267
chr13,77338564,77339367,NO,803
chr14,91636692,91643954,NO,7262
chr7,76757794,76758631,NO,837
chr17,41937327,41938637,NO,1310
chr12,24074160,24075270,NO,1110
chr10,127456194,127457231,NO,1037
chr1,99336520,99337649,NO,1129
chr11,28587923,28588883,NO,960
chr2,152774768,152780251,NO,5483
chr3,23480662,23482884,NO,2222
chr11,115493692,115494565,NO,873
chr12,117072967,117077423,NO,4456
chr1,12616177,12617284,NO,1107
chr5,79378590,79379574,NO,984
chr9,122318056,122318975,NO,919
chr6,170069352,170070421,NO,1069
chr13,80510178,80511154,NO,976
chrX,45918636,45919106,NO,470
chr8,61911323,61917624,NO,6301
chr13,74805047,74818983,NO,13936
chr9,31893713,31894835,NO,1122
chr14,68033443,68034525,NO,1082
chr1,20680098,20680822,NO,724
chr9,16704646,16705700,NO,1054
chr3,46580193,46581011,NO,818
chr6,31084366,31085527,NO,1161
chr11,28642962,28643877,NO,915
chr8,30209291,30209903,NO,612
chr9,74362030,74363646,NO,1616
chr20,20506046,20509785,NO,3739
chr4,1261130,1262006,NO,876
chr5,15694383,15695848,NO,1465
chr1,44333820,44334617,NO,797
chr20,62642688,62644667,NO,1979
chr17,53860600,53861855,NO,1255
chr1,117098879,117102562,NO,3683
chr2,101010685,101011862,NO,1177
chr7,130566166,130567135,NO,969
chr4,119811424,119812378,NO,954
chr19,38640150,38641161,NO,1011
chr10,80762987,80764067,NO,1080
chr6,24448653,24449893,NO,1240
chr1,100757796,100759259,NO,1463
chr7,134498142,134499190,NO,1048
chr11,22829819,22830871,NO,1052
chr8,71453020,71454025,NO,1005
chr7,67479993,67481446,NO,1453
chr4,90674155,90675025,NO,870
chr13,28605323,28606411,NO,1088
chr9,130554867,130556032,NO,1165
chr4,55305492,55306277,NO,785
chr3,57969039,57970239,NO,1200
chr1,41442297,41443341,NO,1044
chr11,43890309,43891386,NO,1077
chr5,140419873,140420957,NO,1084
chr18,19833247,19834327,NO,1080
chr2,24303907,24304771,NO,864
chr9,82265919,82266787,NO,868
chr8,12829525,12830305,NO,780
chr6,130581426,130582245,NO,819
chr6,13678470,13682457,NO,3987
chr2,69159039,69159978,NO,939
chr18,15001468,15002078,NO,610
chr4,972857,973734,NO,877
chr14,73646196,73647302,NO,1106
chr12,125533731,125534775,NO,1044
chr6,132712971,132714028,NO,1057
chr9,115110424,115111300,NO,876
chr15,101498606,101499710,NO,1104
chr7,101129339,101130834,NO,1495
chr16,30032141,30033163,NO,1022
chr14,21732808,21736061,NO,3253
chr15,59691282,59692624,NO,1342
chr5,78203622,78204599,NO,977
chr2,147631323,147632413,NO,1090
chr1,48485031,48486438,NO,1407
chr19,14153030,14154033,NO,1003
chr8,145056567,145057387,NO,820
chr9,115257847,115259058,NO,1211
chr2,9192718,9193745,NO,1027
chr14,33033509,33034442,NO,933
chr11,45950974,45952175,NO,1201
chr1,161196777,161197883,NO,1106
chr11,125208882,125209909,NO,1027
chr7,5170214,5171354,NO,1140
chr4,160125418,160127776,NO,2358
chr8,97324645,97325443,NO,798
chr16,67747031,67748287,NO,1256
chr1,156494364,156495415,NO,1051
chr18,44202895,44204294,NO,1399
chr12,125353272,125354329,NO,1057
chr3,188849679,188850821,NO,1142
chr6,167244002,167244834,NO,832
chr12,45594333,45600431,NO,6098
chr14,64419641,64420439,NO,798
chr6,144016350,144017681,NO,1331
chr3,148897763,148898683,NO,920
chr13,77874560,77875403,NO,843
chr6,154731243,154732470,NO,1227
chr15,99297149,99298121,NO,972
chr13,19183044,19183790,NO,746
chr12,59309329,59311273,NO,1944
chr15,58115450,58116534,NO,1084
chr10,29607117,29608436,NO,1319
chr17,43154759,43155879,NO,1120
chr12,1790355,1791047,NO,692
chr8,98963378,98964739,NO,1361
chr15,63307422,63308715,NO,1293
chr4,126660556,126661408,NO,852
chr17,74542532,74543685,NO,1153
chr1,42995050,42996041,NO,991
chr12,8644807,8645749,NO,942
chr8,22398925,22399798,NO,873
chr6,155850159,155851085,NO,926
chr15,73284722,73285980,NO,1258
chr11,18267772,18268765,NO,993
chr5,169144321,169145402,NO,1081
chr12,105878838,105880125,NO,1287
chr16,30348468,30349314,NO,846
chr5,148253002,148254475,NO,1473
chr11,46363424,46364282,NO,858
chr7,42832344,42833238,NO,894
chr11,121445974,121447037,NO,1063
chr3,169148280,169149532,NO,1252
chr7,70033858,70034816,NO,958
chr11,95732797,95745835,NO,13038
chr9,134390551,134392097,NO,1546
chr2,10333676,10334847,NO,1171
chr17,25533445,25545613,NO,12168
chr4,89262190,89263315,NO,1125
chr12,101623776,101624594,NO,818
chr10,90741200,90741953,NO,753
chr1,59220561,59221615,NO,1054
chr15,50086148,50086628,NO,480
chr17,55910167,55911023,NO,856
chr1,226733319,226734462,NO,1143
chr22,42568415,42569160,NO,745
chr1,212769111,212770278,NO,1167
chr15,65046769,65047823,NO,1054
chr2,69084456,69085596,NO,1140
chr20,55434321,55435657,NO,1336
chr9,71867213,71868385,NO,1172
chr12,121863008,121863703,NO,695
chr3,193764809,193765736,NO,927
chr6,50929986,50930828,NO,842
chr2,201241140,201241979,NO,839
chr9,92723702,92725027,NO,1325
chrX,2275476,2276321,NO,845
chr12,124470492,124471458,NO,966
chr5,118366462,118368648,NO,2186
chrX,11385127,11386217,NO,1090
chr11,65360859,65362039,NO,1180
chr1,55616998,55617898,NO,900
chr2,96728490,96729706,NO,1216
chr15,76974134,76975340,NO,1206
chr4,1177697,1178863,NO,1166
chr12,95511041,95513057,NO,2016
chr1,237305628,237309172,NO,3544
chr2,86811115,86811992,NO,877
chr11,61509423,61510442,NO,1019
chr9,22098466,22103677,NO,5211
chr15,70820300,70821239,NO,939
chrX,3581582,3582425,NO,843
chr8,105800606,105801743,NO,1137
chr20,51617971,51619165,NO,1194
chr4,7540788,7541682,NO,894
chr16,12497575,12498451,NO,876
chr10,90739878,90741184,NO,1306
chr8,139805271,139806331,NO,1060
chr14,55196740,55197677,NO,937
chr2,207040881,207041880,NO,999
chr1,18711283,18712593,NO,1310
chr2,231356052,231361851,NO,5799
chr20,25488303,25489438,NO,1135
chr17,53712070,53712991,NO,921
chr1,23731977,23732840,NO,863
chr1,42479465,42480336,NO,871
chr1,6519900,6521227,NO,1327
chr1,2170978,2172395,NO,1417
chr1,209763040,209763999,NO,959
chr8,77898243,77899070,NO,827
chr6,18215057,18215994,NO,937
chr1,110730600,110731714,NO,1114
chr2,28097921,28098961,NO,1040
chr1,192519799,192520812,NO,1013
chr5,179398044,179398687,NO,643
chr11,11484883,11486284,NO,1401
chr11,110959954,110961295,NO,1341
chr2,241565737,241566945,NO,1208
chr2,217216751,217217721,NO,970
chr7,157570072,157571073,NO,1001
chr11,47350869,47352213,NO,1344
chr4,40787828,40788320,NO,492
chr11,69957843,69958730,NO,887
chr10,129190110,129191441,NO,1331
chr10,114073028,114073720,NO,692
chrX,14869294,14870369,NO,1075
chrX,1435151,1435970,NO,819
chr19,47115040,47116250,NO,1210
chr5,55808163,55809022,NO,859
chr4,143049424,143050184,NO,760
chr4,53987068,53987869,NO,801
chr17,49123688,49124434,NO,746
chr3,133957044,133958252,NO,1208
chr9,101719911,101720796,NO,885
chr3,177471093,177472681,NO,1588
chr8,124683366,124684299,NO,933
chr17,1726510,1727483,NO,973
chrX,14515217,14516083,NO,866
chr13,63691632,63692192,NO,560
chr9,98569255,98570691,NO,1436
chrX,13437522,13438705,NO,1183
chr1,15890274,15891019,NO,745
chr12,105503204,105504031,NO,827
chr9,78240679,78242469,NO,1790
chr7,2933748,2934754,NO,1006
chr5,71506127,71507313,NO,1186
chr11,106698391,106698913,NO,522
chr3,190303619,190304805,NO,1186
chr12,131918767,131919868,NO,1101
chr5,154093864,154094582,NO,718
chr14,55532094,55539264,NO,7170
chr2,173360403,173361161,NO,758
chr13,94834049,94834890,NO,841
chr5,62044563,62045965,NO,1402
chr7,111396278,111397348,NO,1070
chr7,63923942,63924784,NO,842
chr10,4540320,4541544,NO,1224
chr7,53663307,53664169,NO,862
chr5,106724657,106725585,NO,928
chr9,1232054,1232900,NO,846
chr7,2291701,2292821,NO,1120
chr2,132589046,132589741,NO,695
chr7,148261011,148261838,NO,827
chr10,93449508,93450492,NO,984
chr15,47880028,47881331,NO,1303
chr12,49686592,49687556,NO,964
chr4,71479103,71480274,NO,1171
chr5,55566465,55567521,NO,1056
chr1,27947696,27948660,NO,964
chr11,71291875,71292927,NO,1052
chr18,51765489,51767027,NO,1538
chrX,22075717,22076523,NO,806
chr3,17119043,17119930,NO,887
chr14,101564367,101565348,NO,981
chr12,102250812,102251845,NO,1033
chr12,42680594,42681163,NO,569
chrX,9344263,9347690,NO,3427
chr6,86354769,86355749,NO,980
chr6,44472154,44473251,NO,1097
chr3,49354341,49354943,NO,602
chr1,81674122,81674996,NO,874
chr2,47007886,47009078,NO,1192
chr3,53227299,53228548,NO,1249
chr13,45706254,45707318,NO,1064
chr1,8107628,8108579,NO,951
chr8,116441201,116442067,NO,866
chr17,73833739,73834596,NO,857
chr18,7958179,7959306,NO,1127
chr21,26793360,26794127,NO,767
chr13,78052095,78052768,NO,673
chr10,15076950,15089522,NO,12572
chr11,57314665,57315986,NO,1321
chr4,16970945,16972125,NO,1180
chr1,153544676,153545551,NO,875
chr19,16973341,16983357,NO,10016
chr4,41386406,41388105,NO,1699
chr1,173822041,173822982,NO,941
chr10,93661640,93662654,NO,1014
chr4,174687286,174689476,NO,2190
chr1,41939990,41941239,NO,1249
chr19,31714458,31715503,NO,1045
chr6,33610647,33611569,NO,922
chr9,126084587,126085593,NO,1006
chr17,54920119,54921169,NO,1050
chrX,78351415,78364347,NO,12932
chr8,24228491,24229352,NO,861
chr1,8615060,8623802,NO,8742
chr2,188128907,188129503,NO,596
chr8,38307554,38308524,NO,970
chr10,93100795,93102126,NO,1331
chr20,50348338,50349227,NO,889
chr10,98066046,98067114,NO,1068
chr7,42953563,42954901,NO,1338
chr9,125737249,125738533,NO,1284
chr19,44002744,44003816,NO,1072
chr1,206976143,206990822,NO,14679
chr8,104293337,104294339,NO,1002
chr18,20031506,20032333,NO,827
chr2,21662427,21663532,NO,1105
chr6,150584753,150586013,NO,1260
chr4,80957506,80958248,NO,742
chr11,12697417,12698316,NO,899
chr7,18678171,18679840,NO,1669
chr17,53745431,53751641,NO,6210
chr13,29215136,29215956,NO,820
chr9,115516836,115517897,NO,1061
chr17,21049240,21050849,NO,1609
chr2,228647825,228648649,NO,824
chr4,38612563,38623524,NO,10961
chr1,10228978,10229914,NO,936
chr14,99971052,99972318,NO,1266
chr2,207938409,207939486,NO,1077
chr7,130587594,130588713,NO,1119
chr9,98534223,98535189,NO,966
chr8,74792318,74793145,NO,827
chr6,140459387,140460158,NO,771
chr15,55790106,55790959,NO,853
chr5,159498152,159499393,NO,1241
chr2,223776701,223777720,NO,1019
chr15,27876708,27877584,NO,876
chr3,145992011,145996562,NO,4551
chr19,10534940,10535782,NO,842
chr11,65320345,65321422,NO,1077
chr1,86078358,86079300,NO,942
chr3,86888897,86889694,NO,797
chr14,96700393,96701447,NO,1054
chr3,38248330,38249616,NO,1286
chr10,29168447,29169408,NO,961
chr17,20581119,20581844,NO,725
chr6,129460074,129462080,NO,2006
chr10,6295952,6296609,NO,657
chr8,61764303,61765272,NO,969
chr10,27547481,27548706,NO,1225
chr19,14257341,14258420,NO,1079
chr11,12145628,12146864,NO,1236
chr3,63962307,63963000,NO,693
chr7,66007710,66019561,NO,11851
chr10,36470942,36471993,NO,1051
chr19,1324543,1325840,NO,1297
chr4,119486636,119487731,NO,1095
chr16,55508924,55510436,NO,1512
chr15,58044533,58045685,NO,1152
chr6,129479901,129480970,NO,1069
chr3,53017347,53018390,NO,1043
chr20,16242823,16243908,NO,1085
chr2,106525525,106526484,NO,959
chr16,85903495,85904399,NO,904
chr17,1655688,1656728,NO,1040
chr9,111327559,111328406,NO,847
chr1,63266431,63267371,NO,940
chr1,231607751,231608475,NO,724
chr2,54319366,54320480,NO,1114
chr2,153550461,153551147,NO,686
chr4,77528580,77529638,NO,1058
chr2,161522300,161523079,NO,779
chr3,127894038,127898756,NO,4718
chr21,36475060,36475814,NO,754
chr5,77779109,77780339,NO,1230
chr2,924586,934379,NO,9793
chr1,23704388,23705371,NO,983
chr11,862038,863052,NO,1014
chr16,21637888,21638698,NO,810
chr11,114128333,114129486,NO,1153
chrX,13268978,13269742,NO,764
chr3,122433068,122434127,NO,1059
chr4,55413347,55414243,NO,896
chr3,58405161,58405980,NO,819
chr18,45967264,45981237,NO,13973
chr1,49144791,49145886,NO,1095
chr11,132368945,132370182,NO,1237
chr17,18227662,18229080,NO,1418
chr6,144286623,144287520,NO,897
chr11,106342124,106342915,NO,791
chr4,8035045,8036231,NO,1186
chr2,235531808,235532940,NO,1132
chr4,15080614,15081434,NO,820
chr1,30184592,30185293,NO,701
chr12,122222382,122223409,NO,1027
chr20,47883560,47884305,NO,745
chr7,10974555,10975669,NO,1114
chr16,69332001,69333175,NO,1174
chr20,30084248,30085458,NO,1210
chr7,106125135,106126544,NO,1409
chr2,227589814,227591203,NO,1389
chr6,33566913,33567792,NO,879
chr1,91358888,91359791,NO,903
chr4,152769464,152772671,NO,3207
chr11,859719,860479,NO,760
chr3,124467162,124468067,NO,905
chr14,96592509,96602504,NO,9995
chr2,85467657,85468763,NO,1106
chr5,125750196,125751351,NO,1155
chr13,36304408,36305181,NO,773
chr1,204410226,204411502,NO,1276
chr2,166759160,166760239,NO,1079
chr22,30390686,30391635,NO,949
chr2,152220059,152220845,NO,786
chr1,113086796,113087436,NO,640
chr3,61522543,61523603,NO,1060
chr1,9936819,9937609,NO,790
chr3,32150702,32151521,NO,819
chr6,9516637,9517368,NO,731
chr7,105489381,105494966,NO,5585
chr17,4650997,4651792,NO,795
chr3,59272062,59273089,NO,1027
chr9,655868,656907,NO,1039
chr11,114311655,114312679,NO,1024
chr16,4667618,4668548,NO,930
chr22,25888701,25889790,NO,1089
chr12,130612397,130613246,NO,849
chr20,62696811,62697511,NO,700
chr21,39237834,39238758,NO,924
chr3,196255232,196256310,NO,1078
chr11,104746691,104747836,NO,1145
chr4,16545849,16546746,NO,897
chr2,83278718,83279627,NO,909
chr17,34454064,34455319,NO,1255
chr17,65851458,65852312,NO,854
chr3,171270515,171271153,NO,638
chr8,134686263,134687635,NO,1372
chr11,102254796,102255894,NO,1098
chr10,49978508,49979314,NO,806
chr4,164513232,164514202,NO,970
chr15,101840666,101841442,NO,776
chr1,49076285,49077206,NO,921
chr17,7943978,7944725,NO,747
chr5,59081571,59087013,NO,5442
chr22,46942924,46944041,NO,1117
chr2,29287759,29288858,NO,1099
chr6,170683646,170684845,NO,1199
chr6,41301278,41302536,NO,1258
chr8,138946789,138948013,NO,1224
chr2,231623099,231624504,NO,1405
chr10,30951911,30953016,NO,1105
chr6,107881469,107882314,NO,845
chr7,141730061,141731043,NO,982
chr2,127950629,127951736,NO,1107
chr10,88739874,88740696,NO,822
chr9,130646303,130647453,NO,1150
chr5,1161272,1162190,NO,918
chr10,35424606,35425692,NO,1086
chr13,107404994,107405997,NO,1003
chrX,115084562,115085607,NO,1045
chr5,79904193,79905148,NO,955
chr14,49746822,49748116,NO,1294
chr1,203576117,203576983,NO,866
chr8,3020669,3021894,NO,1225
chr15,65115630,65116607,NO,977
chr1,154757248,154758342,NO,1094
chr5,119724220,119725093,NO,873
chr8,101325635,101327472,NO,1837
chr10,105311591,105312283,NO,692
chr10,7342815,7343941,NO,1126
chr3,59234736,59235930,NO,1194
chr7,84569034,84569610,NO,576
chr13,111539664,111540864,NO,1200
chr8,123692766,123693769,NO,1003
chr7,54884750,54891997,NO,7247
chr1,232148364,232149251,NO,887
chr6,160450945,160451698,NO,753
chr22,21103140,21104222,NO,1082
chr8,131739261,131740064,NO,803
chr6,19691531,19692421,NO,890
chr1,166001488,166002866,NO,1378
chr9,71050753,71051739,NO,986
chr1,204418059,204419248,NO,1189
chr4,15718366,15719408,NO,1042
chr2,161021799,161022676,NO,877
chr3,60993768,60995053,NO,1285
chr14,24574986,24575819,NO,833
chr6,154779563,154781444,NO,1881
chr3,130445903,130446686,NO,783
chr17,55131344,55132050,NO,706
chr6,71817437,71818285,NO,848
chr18,56105472,56106659,NO,1187
chr11,111645522,111646456,NO,934
chr16,26624983,26626422,NO,1439
chr16,49653963,49655232,NO,1269
chr2,25599722,25600747,NO,1025
chr17,41016192,41017374,NO,1182
chr22,36231947,36232629,NO,682
chr12,50690156,50690781,NO,625
chr9,124895490,124896550,NO,1060
chr13,114181488,114182475,NO,987
chr20,29524290,29524984,NO,694
chr1,160444219,160445033,NO,814
chr12,54534877,54535815,NO,938
chr20,33526017,33526903,NO,886
chr21,44876144,44877170,NO,1026
chr5,72247352,72248195,NO,843
chr19,5308584,5309360,NO,776
chr2,62122274,62122998,NO,724
chr5,63476373,63477214,NO,841
chr10,125001053,125001708,NO,655
chr3,48847182,48850540,NO,3358
chr16,2262076,2263494,NO,1418
chr7,83877941,83878656,NO,715
chr3,129541073,129541824,NO,751
chr5,87798101,87798946,NO,845
chr3,69107497,69108233,NO,736
chr3,187653237,187654008,NO,771
chr9,124778199,124779182,NO,983
chr9,131285491,131292061,NO,6570
chr2,48401568,48402400,NO,832
chr21,43844469,43845541,NO,1072
chr17,76971211,76971846,NO,635
chr12,50819231,50820224,NO,993
chr6,15219883,15220747,NO,864
chr2,70556109,70556984,NO,875
chr11,20021674,20022913,NO,1239
chr15,40712258,40713491,NO,1233
chr19,1185086,1186050,NO,964
chrX,153772655,153773439,NO,784
chr4,86600564,86603040,NO,2476
chr19,914661,915438,NO,777
chr2,85385898,85387303,NO,1405
chr12,7175528,7188258,NO,12730
chr2,235744518,235745497,NO,979
chr5,38069402,38070342,NO,940
chr12,95380818,95381654,NO,836
chr12,89032138,89033594,NO,1456
chr13,111596525,111597410,NO,885
chr3,5096874,5097722,NO,848
chr1,185563157,185564303,NO,1146
chr9,136132277,136133039,NO,762
chr1,113947737,113948704,NO,967
chr5,79798911,79799938,NO,1027
chr7,106688294,106689351,NO,1057
chr8,27934984,27936381,NO,1397
chr8,62568697,62570491,NO,1794
chr1,224971294,224972456,NO,1162
chr17,16406510,16407339,NO,829
chr16,4740001,4740762,NO,761
chrX,3189350,3190066,NO,716
chr2,97556760,97557924,NO,1164
chr6,42053541,42054547,NO,1006
chr19,2223377,2224515,NO,1138
chr8,29884720,29885493,NO,773
chr10,17139832,17142886,NO,3054
chr14,59628247,59629048,NO,801
chr7,2264079,2264989,NO,910
chr8,50214268,50215730,NO,1462
chr20,3725239,3726530,NO,1291
chr20,45191062,45192088,NO,1026
chr11,111793826,111794885,NO,1059
chrX,154055508,154056637,NO,1129
chr19,50175194,50175942,NO,748
chr15,42462985,42463878,NO,893
chr8,145043142,145044079,NO,937
chr4,156596777,156597401,NO,624
chr13,80232412,80233333,NO,921
chr17,29700655,29701505,NO,850
chr17,37394297,37395179,NO,882
chr1,83385696,83387067,NO,1371
chr3,185047863,185048844,NO,981
chr20,17751920,17752725,NO,805
chr3,112076777,112077737,NO,960
chr9,38195898,38196821,NO,923
chr3,107486425,107487178,NO,753
chr2,1575996,1577297,NO,1301
chr19,54929453,54931558,NO,2105
chr5,180300448,180301625,NO,1177
chr17,46026529,46027330,NO,801
chr4,119771253,119772246,NO,993
chr1,23703332,23704227,NO,895
chr2,138726304,138727100,NO,796
chr18,7037806,7038567,NO,761
chr11,20057389,20058574,NO,1185
chr3,108524373,108525499,NO,1126
chr20,13127310,13128556,NO,1246
chr1,229829346,229830658,NO,1312
chr4,842589,850613,NO,8024
chr4,127163795,127164713,NO,918
chr11,65145233,65146132,NO,899
chrX,65041673,65042393,NO,720
chr4,113626833,113627572,NO,739
chr6,142503710,142504526,NO,816
chr1,2465975,2466709,NO,734
chr11,9001009,9001344,NO,335
chr19,8518423,8519125,NO,702
chr15,64722232,64722907,NO,675
chr1,243517734,243518589,NO,855
chr7,26704299,26705170,NO,871
chr1,218653057,218654046,NO,989
chr14,101364872,101366060,NO,1188
chr18,71901681,71919732,NO,18051
chr20,52294224,52295167,NO,943
chr8,42188327,42189068,NO,741
chr12,108172731,108173779,NO,1048
chr18,18743376,18744191,NO,815
chr17,5600,6471,NO,871
chr17,75662542,75663871,NO,1329
chr7,101397391,101398569,NO,1178
chr19,30203763,30204948,NO,1185
chr1,156974442,156975414,NO,972
chr9,101838695,101839602,NO,907
chr22,43262969,43263822,NO,853
chr6,161776926,161778082,NO,1156
chr2,102131445,102132653,NO,1208
chr2,162974655,162975619,NO,964
chr11,587544,588529,NO,985
chr12,63307653,63308813,NO,1160
chr15,79614544,79615460,NO,916
chr11,124587514,124596184,NO,8670
chr5,131690022,131691204,NO,1182
chr13,97729087,97729661,NO,574
chr8,31881015,31882165,NO,1150
chr6,141179337,141180331,NO,994
chrX,50447489,50448934,NO,1445
chr6,21885487,21886374,NO,887
chr11,67216451,67217308,NO,857
chr2,69809224,69810416,NO,1192
chr14,60431650,60432586,NO,936
chr11,77345018,77346382,NO,1364
chr9,38025547,38026549,NO,1002
chr4,89303286,89303990,NO,704
chr21,39723696,39724663,NO,967
chr6,75982156,75983208,NO,1052
chr11,70992803,70993939,NO,1136
chr11,105051681,105052901,NO,1220
chr3,16217713,16218626,NO,913
chr20,49935542,49936444,NO,902
chr9,35635451,35636199,NO,748
chr6,164356431,164363207,NO,6776
chr13,51669843,51670729,NO,886
chr1,27866503,27867575,NO,1072
chr17,13499490,13500420,NO,930
chr9,122713424,122714322,NO,898
chr10,60679755,60681284,NO,1529
chr4,181709492,181710425,NO,933
chr7,18329215,18330718,NO,1503
chr14,75953223,75953945,NO,722
chr13,52515771,52516927,NO,1156
chr16,88323334,88324091,NO,757
chr2,219225034,219225771,NO,737
chr2,73867124,73868601,NO,1477
chr12,92879228,92879968,NO,740
chr1,152382523,152383774,NO,1251
chr20,37678157,37679039,NO,882
chr3,192874658,192875186,NO,528
chr7,5029192,5030206,NO,1014
chr1,22967794,22968320,NO,526
chr1,22993023,22993874,NO,851
chr1,79477194,79477936,NO,742
chr17,47532906,47534450,NO,1544
chr7,112630034,112630908,NO,874
chr14,98010326,98011184,NO,858
chr9,98314934,98315818,NO,884
chr4,124778026,124778721,NO,695
chr5,55861015,55861888,NO,873
chr2,89571962,89572997,NO,1035
chr9,35023127,35036935,NO,13808
chr17,74117450,74118404,NO,954
chr6,18186193,18186862,NO,669
chr22,21370807,21372357,NO,1550
chr2,65458866,65459565,NO,699
chr15,96422622,96423615,NO,993
chr14,34407105,34407996,NO,891
chr10,113483474,113484445,NO,971
chr19,3084703,3085456,NO,753
chr12,16555039,16555549,NO,510
chr4,87766110,87767362,NO,1252
chr1,183187052,183188253,NO,1201
chr10,15630170,15631424,NO,1254
chr5,57962308,57967075,NO,4767
chr5,55128284,55128804,NO,520
chr19,56130553,56131382,NO,829
chr7,115979587,115980589,NO,1002
chr1,180938407,180939300,NO,893
chr3,128433612,128434416,NO,804
chr1,160070371,160071558,NO,1187
chr1,12353188,12354313,NO,1125
chr8,13264109,13265271,NO,1162
chr2,191277920,191278820,NO,900
chr6,25056088,25056940,NO,852
chr19,47538963,47539800,NO,837
chr16,787294,788366,NO,1072
chr17,8600887,8611760,NO,10873
chr22,39445968,39447080,NO,1112
chr6,164386354,164387437,NO,1083
chr11,60451141,60452157,NO,1016
chr3,40884989,40885894,NO,905
chr22,24280883,24281630,NO,747
chrX,118174319,118175559,NO,1240
chr7,158716392,158717347,NO,955
chr6,165969462,165970478,NO,1016
chr2,99682700,99683525,NO,825
chr8,87356732,87357536,NO,804
chr16,58097110,58097891,NO,781
chr22,43514422,43515374,NO,952
chr18,20723353,20724441,NO,1088
chr6,74165896,74166629,NO,733
chr13,43662291,43662809,NO,518
chr8,124933996,124935030,NO,1034
chr11,109817035,109817754,NO,719
chr8,103898826,103907598,NO,8772
chr9,37503417,37504515,NO,1098
chr5,14534390,14535528,NO,1138
chr2,60937542,60938568,NO,1026
chr5,179243775,179244669,NO,894
chr9,75834773,75835610,NO,837
chr11,122394533,122395491,NO,958
chr5,172698096,172698816,NO,720
chr22,46587035,46587962,NO,927
chr14,66457404,66458302,NO,898
chr1,208203105,208204189,NO,1084
chr1,57814129,57815197,NO,1068
chr6,138248805,138249993,NO,1188
chr19,14647749,14648653,NO,904
chr13,40689753,40690685,NO,932
chr17,38017327,38018153,NO,826
chr7,157405510,157406365,NO,855
chr1,95532572,95533629,NO,1057
chr14,69843247,69844057,NO,810
chr1,144886415,144887406,NO,991
chr20,46759955,46761224,NO,1269
chr5,136899439,136900616,NO,1177
chr1,59986375,59987365,NO,990
chr17,75774952,75776074,NO,1122
chr6,136693059,136693890,NO,831
chr15,69046920,69047862,NO,942
chr15,80899689,80900687,NO,998
chr6,52216606,52217805,NO,1199
chr18,56160451,56161279,NO,828
chr4,16709503,16710256,NO,753
chrX,23093617,23094194,NO,577
chr2,89948115,89949150,NO,1035
chr15,58693617,58703161,NO,9544
chr2,192771824,192782939,NO,11115
chr1,185134593,185135572,NO,979
chr13,47145225,47146428,NO,1203
chr2,71973740,71974849,NO,1109
chr6,166940186,166941187,NO,1001
chr10,132013526,132014342,NO,816
chr2,97061298,97062279,NO,981
chr7,80770123,80770889,NO,766
chr7,80337212,80338350,NO,1138
chr1,15112227,15113342,NO,1115
chr3,194247574,194248334,NO,760
chr7,65473081,65474381,NO,1300
chr17,4216695,4217296,NO,601
chr10,14082393,14083276,NO,883
chr14,68552263,68553140,NO,877
chr3,31118333,31119409,NO,1076
chr15,34850625,34851494,NO,869
chr15,34704399,34705268,NO,869
chr6,107816179,107816983,NO,804
chr1,49443701,49444401,NO,700
chr17,27294139,27294954,NO,815
chr17,59213026,59223143,NO,10117
chr4,142568547,142569304,NO,757
chr11,17119658,17120629,NO,971
chr14,56442706,56443498,NO,792
chr1,143467063,143467839,NO,776
chr2,121227618,121228772,NO,1154
chr8,95917450,95918360,NO,910
chr12,125481248,125482034,NO,786
chr3,522429,524608,NO,2179
chr16,29838160,29839114,NO,954
chr7,128729528,128735843,NO,6315
chr11,71524463,71524994,NO,531
chr3,11583351,11584342,NO,991
chr6,139337590,139338689,NO,1099
chr7,80570008,80572010,NO,2002
chr3,167834975,167839538,NO,4563
chr7,158805458,158806402,NO,944
chr8,37214947,37215799,NO,852
chr7,130711965,130712897,NO,932
chr7,97843071,97843945,NO,874
chr21,38123677,38124656,NO,979
chr5,79694933,79695786,NO,853
chr1,36886058,36887204,NO,1146
chr7,130479021,130479804,NO,783
chr2,137038791,137039820,NO,1029
chr1,5002009,5002964,NO,955
chr10,14049920,14052098,NO,2178
chr22,25871042,25872264,NO,1222
chr10,44954114,44954934,NO,820
chrX,1324572,1325645,NO,1073
chr11,46765271,46766166,NO,895
chr8,28893664,28894596,NO,932
chr11,13359301,13360651,NO,1350
chr4,140187539,140188369,NO,830
chr11,61261432,61262475,NO,1043
chr14,92430501,92431376,NO,875
chr17,45927894,45928762,NO,868
chr8,37438780,37439647,NO,867
chr18,45884734,45885777,NO,1043
chr1,10699200,10700092,NO,892
chr4,78721891,78722694,NO,803
chr12,27769102,27770005,NO,903
chr14,95610248,95610908,NO,660
chrX,950836,951413,NO,577
chr3,35780030,35781225,NO,1195
chr10,33467990,33468975,NO,985
chr11,15918747,15919854,NO,1107
chr9,137168075,137169068,NO,993
chr2,170874518,170875327,NO,809
chr2,177311420,177312211,NO,791
chr7,129359579,129360764,NO,1185
chr2,218376600,218377515,NO,915
chr12,12532416,12538424,NO,6008
chr12,25635538,25636420,NO,882
chr6,150559055,150560129,NO,1074
chr7,150032428,150033232,NO,804
chr1,172255484,172256454,NO,970
chr11,105012680,105013176,NO,496
chr14,61854673,61855515,NO,842
chr17,74001025,74002075,NO,1050
chr13,111292611,111293674,NO,1063
chr1,44367102,44368061,NO,959
chr14,21521736,21522743,NO,1007
chrX,109988585,109989614,NO,1029
chr8,20080190,20081101,NO,911
chr8,10494012,10494868,NO,856
chr18,24091056,24092010,NO,954
chr10,77422650,77423494,NO,844
chr19,51964502,51965680,NO,1178
chr8,22415584,22416739,NO,1155
chr1,16619811,16621125,NO,1314
chr3,67022316,67023062,NO,746
chr8,110038206,110038970,NO,764
chr2,42438259,42439377,NO,1118
chr2,127343681,127344508,NO,827
chrX,39646121,39647574,NO,1453
chr22,39905242,39906136,NO,894
chr11,132446574,132447262,NO,688
chr7,134287559,134288422,NO,863
chr8,17462862,17472665,NO,9803
chr6,22925569,22926591,NO,1022
chr7,28448669,28449656,NO,987
chr7,2350554,2351423,NO,869
chr14,105439163,105440308,NO,1145
chr5,122038542,122039793,NO,1251
chr13,42848957,42850098,NO,1141
chr4,170019570,170020484,NO,914
chr1,19859903,19860960,NO,1057
chr9,124291379,124292543,NO,1164
chr8,513989,515087,NO,1098
chr4,49228239,49229124,NO,885
chr15,61133032,61133940,NO,908
chr11,9160568,9161671,NO,1103
chr14,23286897,23287882,NO,985
chr3,126006047,126007097,NO,1050
chr6,137278108,137278883,NO,775
chr13,21134045,21135021,NO,976
chr3,76483073,76483691,NO,618
chr10,31908516,31909407,NO,891
chr1,160131935,160132685,NO,750
chr9,137185286,137186315,NO,1029
chr2,2274920,2275970,NO,1050
chr22,44721737,44722554,NO,817
chr1,153344942,153345568,NO,626
chr22,47290200,47291082,NO,882
chr6,72178559,72189215,NO,10656
chr16,75795144,75796187,NO,1043
chr1,55392586,55393771,NO,1185
chr8,95999848,96000701,NO,853
chr16,65782842,65784142,NO,1300
chr11,65270229,65271070,NO,841
chr10,113463254,113464042,NO,788
chr5,169918520,169919403,NO,883
chr9,75848457,75849130,NO,673
chr16,21552146,21553389,NO,1243
chr5,177397902,177398532,NO,630
chr18,24688859,24690032,NO,1173
chr11,72106307,72107238,NO,931
chr16,48412321,48413216,NO,895
chr9,113657341,113658254,NO,913
chr1,221630790,221631992,NO,1202
chr2,8230709,8231788,NO,1079
chr6,117815776,117819779,NO,4003
chr10,105343858,105344761,NO,903
chr12,29673800,29674615,NO,815
chr5,148790092,148791073,NO,981
chr12,90341299,90342105,NO,806
chrX,109589883,109590302,NO,419
chr2,62684041,62684764,NO,723
chr10,20373296,20374376,NO,1080
chr4,3485894,3487127,NO,1233
chr9,124802047,124802717,NO,670
chr2,191296826,191297520,NO,694
chr12,14729682,14730635,NO,953
chr3,42922048,42922822,NO,774
chr8,118776291,118777378,NO,1087
chrX,100446090,100446676,NO,586
chr19,1140359,1141265,NO,906
chr5,97645259,97646239,NO,980
chr18,46241829,46242833,NO,1004
chrX,154861788,154871371,NO,9583
chr10,45735249,45735938,NO,689
chr13,53150300,53151237,NO,937
chr8,144217367,144218259,NO,892
chr21,43181199,43182503,NO,1304
chr13,52803533,52804470,NO,937
chr12,102156804,102157801,NO,997
chr2,109801847,109803050,NO,1203
chr1,179291384,179292231,NO,847
chr6,149461156,149462228,NO,1072
chr10,124069760,124070499,NO,739
chr15,77375956,77377317,NO,1361
chr21,28318041,28318862,NO,821
chr10,71038079,71039303,NO,1224
chr2,23809451,23810339,NO,888
chr9,107953606,107954626,NO,1020
chr5,77869890,77870930,NO,1040
chr9,130556113,130556885,NO,772
chr2,67090384,67091201,NO,817
chr3,133572515,133573210,NO,695
chr7,133761978,133762524,NO,546
chr20,49291970,49293119,NO,1149
chr7,32976924,32977848,NO,924
chr1,65382843,65383718,NO,875
chr1,101647330,101648215,NO,885
chr8,126142631,126143450,NO,819
chr11,118690967,118691755,NO,788
chr2,134938409,134939145,NO,736
chr7,51143468,51144206,NO,738
chr21,18788120,18789232,NO,1112
chr1,11024995,11025901,NO,906
chr10,126153173,126154107,NO,934
chr14,84739564,84740539,NO,975
chr7,12721439,12722364,NO,925
chr16,49673338,49674276,NO,938
chr17,40290058,40291007,NO,949
chr3,141160951,141161773,NO,822
chr3,131058019,131058945,NO,926
chr1,213125772,213126674,NO,902
chr10,61413322,61414462,NO,1140
chr8,31612558,31613457,NO,899
chr15,35350662,35351685,NO,1023
chr6,5343935,5345089,NO,1154
chr12,123228050,123229112,NO,1062
chr15,69259489,69260072,NO,583
chr12,123184544,123185326,NO,782
chr15,88445953,88447038,NO,1085
chr11,35278312,35279184,NO,872
chr1,5389259,5390140,NO,881
chr13,44832868,44833749,NO,881
chr4,149087179,149087758,NO,579
chr8,98226738,98228234,NO,1496
chr3,148734095,148735008,NO,913
chr3,73816012,73816761,NO,749
chr15,31134926,31135656,NO,730
chr19,14359387,14360407,NO,1020
chr3,4930802,4931853,NO,1051
chr19,41962413,41969678,NO,7265
chr6,31699313,31700388,NO,1075
chr1,247663903,247664414,NO,511
chr8,103380477,103381099,NO,622
chr6,33025044,33026011,NO,967
chr17,44839002,44839908,NO,906
chr17,26908210,26915872,NO,7662
chr15,78657865,78658903,NO,1038
chr12,53652547,53653316,NO,769
chr22,44889055,44889825,NO,770
chr8,121255068,121255757,NO,689
chr4,129424628,129425016,NO,388
chr2,70295075,70295972,NO,897
chr16,31117043,31117705,NO,662
chr4,47502500,47512808,NO,10308
chr9,21832899,21833803,NO,904
chr13,46785274,46785995,NO,721
chr2,47427951,47428705,NO,754
chr8,58779189,58779978,NO,789
chr4,154649382,154650336,NO,954
chr9,75142122,75143039,NO,917
chr2,24587384,24588461,NO,1077
chr15,68676490,68677640,NO,1150
chr10,29678369,29679362,NO,993
chrX,122898717,122899637,NO,920
chr8,37700420,37701432,NO,1012
chr13,26480250,26481026,NO,776
chr2,196195409,196196334,NO,925
chr10,35806267,35807227,NO,960
chr6,18260710,18261646,NO,936
chr11,102319559,102320848,NO,1289
chr1,168025297,168025912,NO,615
chr3,128806732,128807493,NO,761
chr14,76334045,76335398,NO,1353
chr2,145444468,145445121,NO,653
chr5,35810461,35811968,NO,1507
chr10,116045698,116046438,NO,740
chr16,30953211,30953926,NO,715
chr2,26828532,26829602,NO,1070
chr8,29465885,29466744,NO,859
chr1,89195820,89197569,NO,1749
chr9,38376411,38389903,NO,13492
chr1,120836537,120837069,NO,532
chr5,87436642,87437293,NO,651
chr1,91917240,91918029,NO,789
chr1,219906535,219907481,NO,946
chr11,75962007,75962902,NO,895
chr3,114303299,114304237,NO,938
chr13,90015200,90015755,NO,555
chr18,6807486,6808231,NO,745
chr4,186140549,186141483,NO,934
chr14,90969363,90970592,NO,1229
chr1,2241305,2242278,NO,973
chr8,63922182,63923076,NO,894
chr9,130575591,130576676,NO,1085
chr1,10126605,10127444,NO,839
chr8,91952714,91953763,NO,1049
chr14,68407935,68408824,NO,889
chr12,70051012,70051932,NO,920
chr10,72501753,72503153,NO,1400
chr11,14562735,14563509,NO,774
chr8,18413125,18414367,NO,1242
chr7,45072555,45073647,NO,1092
chr12,26451750,26452604,NO,854
chr3,185868647,185869732,NO,1085
chr11,128515704,128516681,NO,977
chr3,184286701,184287576,NO,875
chr14,104060433,104074244,NO,13811
chr15,40874978,40875778,NO,800
chr6,151930288,151931264,NO,976
chr8,24207724,24209193,NO,1469
chr14,88595964,88596806,NO,842
chr20,19675345,19676194,NO,849
chr5,175079690,175080928,NO,1238
chr2,23603498,23604147,NO,649
chr1,28115925,28116823,NO,898
chr11,8980464,8981308,NO,844
chr8,24128955,24130039,NO,1084
chr12,30590013,30590888,NO,875
chr1,33177563,33178471,NO,908
chr8,41862863,41863688,NO,825
chr5,5704894,5705917,NO,1023
chr1,162414240,162415392,NO,1152
chr16,66685753,66695328,NO,9575
chr7,72366239,72367266,NO,1027
chr4,124621436,124622282,NO,846
chr16,64451909,64452724,NO,815
chr1,162640602,162641230,NO,628
chr10,74836281,74837066,NO,785
chr6,10404413,10405274,NO,861
chr19,14231916,14232741,NO,825
chr4,26198718,26199715,NO,997
chr9,79200185,79210990,NO,10805
chr2,188070612,188071349,NO,737
chr2,192301191,192301812,NO,621
chr19,17438715,17439696,NO,981
chr14,93435979,93437019,NO,1040
chr22,21976206,21977267,NO,1061
chr17,4775728,4776697,NO,969
chr10,35069448,35070508,NO,1060
chr15,39317564,39318383,NO,819
chr3,131538491,131539659,NO,1168
chr17,41773384,41774244,NO,860
chr5,148806418,148807331,NO,913
chr2,177337817,177338613,NO,796
chr20,3710325,3711436,NO,1111
chr9,99319059,99319979,NO,920
chr4,146451924,146453000,NO,1076
chr22,37475232,37476357,NO,1125
chr15,57843909,57854253,NO,10344
chr4,99124391,99125238,NO,847
chr9,27497745,27498830,NO,1085
chr1,2173003,2174005,NO,1002
chr1,110490092,110490899,NO,807
chr2,25626384,25627386,NO,1002
chr6,41499132,41500179,NO,1047
chr6,167094269,167095410,NO,1141
chr8,108994939,108995535,NO,596
chr8,65814828,65816080,NO,1252
chr11,115478024,115478880,NO,856
chr1,209830215,209831375,NO,1160
chr4,146980397,146981181,NO,784
chrX,14032684,14034439,NO,1755
chr7,138645666,138646551,NO,885
chr2,236735708,236736918,NO,1210
chr5,72913431,72914188,NO,757
chr8,66790979,66791727,NO,748
chr9,2389706,2390494,NO,788
chr5,125813065,125813887,NO,822
chr11,118392853,118393679,NO,826
chr3,19930360,19931327,NO,967
chr7,56067769,56068519,NO,750
chr13,31146764,31147529,NO,765
chr10,113152873,113153770,NO,897
chr4,79534561,79535831,NO,1270
chr3,149700756,149701263,NO,507
chr3,149182523,149183383,NO,860
chr18,43029123,43030050,NO,927
chr19,45786766,45787625,NO,859
chr6,113769415,113770465,NO,1050
chr2,72169822,72170723,NO,901
chr3,123834025,123834769,NO,744
chr5,153051454,153052713,NO,1259
chr22,27637756,27638608,NO,852
chr16,50337377,50338417,NO,1040
chr14,69906257,69907299,NO,1042
chr5,146845880,146846870,NO,990
chr2,205529783,205530445,NO,662
chr3,16379250,16380196,NO,946
chr20,62414726,62415819,NO,1093
chr6,90790390,90791115,NO,725
chrX,129194112,129194832,NO,720
chr19,1099463,1100326,NO,863
chr19,33822568,33823811,NO,1243
chr10,13965679,13966712,NO,1033
chr22,37373366,37374291,NO,925
chr7,2387231,2388018,NO,787
chr6,22622384,22623282,NO,898
chr10,90824651,90825263,NO,612
chr22,38413167,38414234,NO,1067
chr5,40733609,40734591,NO,982
chr17,7920191,7921101,NO,910
chr7,86578581,86579510,NO,929
chr20,43972859,43973718,NO,859
chr3,183148105,183148890,NO,785
chr9,14180442,14181246,NO,804
chr2,160106387,160107097,NO,710
chr17,28134903,28135954,NO,1051
chr20,22815830,22816982,NO,1152
chr22,39425778,39426886,NO,1108
chr1,247802685,247803293,NO,608
chr15,64262814,64263860,NO,1046
chr21,30471773,30472894,NO,1121
chr2,98235287,98236503,NO,1216
chr8,144626338,144627148,NO,810
chr1,30602779,30603581,NO,802
chr1,159773744,159774908,NO,1164
chr1,36765206,36766127,NO,921
chr5,162861281,162862008,NO,727
chr4,156512970,156513641,NO,671
chr18,21441955,21443028,NO,1073
chr10,53678266,53679085,NO,819
chr21,43880420,43881248,NO,828
chr7,46093867,46094595,NO,728
chr11,64096440,64097532,NO,1092
chr10,104059655,104060686,NO,1031
chr15,91435471,91436462,NO,991
chrX,68505128,68506098,NO,970
chr7,132116157,132116939,NO,782
chr15,37206682,37214345,NO,7663
chr7,16798629,16799789,NO,1160
chr16,69646851,69647716,NO,865
chr9,36765539,36766494,NO,955
chr17,40040922,40041682,NO,760
chr1,14920640,14921638,NO,998
chr11,129694917,129696062,NO,1145
chr16,55787141,55788174,NO,1033
chr2,70305504,70306325,NO,821
chr6,38180334,38181260,NO,926
chr5,137827371,137828368,NO,997
chrX,44767441,44775046,NO,7605
chr11,12290389,12291443,NO,1054
chr1,2249011,2249972,NO,961
chr1,9895555,9896689,NO,1134
chr1,2203647,2205121,NO,1474
chr16,67589417,67590139,NO,722
chr9,97865519,97866555,NO,1036
chr8,141517142,141518078,NO,936
chr10,5589640,5590559,NO,919
chr4,89780214,89781070,NO,856
chr6,34494768,34499800,NO,5032
chr13,113612882,113613727,NO,845
chr17,47393943,47394972,NO,1029
chr8,124031480,124032373,NO,893
chr20,4741234,4747820,NO,6586
chr2,227001169,227002072,NO,903
chr17,63738507,63739478,NO,971
chr18,3296990,3297638,NO,648
chr3,12493469,12504811,NO,11342
chr6,140240608,140241678,NO,1070
chr12,45662337,45663259,NO,922
chr2,118593499,118594208,NO,709
chr1,19371577,19372527,NO,950
chr5,178111339,178112091,NO,752
chr14,23280122,23280902,NO,780
chr2,230161089,230162568,NO,1479
chr1,48399673,48401047,NO,1374
chr3,143387718,143388736,NO,1018
chrX,118560998,118561828,NO,830
chr10,99223268,99224097,NO,829
chr6,5751464,5752560,NO,1096
chr6,5892513,5893209,NO,696
chr3,53052056,53052874,NO,818
chr1,25391261,25392533,NO,1272
chr2,233306781,233307919,NO,1138
chr10,99149637,99150590,NO,953
chr2,37248203,37248878,NO,675
chr9,102021347,102022327,NO,980
chr17,4837275,4838237,NO,962
chr3,39852931,39853835,NO,904
chr14,34649883,34651025,NO,1142
chr6,74098493,74099300,NO,807
chr6,144128588,144129505,NO,917
chr4,76105963,76106911,NO,948
chr4,30790555,30791426,NO,871
chr5,52232346,52244841,NO,12495
chr8,85137564,85138556,NO,992
chr20,13378069,13378740,NO,671
chr11,100655560,100656327,NO,767
chr10,93971178,93976484,NO,5306
chr18,34392953,34393707,NO,754
chr8,103765944,103766726,NO,782
chr17,39711081,39724100,NO,13019
chr20,33063817,33064510,NO,693
chr3,108321209,108322231,NO,1022
chr16,85493787,85494918,NO,1131
chr5,90263493,90264252,NO,759
chr2,10089508,10090494,NO,986
chr11,108070214,108071359,NO,1145
chr8,67004901,67005646,NO,745
chr9,107769349,107770194,NO,845
chr17,1526299,1527109,NO,810
chr16,47903398,47904285,NO,887
chr7,88025054,88025977,NO,923
chr6,25404743,25405477,NO,734
chr8,2179322,2180148,NO,826
chr10,77126150,77127438,NO,1288
chr10,80121784,80122949,NO,1165
chr9,72989502,72990331,NO,829
chr2,235080179,235081032,NO,853
chr11,128852270,128853263,NO,993
chr21,32715948,32716622,NO,674
chr12,106477481,106478466,NO,985
chr4,154000655,154001842,NO,1187
chr13,52338594,52339476,NO,882
chr10,49725596,49726628,NO,1032
chr14,58548777,58549835,NO,1058
chr21,37277321,37278268,NO,947
chr18,37421294,37422107,NO,813
chr3,11537238,11538270,NO,1032
chr1,2215434,2216288,NO,854
chr22,31076683,31077722,NO,1039
chr11,86516221,86517438,NO,1217
chr1,220718586,220719345,NO,759
chr3,136612548,136613462,NO,914
chr18,64349959,64350572,NO,613
chr5,141093221,141094036,NO,815
chr19,49201114,49201833,NO,719
chr16,14107454,14108179,NO,725
chr6,78078346,78078985,NO,639
chr8,102167646,102168751,NO,1105
chr19,1907397,1908619,NO,1222
chr1,212148955,212149769,NO,814
chr11,77024425,77024898,NO,473
chr6,22599888,22601056,NO,1168
chr7,81233150,81234373,NO,1223
chr9,112759782,112760922,NO,1140
chr6,34884662,34885737,NO,1075
chr1,182648870,182649733,NO,863
chr5,138077886,138078599,NO,713
chr11,124706200,124707019,NO,819
chr7,37768179,37769167,NO,988
chr8,97583162,97583923,NO,761
chr4,25423300,25424485,NO,1185
chr5,148700031,148701036,NO,1005
chr5,168587557,168588607,NO,1050
chr1,150824591,150825802,NO,1211
chr1,82764683,82766864,NO,2181
chr1,53611558,53612668,NO,1110
chr13,32724330,32737273,NO,12943
chr19,42413909,42414643,NO,734
chr3,23112780,23113393,NO,613
chr11,67201647,67202671,NO,1024
chr5,60745431,60746381,NO,950
chr22,22053025,22053882,NO,857
chr12,132315414,132316430,NO,1016
chr5,124012906,124013946,NO,1040
chr18,24326174,24327122,NO,948
chr4,3740478,3741570,NO,1092
chr1,180895134,180896242,NO,1108
chr4,26577789,26578666,NO,877
chr8,144714539,144715381,NO,842
chr19,6863211,6868649,NO,5438
chr18,61646396,61647229,NO,833
chr10,90758089,90759005,NO,916
chr5,177371019,177371918,NO,899
chr13,47215127,47216268,NO,1141
chr3,36337887,36338867,NO,980
chr22,46912766,46913670,NO,904
chr3,38982328,38982895,NO,567
chr3,171110720,171111550,NO,830
chr2,26474222,26475310,NO,1088
chr10,27737860,27738289,NO,429
chr9,91939579,91940311,NO,732
chr2,234394739,234395883,NO,1144
chr2,33141197,33141794,NO,597
chr3,129136293,129137146,NO,853
chr1,65292339,65293281,NO,942
chr13,22688833,22689629,NO,796
chr11,78512047,78513126,NO,1079
chr8,61729249,61741384,NO,12135
chr3,55590054,55590897,NO,843
chr17,49165761,49166544,NO,783
chr6,151261829,151262992,NO,1163
chr3,141263484,141264214,NO,730
chr15,77336578,77337314,NO,736
chr6,158066436,158067397,NO,961
chr20,43921981,43922833,NO,852
chr18,77384241,77385421,NO,1180
chr1,175483338,175491300,NO,7962
chr9,109459874,109460782,NO,908
chr7,107775836,107776902,NO,1066
chr7,23107128,23107790,NO,662
chr9,14424618,14425564,NO,946
chr16,79471702,79472624,NO,922
chr14,101237008,101237835,NO,827
chr19,8420615,8421481,NO,866
chr10,11239378,11252136,NO,12758
chr2,233195388,233196540,NO,1152
chr17,81066768,81067540,NO,772
chr19,11057641,11058363,NO,722
chr16,30177462,30178136,NO,674
chr12,102820674,102821723,NO,1049
chr22,32726994,32728017,NO,1023
chr14,74365876,74366735,NO,859
chr13,19724985,19725672,NO,687
chr12,122855680,122856712,NO,1032
chr14,91735381,91736127,NO,746
chr5,141970186,141971353,NO,1167
chr12,122937053,122937872,NO,819
chr6,88380770,88381723,NO,953
chr1,24833363,24834402,NO,1039
chr10,21783342,21784105,NO,763
chr20,35258255,35259105,NO,850
chr17,3848114,3848827,NO,713
chr6,25971694,25972588,NO,894
chr4,95439870,95440761,NO,891
chr7,46574343,46575353,NO,1010
chrX,133056762,133057915,NO,1153
chr5,132465525,132466366,NO,841
chr20,57939271,57940732,NO,1461
chr8,22515987,22517240,NO,1253
chr4,36387581,36388252,NO,671
chr19,45106592,45110862,NO,4270
chr2,86452582,86453282,NO,700
chr14,91124812,91125736,NO,924
chr14,33824794,33826015,NO,1221
chr18,48887352,48888593,NO,1241
chr15,90814222,90815335,NO,1113
chr17,65160794,65161447,NO,653
chr12,54623323,54624118,NO,795
chr7,141588658,141589694,NO,1036
chr16,68563549,68564535,NO,986
chr14,64212371,64213105,NO,734
chr20,23317163,23317958,NO,795
chr4,186714835,186715663,NO,828
chr4,90164405,90165159,NO,754
chr1,239979429,239980166,NO,737
chr20,23191873,23192713,NO,840
chr9,110745030,110752647,NO,7617
chr20,62417136,62417854,NO,718
chr17,39256402,39257058,NO,656
chr9,7368366,7369064,NO,698
chr13,44271365,44272298,NO,933
chr11,12745982,12746746,NO,764
chr5,148813106,148814150,NO,1044
chr5,119475297,119476172,NO,875
chr1,21178415,21179349,NO,934
chr5,166456276,166457315,NO,1039
chr9,98054516,98055065,NO,549
chr10,67100975,67102361,NO,1386
chr10,42983712,42984411,NO,699
chr7,2322647,2323574,NO,927
chr15,51177409,51178134,NO,725
chr16,29851025,29851902,NO,877
chr8,27765563,27766550,NO,987
chr16,2217285,2218092,NO,807
chr18,19266285,19267126,NO,841
chr15,76868800,76869917,NO,1117
chr2,236547657,236548383,NO,726
chr6,2979462,2980075,NO,613
chr2,86412801,86413476,NO,675
chr6,34382487,34383313,NO,826
chr20,32446853,32447724,NO,871
chr5,154275440,154276514,NO,1074
chr14,97211787,97212624,NO,837
chr4,101036946,101037791,NO,845
chr16,85815183,85816166,NO,983
chr14,80959776,80960362,NO,586
chr7,151418231,151419238,NO,1007
chr3,47388411,47389290,NO,879
chr14,56392368,56393161,NO,793
chr16,67485011,67486170,NO,1159
chr5,148812219,148813105,NO,886
chr15,77452913,77453857,NO,944
chr8,80803672,80804278,NO,606
chr2,220107798,220108597,NO,799
chr8,94550345,94551195,NO,850
chr20,49360605,49361282,NO,677
chr7,151466328,151467033,NO,705
chr9,113910345,113912118,NO,1773
chr7,31066240,31067239,NO,999
chr15,76214500,76215558,NO,1058
chr11,46120665,46122572,NO,1907
chr8,79768530,79769891,NO,1361
chr16,88496813,88497723,NO,910
chr3,70047821,70048526,NO,705
chr9,6197714,6198818,NO,1104
chr1,179938178,179939052,NO,874
chr19,1831800,1832754,NO,954
chr2,2443802,2444592,NO,790
chr6,15575686,15576356,NO,670
chr2,113345992,113346802,NO,810
chr9,4086093,4087133,NO,1040
chr4,166125381,166126387,NO,1006
chr12,50177412,50191917,NO,14505
chr5,6766635,6767465,NO,830
chr4,89028511,89029509,NO,998
chr1,209793439,209794532,NO,1093
chr3,169105456,169106290,NO,834
chr1,176179954,176181382,NO,1428
chr10,6532912,6534120,NO,1208
chr3,71828687,71829435,NO,748
chr2,5836373,5837242,NO,869
chr18,66470965,66471542,NO,577
chr10,75350831,75351537,NO,706
chr5,169979265,169980365,NO,1100
chr1,162297117,162298216,NO,1099
chr19,47765605,47766567,NO,962
chr4,169178769,169179782,NO,1013
chr17,36667365,36668213,NO,848
chr3,21713497,21714293,NO,796
chr2,191812224,191813110,NO,886
chr3,107646348,107647049,NO,701
chr6,5657921,5658569,NO,648
chr9,130644618,130645648,NO,1030
chr11,74292241,74292954,NO,713
chr1,108386587,108387527,NO,940
chr1,209817806,209818923,NO,1117
chr1,204421890,204422871,NO,981
chr11,76049764,76050691,NO,927
chr16,3481526,3482385,NO,859
chr9,16100334,16101216,NO,882
chr19,3067539,3068470,NO,931
chr20,32276001,32277216,NO,1215
chr18,44176186,44181709,NO,5523
chr3,113467595,113468514,NO,919
chr7,50666184,50667001,NO,817
chr13,60057687,60058465,NO,778
chr5,95062835,95064038,NO,1203
chr19,29227527,29228162,NO,635
chr2,48752751,48753452,NO,701
chr15,56189545,56190221,NO,676
chr1,200749445,200750355,NO,910
chr21,37606061,37606726,NO,665
chr15,77360163,77360822,NO,659
chr12,123721958,123722826,NO,868
chr19,52451984,52452899,NO,915
chr3,5698329,5699063,NO,734
chr11,64090772,64091739,NO,967
chr8,41365169,41373413,NO,8244
chr9,116975854,116976761,NO,907
chr6,17884629,17885390,NO,761
chr20,48227094,48228190,NO,1096
chr19,23257825,23258634,NO,809
chr1,17286837,17287877,NO,1040
chr7,36933973,36934903,NO,930
chr6,158621585,158622407,NO,822
chr16,20227900,20228929,NO,1029
chr16,14463704,14464776,NO,1072
chr1,116269877,116270869,NO,992
chr1,93507536,93508680,NO,1144
chr8,52851648,52852240,NO,592
chr3,149499057,149499903,NO,846
chr2,44313997,44315026,NO,1029
chr2,162927107,162927941,NO,834
chr5,112383533,112386913,NO,3380
chr20,39700982,39701986,NO,1004
chr1,7841938,7842812,NO,874
chr6,166649902,166650883,NO,981
chr2,216948945,216949891,NO,946
chr3,160752760,160753570,NO,810
chr19,19179807,19180482,NO,675
chrX,65294544,65295359,NO,815
chr1,215570789,215571573,NO,784
chr4,75071693,75072379,NO,686
chr2,106489594,106490597,NO,1003
chr16,56742379,56743373,NO,994
chr15,100913057,100913759,NO,702
chr12,12263824,12264571,NO,747
chr11,34296221,34297053,NO,832
chr3,134229850,134230917,NO,1067
chr12,130529526,130530350,NO,824
chr16,71851527,71852471,NO,944
chr3,46599843,46600540,NO,697
chr15,51344082,51344812,NO,730
chr6,111946833,111947575,NO,742
chr11,117043570,117044447,NO,877
chr9,72611155,72611758,NO,603
chr1,49201386,49202319,NO,933
chr15,59271669,59274164,NO,2495
chr14,98037798,98038873,NO,1075
chrX,43828425,43829316,NO,891
chr21,35214686,35215655,NO,969
chr5,61932479,61933270,NO,791
chr8,41787421,41788139,NO,718
chr10,75003701,75004389,NO,688
chr5,110887028,110887942,NO,914
chr10,79731093,79731824,NO,731
chr11,67213281,67214079,NO,798
chr22,25516052,25517191,NO,1139
chr8,125967936,125968652,NO,716
chr3,20167014,20167857,NO,843
chr5,156340344,156341350,NO,1006
chr22,22011727,22012464,NO,737
chr8,22402463,22403419,NO,956
chr1,33737946,33739222,NO,1276
chr6,154675323,154676223,NO,900
chr19,14188813,14189793,NO,980
chr1,204391434,204392321,NO,887
chrX,49968598,49969453,NO,855
chr19,54271677,54279112,NO,7435
chr5,14357229,14358329,NO,1100
chr1,200153184,200154071,NO,887
chr8,16870359,16871192,NO,833
chr19,8204229,8205136,NO,907
chr3,75350195,75351034,NO,839
chrX,149282382,149282973,NO,591
chr5,146933776,146934509,NO,733
chr2,9778221,9778927,NO,706
chr1,4523251,4524493,NO,1242
chr1,230434818,230435652,NO,834
chr2,161776906,161777677,NO,771
chr1,45350128,45350964,NO,836
chr6,41813954,41814814,NO,860
chr2,210682262,210682990,NO,728
chr3,15973559,15974421,NO,862
chr17,13899235,13900269,NO,1034
chr8,64438333,64439308,NO,975
chr6,109103227,109104026,NO,799
chr5,5784119,5784953,NO,834
chr2,38440832,38441872,NO,1040
chr12,128043830,128044929,NO,1099
chr1,146676074,146676648,NO,574
chr5,151906675,151907308,NO,633
chr9,102971942,102972553,NO,611
chr1,165853326,165854362,NO,1036
chr5,50006843,50007671,NO,828
chr3,184735288,184735887,NO,599
chr17,74749206,74750280,NO,1074
chr12,131600806,131601695,NO,889
chr18,30781272,30782040,NO,768
chr11,74661501,74662330,NO,829
chr19,19750518,19751404,NO,886
chr9,80077491,80078300,NO,809
chr2,177755585,177756209,NO,624
chr9,113758528,113759299,NO,771
chr20,43983529,43984590,NO,1061
chr17,59981463,59982420,NO,957
chr17,48666840,48667937,NO,1097
chr13,67408884,67409830,NO,946
chr17,34039921,34040686,NO,765
chr15,52756140,52757564,NO,1424
chr2,64082765,64083635,NO,870
chr8,105333617,105334726,NO,1109
chr18,55394965,55395837,NO,872
chr15,50865106,50865875,NO,769
chr2,30931274,30932424,NO,1150
chr2,68452177,68452882,NO,705
chr22,39801155,39808696,NO,7541
chr7,122442236,122442931,NO,695
chr5,168491252,168492476,NO,1224
chr11,74616041,74616988,NO,947
chr21,45254796,45255527,NO,731
chr5,67095836,67096714,NO,878
chr6,22071673,22072476,NO,803
chr1,226714054,226715045,NO,991
chr11,85393456,85394104,NO,648
chr3,172376711,172377615,NO,904
chr17,9652894,9653903,NO,1009
chr1,78277241,78277846,NO,605
chr12,51656321,51657052,NO,731
chr15,101077162,101078255,NO,1093
chr20,62036852,62037739,NO,887
chr2,225712476,225713285,NO,809
chr16,2224096,2224996,NO,900
chr21,37205852,37206796,NO,944
chr5,135081777,135082409,NO,632
chr2,174495362,174496171,NO,809
chr12,93113391,93114311,NO,920
chr9,91144101,91145179,NO,1078
chr6,132302506,132327057,NO,24551
chr8,39404633,39405590,NO,957
chr10,121377934,121378811,NO,877
chr1,179187203,179188144,NO,941
chr4,122174715,122175673,NO,958
chr3,114973261,114974488,NO,1227
chr1,109133997,109135193,NO,1196
chr2,69981665,69994979,NO,13314
chr17,33621887,33622726,NO,839
chr17,42965716,42966633,NO,917
chr14,75114238,75115201,NO,963
chr9,116231136,116231787,NO,651
chr7,8240884,8252628,NO,11744
chr9,91347235,91347976,NO,741
chr22,39892121,39892946,NO,825
chr6,152420883,152421749,NO,866
chr12,26800543,26801450,NO,907
chr2,173261343,173262297,NO,954
chr1,19506103,19506808,NO,705
chr5,139752270,139753419,NO,1149
chr3,25096975,25097769,NO,794
chr18,30310546,30311190,NO,644
chr1,88060302,88061228,NO,926
chr12,40405094,40405929,NO,835
chr15,70558616,70559413,NO,797
chr18,57684427,57685000,NO,573
chr19,34140232,34141248,NO,1016
chr6,16836393,16837189,NO,796
chr15,49086839,49087470,NO,631
chr15,49267692,49268640,NO,948
chr3,194261095,194261765,NO,670
chr8,129262458,129263194,NO,736
chr7,43873831,43878776,NO,4945
chr19,52289702,52290645,NO,943
chr12,58211070,58211887,NO,817
chr1,113448255,113449072,NO,817
chr19,42288181,42289469,NO,1288
chr16,12256377,12256864,NO,487
chr16,27502921,27503874,NO,953
chr9,137626996,137628031,NO,1035
chr8,81750578,81751384,NO,806
chr1,48122110,48123111,NO,1001
chr2,153586886,153587788,NO,902
chr4,169498723,169499446,NO,723
chr17,73832315,73833242,NO,927
chr1,33390450,33391081,NO,631
chr9,93531999,93532880,NO,881
chr5,70248047,70248659,NO,612
chr5,69372627,69373239,NO,612
chr5,141479532,141480708,NO,1176
chr10,64996256,64996964,NO,708
chr2,237983972,237984921,NO,949
chr8,601795,602562,NO,767
chr22,29156096,29156954,NO,858
chr6,12208409,12209317,NO,908
chr2,13058608,13059506,NO,898
chr20,36146831,36147845,NO,1014
chr2,11432703,11433408,NO,705
chr3,48100259,48101077,NO,818
chr2,100171945,100172662,NO,717
chr9,86785285,86786231,NO,946
chr2,242174303,242175295,NO,992
chr10,6075988,6077116,NO,1128
chr4,71871961,71872681,NO,720
chr17,29167812,29168432,NO,620
chr10,117701647,117702355,NO,708
chr16,87813800,87814557,NO,757
chr20,57638383,57639554,NO,1171
chr14,39459176,39459976,NO,800
chr6,30168506,30170039,NO,1533
chr13,61364605,61365235,NO,630
chr20,62705928,62706720,NO,792
chr17,9840157,9841247,NO,1090
chr7,44134709,44135863,NO,1154
chr18,47172012,47173022,NO,1010
chr1,45313410,45327113,NO,13703
chr11,45921173,45921841,NO,668
chr7,75099672,75100698,NO,1026
chr7,30884979,30885950,NO,971
chr7,65210565,65211414,NO,849
chr20,62454974,62455817,NO,843
chr12,53221265,53222040,NO,775
chr18,20658602,20659382,NO,780
chr1,46838982,46840018,NO,1036
chr5,179453542,179454343,NO,801
chr2,232388177,232389063,NO,886
chr7,76094911,76095748,NO,837
chr17,62293659,62294458,NO,799
chrX,70760685,70761781,NO,1096
chr15,81867686,81868445,NO,759
chr3,27575140,27576335,NO,1195
chr12,19635364,19636392,NO,1028
chr5,110865768,110866644,NO,876
chr10,61147330,61148547,NO,1217
chr5,36744619,36745420,NO,801
chr2,203065664,203066538,NO,874
chr6,18171812,18172413,NO,601
chr10,27857412,27858217,NO,805
chr17,15869500,15870551,NO,1051
chr9,35636390,35637037,NO,647
chr12,52384059,52384941,NO,882
chr21,36628709,36629482,NO,773
chr18,23083291,23083948,NO,657
chr8,110534844,110535513,NO,669
chr12,9539979,9540741,NO,762
chr1,113525394,113526510,NO,1116
chr2,239505261,239506024,NO,763
chr1,161164669,161165544,NO,875
chr12,100854048,100854854,NO,806
chr9,16884756,16885577,NO,821
chr4,148079087,148079913,NO,826
chr11,72783870,72796804,NO,12934
chr15,94802894,94803850,NO,956
chr15,38272160,38272837,NO,677
chr22,33667430,33668468,NO,1038
chr14,23321924,23322996,NO,1072
chr3,38143390,38144478,NO,1088
chr20,62400514,62401502,NO,988
chr11,85673027,85679473,NO,6446
chr12,52673707,52674585,NO,878
chr1,22615642,22616650,NO,1008
chr17,4278453,4279347,NO,894
chr10,5276169,5276849,NO,680
chr22,49745060,49745871,NO,811
chr9,124930909,124931600,NO,691
chr5,60993426,60994406,NO,980
chrX,3467107,3468019,NO,912
chr12,104020566,104021550,NO,984
chr5,93930749,93931401,NO,652
chr10,78314564,78315418,NO,854
chr1,110957470,110980328,NO,22858
chr15,29744968,29745804,NO,836
chr4,101958964,101959647,NO,683
chr10,100453965,100454763,NO,798
chr9,128666501,128667215,NO,714
chr9,3863204,3876128,NO,12924
chr8,130678073,130678810,NO,737
chr7,4026565,4027635,NO,1070
chrX,38727812,38728585,NO,773
chr20,56653658,56654581,NO,923
chr5,39441958,39442755,NO,797
chr7,65364201,65364842,NO,641
chr18,37033776,37034395,NO,619
chr20,43524809,43525533,NO,724
chr22,42740358,42741137,NO,779
chr7,158522799,158523692,NO,893
chr11,113059250,113060023,NO,773
chr16,67490150,67490927,NO,777
chr10,65274751,65275539,NO,788
chr2,19519165,19520036,NO,871
chr4,125384582,125385174,NO,592
chr5,57251628,57252318,NO,690
chr6,12608007,12608880,NO,873
chr3,193498585,193499409,NO,824
chr1,60460808,60461660,NO,852
chr1,204194976,204195701,NO,725
chr1,224920630,224921732,NO,1102
chr11,132708639,132709461,NO,822
chrX,153594349,153595303,NO,954
chr11,9201842,9202701,NO,859
chr7,40740273,40741259,NO,986
chr14,68230404,68231047,NO,643
chr5,161178386,161178954,NO,568
chr7,81314217,81314872,NO,655
chr4,37643414,37644469,NO,1055
chr13,80657666,80658363,NO,697
chr5,57187288,57187997,NO,709
chr6,13638594,13639250,NO,656
chr2,160430246,160430862,NO,616
chr2,226866824,226867547,NO,723
chr5,81817573,81818357,NO,784
chr4,15480590,15481525,NO,935
chr17,1469736,1470528,NO,792
chr4,76829444,76830430,NO,986
chr4,1236982,1237889,NO,907
chr10,97884189,97884830,NO,641
chr3,119418952,119419632,NO,680
chr17,55303780,55304485,NO,705
chr16,47813217,47814076,NO,859
chr10,12256663,12257595,NO,932
chr19,5894471,5895336,NO,865
chr7,2337432,2338232,NO,800
chr5,117224294,117224910,NO,616
chr20,3758050,3758909,NO,859
chr4,186520549,186521487,NO,938
chr6,144223285,144224434,NO,1149
chr9,33354292,33355319,NO,1027
chr5,42377378,42378637,NO,1259
chr12,72081352,72088395,NO,7043
chr9,33759224,33760392,NO,1168
chr17,36203429,36204463,NO,1034
chr6,156204814,156205526,NO,712
chr12,131302882,131312678,NO,9796
chr1,226557921,226570193,NO,12272
chr6,81740832,81741576,NO,744
chr10,60110592,60111625,NO,1033
chr13,110443235,110444018,NO,783
chr14,24776257,24778058,NO,1801
chr1,225881866,225882614,NO,748
chr1,100678605,100679281,NO,676
chr10,71605567,71606312,NO,745
chr5,123044645,123045548,NO,903
chr7,155283145,155284180,NO,1035
chr1,9362718,9363499,NO,781
chr12,29793536,29794433,NO,897
chr9,125447915,125448536,NO,621
chr8,39976338,39983160,NO,6822
chr8,22440259,22441124,NO,865
chr7,66482596,66483405,NO,809
chr1,59387781,59388728,NO,947
chr12,26116445,26117193,NO,748
chr4,15035540,15036340,NO,800
chr9,119747745,119748475,NO,730
chr6,136930754,136931760,NO,1006
chr10,7203542,7204645,NO,1103
chr8,128882942,128883767,NO,825
chr1,198203655,198204270,NO,615
chr17,71064135,71064716,NO,581
chr2,10567709,10568778,NO,1069
chr14,21523493,21524404,NO,911
chr9,130938564,130939346,NO,782
chr8,135613178,135614250,NO,1072
chr21,28173187,28174012,NO,825
chrX,150010072,150011001,NO,929
chrX,49513354,49514151,NO,797
chr4,16761545,16762521,NO,976
chr4,153475468,153476357,NO,889
chr3,191941674,191942990,NO,1316
chr1,186051102,186051883,NO,781
chr2,694890,695678,NO,788
chr22,39930153,39931034,NO,881
chr3,139017853,139018633,NO,780
chr9,71076894,71077681,NO,787
chr22,44248803,44249804,NO,1001
chrX,49036788,49037470,NO,682
chr1,27940626,27941389,NO,763
chr9,130499264,130499949,NO,685
chr1,83489988,83490691,NO,703
chr10,36053841,36054561,NO,720
chr5,138410720,138411624,NO,904
chr1,180215762,180216964,NO,1202
chr2,12047066,12047975,NO,909
chr8,106636242,106646140,NO,9898
chrX,131121309,131122025,NO,716
chr19,20847762,20848495,NO,733
chr8,37947801,37948341,NO,540
chr3,30327467,30328217,NO,750
chr12,47985260,47986044,NO,784
chr1,68842028,68850227,NO,8199
chr10,86120444,86121278,NO,834
chr5,114819647,114820434,NO,787
chr2,24658214,24675683,NO,17469
chr14,72265538,72266307,NO,769
chr2,198492661,198493426,NO,765
chrX,39504479,39505190,NO,711
chr4,80827702,80828442,NO,740
chr16,27460712,27461635,NO,923
chr8,54531165,54532036,NO,871
chr5,158877894,158878901,NO,1007
chr14,33292803,33293807,NO,1004
chr3,48309444,48310219,NO,775
chr6,11968933,11976406,NO,7473
chr21,43308631,43309728,NO,1097
chr10,29420900,29421650,NO,750
chr2,32862497,32863258,NO,761
chr16,3727028,3727792,NO,764
chr17,17208029,17208966,NO,937
chr6,161796180,161797141,NO,961
chr10,73092798,73104220,NO,11422
chr8,84882843,84883320,NO,477
chr5,86315625,86316633,NO,1008
chr7,17029206,17030156,NO,950
chr1,155469695,155470590,NO,895
chr13,93251344,93252073,NO,729
chr15,92638656,92639699,NO,1043
chr15,55614543,55615478,NO,935
chr17,663688,664445,NO,757
chr15,67200277,67201157,NO,880
chr19,53312929,53313646,NO,717
chr9,4237768,4238447,NO,679
chr1,89535740,89547177,NO,11437
chr7,72980069,72981005,NO,936
chr6,44090504,44091564,NO,1060
chr1,229011554,229012438,NO,884
chr16,56848307,56848985,NO,678
chr8,117707145,117708050,NO,905
chr7,2177691,2178690,NO,999
chr15,66096562,66097751,NO,1189
chr1,90158280,90159036,NO,756
chr1,61869472,61870260,NO,788
chr10,104040223,104041092,NO,869
chr4,74959901,74960811,NO,910
chr18,42379640,42380778,NO,1138
chr1,53833178,53834074,NO,896
chr5,61727756,61728462,NO,706
chr4,99389546,99390339,NO,793
chr12,22146136,22147056,NO,920
chr20,39228946,39229935,NO,989
chr17,36882525,36883473,NO,948
chr2,12237952,12238857,NO,905
chr6,2522455,2523598,NO,1143
chr12,52637459,52638550,NO,1091
chr1,200592976,200594000,NO,1024
chr1,98088335,98089064,NO,729
chr6,2127593,2128301,NO,708
chrX,48002004,48002666,NO,662
chr22,17849754,17850484,NO,730
chr1,150412283,150413107,NO,824
chr2,241551742,241552632,NO,890
chr2,97578828,97580186,NO,1358
chr10,38321340,38321990,NO,650
chr12,64215360,64216350,NO,990
chr1,228582404,228583245,NO,841
chr6,32816132,32817032,NO,900
chr8,1735694,1736549,NO,855
chr3,52754897,52755830,NO,933
chr3,160698429,160699205,NO,776
chr7,27200040,27200938,NO,898
chr19,18704852,18705586,NO,734
chr21,31011384,31029601,NO,18217
chr22,39438677,39439418,NO,741
chr20,35672286,35672954,NO,668
chr12,31782435,31783597,NO,1162
chr22,37177524,37178216,NO,692
chr12,90114771,90115732,NO,961
chr16,3111830,3112815,NO,985
chr7,62528233,62529249,NO,1016
chr3,11242692,11243779,NO,1087
chr2,124673175,124673929,NO,754
chr11,12935810,12936786,NO,976
chr1,2190152,2190962,NO,810
chr3,43834115,43835087,NO,972
chr15,36278171,36279236,NO,1065
chr6,150643291,150644296,NO,1005
chr3,185484446,185485207,NO,761
chr15,41139025,41139807,NO,782
chr5,175488047,175488618,NO,571
chr10,63594616,63595328,NO,712
chrX,2532465,2533233,NO,768
chr8,50355348,50356105,NO,757
chr1,12748599,12749398,NO,799
chr18,29896812,29897452,NO,640
chr6,16179804,16180592,NO,788
chr2,7693085,7693791,NO,706
chr11,58291940,58293220,NO,1280
chr2,7956067,7956733,NO,666
chr16,3131262,3132035,NO,773
chr2,150716477,150717301,NO,824
chr1,111691836,111705416,NO,13580
chr20,15891846,15892634,NO,788
chr15,79862599,79863434,NO,835
chr1,192936445,192937147,NO,702
chr4,159857246,159857996,NO,750
chr10,74291988,74292783,NO,795
chr16,65058472,65059565,NO,1093
chr1,46528238,46531509,NO,3271
chr11,43768251,43769045,NO,794
chr11,128099144,128106260,NO,7116
chr15,57576315,57576962,NO,647
chr19,2227604,2228331,NO,727
chr9,102482621,102483345,NO,724
chr7,49304013,49304804,NO,791
chrX,17615687,17616479,NO,792
chr8,122557756,122558629,NO,873
chr5,133265866,133266604,NO,738
chr2,223573863,223579593,NO,5730
chr3,30867612,30868350,NO,738
chr8,23749473,23750346,NO,873
chr21,26940269,26941169,NO,900
chr14,22538677,22539574,NO,897
chr2,83812388,83813062,NO,674
chr15,40803291,40804039,NO,748
chr11,123430733,123431470,NO,737
chr15,96724500,96725390,NO,890
chr4,323664,324160,NO,496
chr21,43517933,43518736,NO,803
chr20,50647967,50648711,NO,744
chr8,30375019,30383663,NO,8644
chr17,49209401,49210121,NO,720
chr4,187622664,187623345,NO,681
chr5,114935129,114936080,NO,951
chr2,106754473,106755283,NO,810
chrX,1452479,1453386,NO,907
chr3,46561914,46562742,NO,828
chr11,125009637,125010576,NO,939
chrX,135112189,135113187,NO,998
chr1,30457388,30458116,NO,728
chr3,138536968,138537676,NO,708
chr11,72646813,72647789,NO,976
chr18,47256300,47257167,NO,867
chr11,118711906,118712850,NO,944
chr9,103173606,103174465,NO,859
chr15,76488560,76489601,NO,1041
chr2,6326532,6327120,NO,588
chr3,24201997,24202750,NO,753
chr3,52683034,52683831,NO,797
chr12,96017770,96025073,NO,7303
chr12,124143852,124144513,NO,661
chr14,64116686,64117549,NO,863
chr16,12104086,12105035,NO,949
chr1,48280353,48281174,NO,821
chr15,41378252,41378927,NO,675
chr11,58442097,58442958,NO,861
chr1,20575237,20576037,NO,800
chr9,97562892,97564090,NO,1198
chr2,224705779,224706465,NO,686
chr10,37090840,37091812,NO,972
chr6,31523713,31524662,NO,949
chr2,26290899,26291920,NO,1021
chr9,98685428,98686136,NO,708
chr18,56245867,56246974,NO,1107
chr11,13282577,13283346,NO,769
chr11,865968,866778,NO,810
chr13,95878775,95879668,NO,893
chrX,128811792,128812631,NO,839
chr4,164403275,164403715,NO,440
chr1,90408307,90409396,NO,1089
chr3,58069797,58070717,NO,920
chr9,78114539,78115617,NO,1078
chr6,3001514,3002393,NO,879
chr20,3835137,3836460,NO,1323
chr8,142192011,142192779,NO,768
chr2,10357053,10357776,NO,723
chr12,93561536,93562339,NO,803
chr7,148317439,148334727,NO,17288
chrX,41418656,41419408,NO,752
chr10,98797266,98797827,NO,561
chr21,38666870,38667640,NO,770
chr8,37487705,37488362,NO,657
chr1,2105524,2106431,NO,907
chr19,10055801,10056495,NO,694
chr17,7164100,7164965,NO,865
chr2,101987694,101988821,NO,1127
chr10,112029217,112029962,NO,745
chr9,120525761,120526570,NO,809
chr1,173300807,173301582,NO,775
chr8,28861654,28862516,NO,862
chr7,85260091,85260729,NO,638
chr3,63945738,63946485,NO,747
chr2,189494079,189495048,NO,969
chr5,179154116,179155014,NO,898
chr13,49671453,49672602,NO,1149
chr12,25486553,25487225,NO,672
chr13,77087305,77087882,NO,577
chr5,112581984,112582652,NO,668
chr19,42956594,42957369,NO,775
chr19,43844921,43845811,NO,890
chr7,100039309,100040287,NO,978
chr9,104211332,104211998,NO,666
chr13,97991314,97992195,NO,881
chrX,102893099,102894165,NO,1066
chr7,29845962,29846717,NO,755
chr12,90365586,90366376,NO,790
chr2,237740,238473,NO,733
chr18,11259439,11260121,NO,682
chr12,12234930,12235532,NO,602
chr5,72233199,72234428,NO,1229
chr12,76669990,76670892,NO,902
chr17,30023073,30023768,NO,695
chr16,57972328,57973043,NO,715
chr18,72191060,72191890,NO,830
chr8,26663965,26664752,NO,787
chr11,111715916,111716810,NO,894
chr2,66722865,66723827,NO,962
chr1,167356241,167357273,NO,1032
chr2,38964666,38965368,NO,702
chr4,74534343,74535433,NO,1090
chr4,26994411,26995159,NO,748
chr14,53834276,53835144,NO,868
chrX,153587167,153588056,NO,889
chr8,124477986,124478896,NO,910
chr12,69890998,69891719,NO,721
chr18,10424611,10425214,NO,603
chr3,44726752,44727374,NO,622
chr11,133022515,133023667,NO,1152
chr14,74936181,74937358,NO,1177
chr7,123283757,123284746,NO,989
chr15,50426468,50427307,NO,839
chr2,197848288,197849401,NO,1113
chr3,21103997,21104893,NO,896
chr3,75263490,75263886,NO,396
chrX,134480835,134481584,NO,749
chr19,36591239,36592058,NO,819
chr9,117080200,117081042,NO,842
chr5,38552763,38553679,NO,916
chr4,3829220,3829969,NO,749
chr17,74530963,74531939,NO,976
chr11,12577590,12578331,NO,741
chr15,36694803,36700517,NO,5714
chrX,22970193,22971357,NO,1164
chr17,56072548,56073360,NO,812
chr4,80928587,80938819,NO,10232
chr11,1924984,1925711,NO,727
chr4,15255466,15256239,NO,773
chr7,121776618,121777178,NO,560
chr22,28245765,28246505,NO,740
chr7,64520165,64520776,NO,611
chr17,40736929,40737817,NO,888
chr14,76292051,76292782,NO,731
chr10,44358300,44359129,NO,829
chr6,169512773,169513501,NO,728
chr12,39165539,39166114,NO,575
chr10,89417015,89417722,NO,707
chr1,204480457,204481237,NO,780
chr10,115651162,115652034,NO,872
chr12,54964771,54965630,NO,859
chr3,81603623,81604481,NO,858
chrX,65364066,65364737,NO,671
chr10,35438212,35443136,NO,4924
chr5,9060303,9061457,NO,1154
chr10,46052604,46053528,NO,924
chr14,72943072,72943858,NO,786
chr1,107789418,107790678,NO,1260
chr5,39543095,39543837,NO,742
chr1,153341585,153342521,NO,936
chr5,6372278,6373409,NO,1131
chr14,32512675,32513398,NO,723
chr2,11397192,11397739,NO,547
chr9,7935888,7936690,NO,802
chr5,14250688,14251932,NO,1244
chr4,99627415,99628352,NO,937
chr2,21478578,21479318,NO,740
chr15,92323242,92324343,NO,1101
chr9,32395645,32396254,NO,609
chr18,9082712,9083610,NO,898
chr17,49189793,49190534,NO,741
chr13,113260247,113261052,NO,805
chr12,42188643,42189367,NO,724
chr20,30482838,30483595,NO,757
chr2,220860116,220860981,NO,865
chr17,12400361,12401398,NO,1037
chr21,46001623,46002508,NO,885
chr10,69543040,69543849,NO,809
chr15,83760841,83761444,NO,603
chr20,17936394,17937384,NO,990
chr14,72807882,72808631,NO,749
chr18,77694273,77695012,NO,739
chr6,83796032,83796781,NO,749
chr3,142164477,142165239,NO,762
chr9,12994331,12995437,NO,1106
chr7,152240654,152241456,NO,802
chr2,218298996,218299757,NO,761
chr13,30278504,30279178,NO,674
chr7,158110081,158111006,NO,925
chr20,60294308,60295283,NO,975
chr4,108918068,108918900,NO,832
chr16,53404530,53405180,NO,650
chr15,66079879,66080541,NO,662
chr12,92381735,92396491,NO,14756
chr19,42528633,42529742,NO,1109
chr2,144338492,144339377,NO,885
chr6,4138017,4138754,NO,737
chr10,14993306,14994437,NO,1131
chr7,44124871,44125914,NO,1043
chr8,66842733,66843483,NO,750
chr5,17413420,17414295,NO,875
chr8,100510778,100511474,NO,696
chr15,96163964,96164768,NO,804
chr1,200838927,200839665,NO,738
chr6,136548077,136548754,NO,677
chrX,133132767,133133603,NO,836
chr19,33650902,33651954,NO,1052
chr16,67520403,67521150,NO,747
chr2,218120418,218121125,NO,707
chr21,34304683,34305413,NO,730
chr6,157375709,157376443,NO,734
chr7,105127921,105128717,NO,796
chr5,169194914,169195652,NO,738
chr14,95686615,95687381,NO,766
chr12,65930870,65931859,NO,989
chr5,148522986,148524138,NO,1152
chr16,84172380,84173141,NO,761
chr22,39384025,39384708,NO,683
chr19,2069579,2070327,NO,748
chr9,130664356,130665058,NO,702
chr2,33445495,33446533,NO,1038
chr12,115791869,115792564,NO,695
chr3,40355273,40356477,NO,1204
chr1,36923176,36923866,NO,690
chr11,82744814,82745653,NO,839
chr4,43900839,43901329,NO,490
chr2,40008013,40008693,NO,680
chr19,18534308,18535221,NO,913
chr17,76969255,76969995,NO,740
chr6,151633873,151634685,NO,812
chr19,1838438,1839082,NO,644
chr7,84690839,84691554,NO,715
chr2,151621040,151621908,NO,868
chr20,4277842,4278596,NO,754
chr9,20700717,20701394,NO,677
chr4,118908379,118909448,NO,1069
chr2,160353885,160354639,NO,754
chr3,19580995,19581632,NO,637
chr4,138450719,138451558,NO,839
chr1,110233957,110234780,NO,823
chr6,3231325,3232081,NO,756
chr12,647879,648744,NO,865
chr20,33710303,33711070,NO,767
chr12,46272860,46273497,NO,637
chr17,69971278,69972106,NO,828
chr12,78333771,78334583,NO,812
chr12,95156658,95157306,NO,648
chr22,20975243,20976013,NO,770
chr12,89821079,89822121,NO,1042
chr1,209161999,209162736,NO,737
chr3,30889942,30890799,NO,857
chr1,204013004,204013753,NO,749
chr8,48248686,48249284,NO,598
chr8,89013003,89013752,NO,749
chr2,172094312,172101592,NO,7280
chr20,60267987,60268901,NO,914
chr6,136478887,136479652,NO,765
chr20,15911093,15911833,NO,740
chr1,35835858,35836506,NO,648
chr3,64135402,64149579,NO,14177
chr8,125933605,125934414,NO,809
chr10,103124478,103124793,NO,315
chr15,49158206,49159186,NO,980
chr22,50026243,50026956,NO,713
chr11,123470926,123471985,NO,1059
chr1,184394445,184395208,NO,763
chr12,25206753,25207666,NO,913
chr6,31791432,31792167,NO,735
chr4,1247390,1248398,NO,1008
chr12,56566197,56567071,NO,874
chr2,153084189,153084827,NO,638
chr19,49710962,49711854,NO,892
chr15,66064185,66064722,NO,537
chr5,40384325,40385363,NO,1038
chr8,61891861,61892612,NO,751
chr6,66804305,66804912,NO,607
chr1,4482825,4483497,NO,672
chr11,73136094,73136852,NO,758
chr2,241561929,241562746,NO,817
chr5,178995655,178996540,NO,885
chr20,43807791,43808646,NO,855
chr6,158162867,158163647,NO,780
chr2,167244884,167245906,NO,1022
chr12,68221412,68222217,NO,805
chr11,78539681,78540453,NO,772
chr20,12993168,12994158,NO,990
chr11,2620640,2621387,NO,747
chr5,55288721,55289452,NO,731
chr10,102100573,102101545,NO,972
chr2,236427121,236427907,NO,786
chrX,46613691,46614677,NO,986
chr11,33219536,33220113,NO,577
chr3,100495240,100496004,NO,764
chr2,175555896,175556807,NO,911
chr9,86549628,86550446,NO,818
chr12,121829573,121830179,NO,606
chr1,22971832,22972614,NO,782
chr16,69533793,69534535,NO,742
chr9,34363283,34364262,NO,979
chr1,18094606,18095291,NO,685
chr7,64918127,64918946,NO,819
chr1,150546940,150547727,NO,787
chr3,60500314,60501015,NO,701
chr1,172078330,172079005,NO,675
chr16,89098539,89099303,NO,764
chr15,98297084,98297833,NO,749
chr3,23083439,23084018,NO,579
chr7,132942791,132943560,NO,769
chr4,110980658,110981660,NO,1002
chrX,146999241,146999857,NO,616
chr6,26376710,26377658,NO,948
chr7,93790181,93790983,NO,802
chr17,34110273,34111170,NO,897
chr14,99902932,99903820,NO,888
chr11,96215317,96216013,NO,696
chr4,14179192,14180038,NO,846
chr1,228361255,228361858,NO,603
chr7,23373440,23374420,NO,980
chr7,150500281,150501008,NO,727
chr20,45867435,45868403,NO,968
chr1,211911873,211912693,NO,820
chr2,8738153,8738796,NO,643
chrX,13735755,13737933,NO,2178
chr11,95415629,95416402,NO,773
chr15,35814096,35814816,NO,720
chr19,3037278,3037951,NO,673
chr1,209812993,209813743,NO,750
chr6,163127185,163127887,NO,702
chr15,95629924,95630644,NO,720
chr13,53521616,53522654,NO,1038
chr1,192074039,192074704,NO,665
chr2,210360593,210361350,NO,757
chr5,175064783,175065655,NO,872
chr19,51601807,51602394,NO,587
chr11,126008895,126009628,NO,733
chr14,74100224,74101143,NO,919
chr2,183718993,183719935,NO,942
chr4,71781018,71781760,NO,742
chr20,51590970,51591878,NO,908
chr2,160013489,160014332,NO,843
chr4,41000493,41001478,NO,985
chr5,60704284,60704979,NO,695
chr5,14798383,14810527,NO,12144
chr2,60563612,60564695,NO,1083
chr10,124430451,124431118,NO,667
chr2,25279263,25285863,NO,6600
chr4,26033912,26034830,NO,918
chr12,78482192,78491322,NO,9130
chrX,16846372,16854742,NO,8370
chr11,91680479,91681348,NO,869
chr8,7641002,7641856,NO,854
chr5,6660057,6660757,NO,700
chr16,15922960,15923728,NO,768
chr2,105853738,105854366,NO,628
chr1,147896192,147896795,NO,603
chr1,143708683,143709286,NO,603
chr12,24651957,24652690,NO,733
chr5,130867815,130872465,NO,4650
chr1,205409450,205410375,NO,925
chr6,40178263,40179256,NO,993
chr8,74068932,74069739,NO,807
chr2,112283684,112284320,NO,636
chr10,63868808,63869718,NO,910
chr15,27909940,27910762,NO,822
chr10,61563091,61568245,NO,5154
chr2,127291539,127292380,NO,841
chr8,49379948,49380804,NO,856
chr1,186652722,186653568,NO,846
chr13,34508561,34509314,NO,753
chr10,92766114,92766774,NO,660
chr19,49473497,49474376,NO,879
chr2,62562623,62563478,NO,855
chr3,97706522,97707075,NO,553
chr1,61085728,61086455,NO,727
chr22,46566974,46567732,NO,758
chr7,128594917,128595685,NO,768
chr2,110366727,110367818,NO,1091
chr14,57946252,57947105,NO,853
chr11,64978638,64979775,NO,1137
chr10,60336639,60337498,NO,859
chr3,43460038,43460830,NO,792
chr9,129647207,129647882,NO,675
chr15,52273637,52274738,NO,1101
chr2,88134849,88135678,NO,829
chr22,33126897,33127963,NO,1066
chr18,4632572,4633427,NO,855
chr19,14037103,14037908,NO,805
chr19,49958672,49959221,NO,549
chr1,19586629,19587359,NO,730
chr5,78056053,78057181,NO,1128
chr2,209179780,209180602,NO,822
chr5,31273418,31274813,NO,1395
chr1,198488925,198489645,NO,720
chr2,87558979,87559612,NO,633
chr3,67426446,67427589,NO,1143
chr6,111808897,111809711,NO,814
chr5,71447229,71448285,NO,1056
chr9,70645833,70646250,NO,417
chr1,165495819,165496421,NO,602
chr2,175418341,175419188,NO,847
chr8,26611879,26612509,NO,630
chr12,94108234,94108898,NO,664
chr12,123707669,123708488,NO,819
chr3,178541616,178542299,NO,683
chr2,9713898,9714612,NO,714
chr9,6278483,6279029,NO,546
chr1,36793286,36794192,NO,906
chr16,79362262,79363063,NO,801
chr4,26094856,26095749,NO,893
chr1,179159483,179160296,NO,813
chr1,97149019,97149690,NO,671
chr6,91134736,91135639,NO,903
chr9,73568484,73569332,NO,848
chr21,16240550,16241352,NO,802
chr9,130581796,130582663,NO,867
chr2,70318424,70319262,NO,838
chr12,101439361,101439904,NO,543
chr3,128449361,128450115,NO,754
chr11,9944713,9945539,NO,826
chr4,75263836,75264400,NO,564
chr2,192169714,192170486,NO,772
chr11,63795137,63795861,NO,724
chr19,13075779,13076455,NO,676
chr1,77165373,77165878,NO,505
chr20,8608114,8608855,NO,741
chr4,55575521,55576554,NO,1033
chr13,103658897,103659745,NO,848
chr12,29843947,29844652,NO,705
chr4,124508928,124521578,NO,12650
chr5,1645097,1645810,NO,713
chr17,78850672,78851504,NO,832
chr20,44834689,44835498,NO,809
chr10,5295173,5296093,NO,920
chr1,68679214,68679994,NO,780
chr3,31362937,31363623,NO,686
chr13,98021403,98022134,NO,731
chr8,66922293,66923040,NO,747
chr12,53563748,53564445,NO,697
chr2,112493237,112494035,NO,798
chr1,42342447,42343177,NO,730
chr9,35774959,35775768,NO,809
chr8,105760872,105771911,NO,11039
chr6,106382677,106383427,NO,750
chr7,7463979,7464568,NO,589
chr5,179340791,179341876,NO,1085
chr10,88701615,88702420,NO,805
chr10,14438597,14439362,NO,765
chr2,87456461,87457259,NO,798
chr18,13006608,13007425,NO,817
chr9,43684841,43685498,NO,657
chr13,73224981,73225785,NO,804
chr13,23895372,23896135,NO,763
chr7,90794402,90795056,NO,654
chr17,73836462,73837335,NO,873
chr11,130033437,130034244,NO,807
chr14,93835654,93836373,NO,719
chr9,111574675,111575527,NO,852
chr14,35716921,35717909,NO,988
chr9,127486918,127487705,NO,787
chr1,115809333,115809993,NO,660
chr7,132061200,132061963,NO,763
chr17,34906704,34907501,NO,797
chr14,68008177,68009329,NO,1152
chr4,39119199,39120228,NO,1029
chr11,68317149,68318216,NO,1067
chr2,62889475,62890025,NO,550
chr2,177065697,177077607,NO,11910
chr12,85974438,85974982,NO,544
chrX,93123123,93123834,NO,711
chr8,8871294,8871901,NO,607
chr14,23281998,23282780,NO,782
chr1,66766610,66767439,NO,829
chr12,64291568,64292174,NO,606
chr3,47098204,47099073,NO,869
chr5,87195303,87196106,NO,803
chr21,33778555,33779319,NO,764
chr14,56559154,56560146,NO,992
chr2,235244275,235245075,NO,800
chr12,113853627,113854283,NO,656
chrX,123012544,123013145,NO,601
chr17,57170570,57171205,NO,635
chr6,141574982,141575825,NO,843
chr6,16651681,16652658,NO,977
chr3,183128868,183130035,NO,1167
chr14,20647599,20648264,NO,665
chr7,121025349,121026259,NO,910
chr6,118879753,118880483,NO,730
chr11,111047485,111048085,NO,600
chr17,27387546,27388279,NO,733
chr2,237761266,237762077,NO,811
chr19,10016876,10017689,NO,813
chr20,62467783,62468422,NO,639
chr11,21951182,21951908,NO,726
chr16,21371032,21371814,NO,782
chr21,35708950,35709704,NO,754
chr8,144645287,144646011,NO,724
chr6,170163161,170164364,NO,1203
chr9,36206975,36208002,NO,1027
chr4,185151189,185152018,NO,829
chr7,135615471,135616368,NO,897
chr1,117655556,117656262,NO,706
chr20,22888750,22889432,NO,682
chr8,48109693,48110342,NO,649
chr4,80979150,80979845,NO,695
chr5,115561060,115561826,NO,766
chr7,92384031,92384865,NO,834
chr3,148117859,148118538,NO,679
chr6,64386989,64387541,NO,552
chr17,8029772,8030514,NO,742
chr10,64203715,64204435,NO,720
chr12,75980956,75981987,NO,1031
chr4,176920839,176921580,NO,741
chrX,149370670,149371368,NO,698
chr9,99686850,99687728,NO,878
chr2,192683501,192684074,NO,573
chr21,42793631,42794579,NO,948
chr3,145913164,145913794,NO,630
chr19,10237153,10237913,NO,760
chr12,54144860,54145709,NO,849
chr15,71544281,71544933,NO,652
chr6,2504257,2505062,NO,805
chr5,93368009,93368807,NO,798
chr17,1649985,1651052,NO,1067
chr10,61096694,61097427,NO,733
chr2,153381636,153382454,NO,818
chr3,184701223,184701829,NO,606
chr2,182644073,182645045,NO,972
chr2,106473504,106474260,NO,756
chr1,88291979,88292708,NO,729
chr5,175424692,175425612,NO,920
chr22,25962343,25963009,NO,666
chr4,41592248,41593016,NO,768
chr7,6297306,6298170,NO,864
chr17,15763478,15764154,NO,676
chr7,23578839,23579418,NO,579
chr20,3358383,3359107,NO,724
chr12,72480947,72481991,NO,1044
chr5,177272185,177273105,NO,920
chr17,80671201,80672023,NO,822
chr11,71756725,71757435,NO,710
chr8,12940569,12941268,NO,699
chr20,25834165,25834963,NO,798
chr3,149901663,149902593,NO,930
chr13,50077046,50077725,NO,679
chr20,3793466,3794334,NO,868
chr2,19562410,19563158,NO,748
chr1,204409054,204409852,NO,798
chr13,59893749,59894394,NO,645
chr17,62568633,62569212,NO,579
chr2,97439697,97440327,NO,630
chr1,184430009,184430846,NO,837
chr2,241560251,241560759,NO,508
chr11,110648589,110649276,NO,687
chr20,5717510,5718488,NO,978
chr1,185408356,185409117,NO,761
chr8,7394228,7395082,NO,854
chr4,25570438,25571133,NO,695
chr19,1624537,1625290,NO,753
chr1,153523104,153523821,NO,717
chr8,119363361,119364301,NO,940
chr3,28982167,28982913,NO,746
chr6,5053306,5083459,NO,30153
chr11,11312153,11312880,NO,727
chr13,80850311,80851203,NO,892
chr4,156186004,156186795,NO,791
chr8,117449414,117457463,NO,8049
chr14,54080362,54081068,NO,706
chr15,65173174,65173905,NO,731
chr2,160065781,160066616,NO,835
chrX,39330190,39330798,NO,608
chr22,50001768,50002423,NO,655
chr19,52996011,52996734,NO,723
chr9,111831286,111832031,NO,745
chr12,76337997,76338707,NO,710
chr12,113631429,113632338,NO,909
chr9,35706128,35707154,NO,1026
chr10,109177875,109178529,NO,654
chr15,41088395,41089207,NO,812
chr16,28321193,28322035,NO,842
chr11,95374345,95375100,NO,755
chr1,110521599,110522357,NO,758
chr11,66362542,66363491,NO,949
chr19,36406290,36406811,NO,521
chr13,28212055,28213143,NO,1088
chr14,23217457,23218400,NO,943
chr14,71288394,71289121,NO,727
chr13,24896917,24897716,NO,799
chr7,130630112,130630681,NO,569
chr7,158031577,158032319,NO,742
chr19,53228492,53229186,NO,694
chr11,61544309,61545128,NO,819
chr1,172312419,172313579,NO,1160
chr5,179254614,179255315,NO,701
chr16,4049059,4049749,NO,690
chr19,38307804,38308544,NO,740
chr22,33108280,33109099,NO,819
chr1,64941374,64942099,NO,725
chr1,74929284,74937164,NO,7880
chr1,168317550,168318112,NO,562
chr18,24290194,24291105,NO,911
chr2,144998229,144999046,NO,817
chr11,69229405,69230208,NO,803
chr8,68347766,68348740,NO,974
chr2,98643351,98644357,NO,1006
chr2,21492999,21493716,NO,717
chr7,62514662,62515391,NO,729
chr11,63708303,63709062,NO,759
chr2,159859941,159860582,NO,641
chr19,20348589,20349336,NO,747
chr11,36078567,36079364,NO,797
chr19,14240957,14241836,NO,879
chr11,32124833,32125767,NO,934
chr6,13165694,13166610,NO,916
chr9,13330295,13331083,NO,788
chr17,71023917,71024731,NO,814
chr6,28179899,28180776,NO,877
chr3,154744765,154745445,NO,680
chr5,758660,759276,NO,616
chr17,27197857,27198723,NO,866
chr2,172265799,172266579,NO,780
chr3,72304135,72305110,NO,975
chr22,22549946,22550702,NO,756
chr7,3520824,3521548,NO,724
chr4,86412640,86419845,NO,7205
chr2,67124023,67124726,NO,703
chr15,101937653,101938389,NO,736
chr12,10280690,10281383,NO,693
chr3,11349717,11350557,NO,840
chr5,179327440,179328159,NO,719
chr16,4997591,4998554,NO,963
chr18,22045193,22046185,NO,992
chr19,10483790,10484794,NO,1004
chr12,19459220,19459860,NO,640
chr10,65558602,65559188,NO,586
chr9,91538097,91542574,NO,4477
chr15,39522644,39523395,NO,751
chr5,171479040,171479838,NO,798
chr3,69337560,69356580,NO,19020
chr2,151091145,151091805,NO,660
chr14,78204396,78205099,NO,703
chr7,152033174,152033944,NO,770
chr7,66983646,66984390,NO,744
chr16,5257023,5257456,NO,433
chr10,78760830,78761734,NO,904
chr6,111059914,111060861,NO,947
chr5,65810782,65811646,NO,864
chr9,97861684,97862750,NO,1066
chr11,97611405,97612143,NO,738
chr7,7241401,7242069,NO,668
chr17,48681417,48682258,NO,841
chr15,83668825,83669511,NO,686
chr11,2762361,2763316,NO,955
chr18,8139016,8139732,NO,716
chr15,38479737,38480238,NO,501
chr5,74708019,74708888,NO,869
chr9,86886078,86887124,NO,1046
chr2,223486597,223487806,NO,1209
chr3,39821735,39822458,NO,723
chr8,118451523,118452263,NO,740
chr7,22287945,22288525,NO,580
chr7,64146475,64147481,NO,1006
chr8,123050261,123051261,NO,1000
chr20,41590123,41590843,NO,720
chr8,116594408,116595134,NO,726
chr7,140374939,140375667,NO,728
chr5,168040117,168040835,NO,718
chr6,73904487,73905203,NO,716
chr7,121244818,121245595,NO,777
chr10,79005410,79006421,NO,1011
chr1,150025685,150026485,NO,800
chr11,6246789,6251686,NO,4897
chr1,32720892,32721602,NO,710
chr5,14706712,14707364,NO,652
chr16,58139248,58139996,NO,748
chr13,110851316,110852205,NO,889
chr12,65010030,65010812,NO,782
chr6,121757976,121758981,NO,1005
chr1,146373496,146374056,NO,560
chr16,626060,626775,NO,715
chr8,53318780,53319501,NO,721
chr7,3597816,3598419,NO,603
chr22,46535508,46536442,NO,934
chr5,8839547,8840306,NO,759
chr10,1156186,1156942,NO,756
chr2,236790756,236791297,NO,541
chr1,198156645,198157386,NO,741
chr1,23029158,23029903,NO,745
chr4,76409126,76409834,NO,708
chr8,27823947,27824728,NO,781
chr2,172067205,172068026,NO,821
chr1,153498966,153499661,NO,695
chr2,29537714,29540677,NO,2963
chr18,56709246,56709938,NO,692
chr8,74243121,74243892,NO,771
chr2,208414043,208414857,NO,814
chr1,88337530,88338275,NO,745
chr2,135168759,135169575,NO,816
chr3,32716391,32717013,NO,622
chr6,169984113,169990303,NO,6190
chr1,87744884,87745710,NO,826
chr17,20135286,20136043,NO,757
chr4,184908896,184909814,NO,918
chr2,21676939,21677523,NO,584
chr1,2525236,2526117,NO,881
chrX,46651240,46652105,NO,865
chr7,130612579,130613303,NO,724
chrX,11445356,11445849,NO,493
chr9,27700987,27701914,NO,927
chr8,102513289,102513987,NO,698
chr13,51467151,51467934,NO,783
chr8,123981418,123982208,NO,790
chrX,15995304,15996087,NO,783
chr1,215592123,215592796,NO,673
chr9,117294837,117295578,NO,741
chr11,73374660,73375385,NO,725
chr4,186172510,186177155,NO,4645
chr7,137583828,137584564,NO,736
chr11,329289,329927,NO,638
chr4,139956225,139957212,NO,987
chr17,19779838,19780713,NO,875
chr7,138437016,138437670,NO,654
chr3,113344593,113345140,NO,547
chr16,596831,605443,NO,8612
chr12,5877223,5877994,NO,771
chr17,7374776,7375610,NO,834
chr2,229148054,229148679,NO,625
chr17,36482502,36483149,NO,647
chr8,102712917,102713613,NO,696
chr14,35134414,35135160,NO,746
chr8,29609643,29610349,NO,706
chr17,26711229,26712126,NO,897
chr2,176755310,176755926,NO,616
chr22,26899042,26899833,NO,791
chr12,50339025,50339700,NO,675
chr20,3746132,3747189,NO,1057
chr6,148190167,148190931,NO,764
chr18,67247070,67247867,NO,797
chr17,27036794,27037396,NO,602
chr6,20447923,20448773,NO,850
chr2,208541339,208542069,NO,730
chr10,109413384,109414098,NO,714
chr1,9096914,9097757,NO,843
chr11,95289377,95290006,NO,629
chr16,87160609,87161430,NO,821
chr7,11831343,11832202,NO,859
chr3,183723545,183724252,NO,707
chr2,191543081,191543780,NO,699
chr9,13939230,13940065,NO,835
chr11,15241341,15242115,NO,774
chr1,28355032,28355811,NO,779
chr3,143594361,143595430,NO,1069
chr15,41988229,41989006,NO,777
chr3,120025342,120025896,NO,554
chr8,32146397,32147011,NO,614
chr11,117008832,117009646,NO,814
chr12,89700592,89701303,NO,711
chr7,102576181,102576912,NO,731
chr5,113520937,113521703,NO,766
chr15,36586588,36587101,NO,513
chr12,132088519,132089238,NO,719
chr1,119879398,119880219,NO,821
chr10,101445136,101445823,NO,687
chr4,40527645,40528378,NO,733
chr12,28019094,28019676,NO,582
chrX,118675044,118675973,NO,929
chr10,33901003,33913396,NO,12393
chr2,23659119,23660152,NO,1033
chr17,73980524,73981202,NO,678
chr14,42792290,42792978,NO,688
chr7,130584608,130585488,NO,880
chr15,78963859,78964756,NO,897
chr2,42498018,42498603,NO,585
chr8,8685755,8699593,NO,13838
chr10,3679754,3680567,NO,813
chr17,13365648,13366417,NO,769
chrX,40936104,40936587,NO,483
chr14,60276328,60277316,NO,988
chr13,76336554,76337128,NO,574
chrX,13301541,13302553,NO,1012
chr1,206136020,206136557,NO,537
chrX,10451159,10451834,NO,675
chr2,12570733,12571410,NO,677
chr7,8188495,8189218,NO,723
chr3,111335416,111336276,NO,860
chr17,11743868,11744514,NO,646
chr11,95778958,95779555,NO,597
chr11,103671210,103671896,NO,686
chr1,37920340,37921134,NO,794
chr2,64709638,64710588,NO,950
chr20,43970581,43971355,NO,774
chr15,33486984,33494520,NO,7536
chr5,138001690,138002462,NO,772
chr6,113493639,113494339,NO,700
chr3,191404551,191405148,NO,597
chr2,25096920,25097530,NO,610
chr1,204490320,204491034,NO,714
chr15,39696885,39697697,NO,812
chr7,87898026,87898776,NO,750
chr7,35031456,35032493,NO,1037
chr3,23782230,23783028,NO,798
chr6,111748575,111749255,NO,680
chr2,70343884,70344763,NO,879
chr8,65750463,65751191,NO,728
chr17,7077101,7077948,NO,847
chr11,350556,351406,NO,850
chr6,140783837,140784782,NO,945
chr4,151749117,151749914,NO,797
chr2,186342138,186343154,NO,1016
chr8,73256466,73257183,NO,717
chr12,115874395,115875132,NO,737
chr22,40490501,40491135,NO,634
chr13,81204691,81205520,NO,829
chr10,31323052,31323450,NO,398
chr4,106065514,106066391,NO,877
chr3,29212873,29213556,NO,683
chr12,9153858,9154572,NO,714
chr17,62595304,62596395,NO,1091
chr11,46670666,46671266,NO,600
chr6,125323234,125323918,NO,684
chr2,144283026,144283638,NO,612
chr3,196561964,196562738,NO,774
chr17,55081969,55082817,NO,848
chr18,44113999,44114901,NO,902
chr8,673949,678795,NO,4846
chr4,26828161,26828969,NO,808
chr16,969772,970650,NO,878
chr9,92692342,92693200,NO,858
chr3,96068103,96068405,NO,302
chr14,75866353,75878289,NO,11936
chr5,97970850,97971503,NO,653
chr8,116678487,116679248,NO,761
chr13,49832135,49832889,NO,754
chr12,122124731,122125520,NO,789
chr17,62530115,62531046,NO,931
chr18,32994997,32995956,NO,959
chr2,70700027,70700686,NO,659
chr17,64606238,64607323,NO,1085
chrX,64738783,64739547,NO,764
chr11,3392679,3393283,NO,604
chr12,122728697,122729541,NO,844
chr12,122214005,122214731,NO,726
chr21,17104981,17105648,NO,667
chr2,187939764,187940443,NO,679
chr11,65349679,65350348,NO,669
chr3,178754793,178755485,NO,692
chr8,114114758,114115387,NO,629
chr3,111635449,111643785,NO,8336
chr1,202995011,202995700,NO,689
chr1,32782059,32782802,NO,743
chr19,34579386,34587453,NO,8067
chr15,36120109,36120841,NO,732
chr11,72700401,72701295,NO,894
chr1,89467038,89467806,NO,768
chr8,102914710,102915510,NO,800
chr18,62660409,62661340,NO,931
chr10,93902289,93902996,NO,707
chr13,96336167,96337089,NO,922
chr7,99039336,99040051,NO,715
chr7,22373144,22373996,NO,852
chr10,30508726,30509391,NO,665
chr2,230195856,230196543,NO,687
chr9,677489,678228,NO,739
chr1,214387402,214388164,NO,762
chr17,80014837,80015869,NO,1032
chr19,31898985,31899802,NO,817
chr3,121267619,121268166,NO,547
chr7,30240895,30241594,NO,699
chr5,142281403,142282276,NO,873
chr2,235502328,235503066,NO,738
chr20,62218978,62219972,NO,994
chr11,77879740,77880396,NO,656
chr19,49254238,49255056,NO,818
chr19,38987293,38988394,NO,1101
chr12,96740859,96741554,NO,695
chr1,155194426,155195072,NO,646
chr16,82997328,82998059,NO,731
chr3,116676961,116677724,NO,763
chr17,4599433,4600509,NO,1076
chr20,60742328,60742969,NO,641
chr16,4678277,4678991,NO,714
chr7,130585951,130586834,NO,883
chr10,61632424,61633164,NO,740
chr1,164922692,164923586,NO,894
chr4,122898734,122899362,NO,628
chr11,2333619,2334469,NO,850
chr4,143394965,143395559,NO,594
chr10,120836543,120837079,NO,536
chr11,64933093,64933815,NO,722
chr11,111268517,111269312,NO,795
chr11,64138598,64139497,NO,899
chr5,170877396,170878094,NO,698
chr2,182117145,182117907,NO,762
chr3,42234020,42234772,NO,752
chr3,193611661,193630175,NO,18514
chr3,184086429,184087186,NO,757
chr10,116208884,116209573,NO,689
chr12,15339993,15340912,NO,919
chr1,228597055,228597930,NO,875
chr1,32531793,32532514,NO,721
chr15,68574105,68574700,NO,595
chr2,23231577,23232375,NO,798
chrX,9246838,9247579,NO,741
chr1,161142951,161143734,NO,783
chr7,65746664,65747690,NO,1026
chr22,40294803,40295525,NO,722
chr7,150594357,150601801,NO,7444
chr19,18421613,18422511,NO,898
chr4,170933175,170933925,NO,750
chr13,29148246,29149084,NO,838
chr16,86609290,86609998,NO,708
chr5,75970206,75970956,NO,750
chr16,67504171,67504912,NO,741
chr13,108978650,108979317,NO,667
chr15,99602349,99603057,NO,708
chr14,60797782,60798519,NO,737
chr4,55147203,55148109,NO,906
chr18,74331307,74332091,NO,784
chr11,73173379,73174056,NO,677
chr7,50752855,50753914,NO,1059
chr5,148906270,148906971,NO,701
chr3,113010209,113010948,NO,739
chr2,12552802,12553546,NO,744
chr10,111726788,111727542,NO,754
chr17,19092312,19092820,NO,508
chr8,124783010,124789516,NO,6506
chrX,55736855,55737421,NO,566
chr17,34053697,34054443,NO,746
chr19,52954346,52954934,NO,588
chr2,139465289,139465949,NO,660
chr5,9431524,9432262,NO,738
chr9,133934784,133935511,NO,727
chr21,45967204,45968155,NO,951
chr9,71783539,71784238,NO,699
chr22,45143139,45143834,NO,695
chr22,39496043,39496645,NO,602
chr8,57390492,57390914,NO,422
chrX,21796968,21797595,NO,627
chr9,112951005,112955192,NO,4187
chr10,95882526,95883227,NO,701
chr18,20709395,20710026,NO,631
chr19,8400586,8401325,NO,739
chr2,233681144,233681993,NO,849
chr18,71680444,71681915,NO,1471
chr13,46698523,46699210,NO,687
chr9,116105750,116106751,NO,1001
chr4,170226835,170227521,NO,686
chr16,23818367,23818943,NO,576
chr1,84709798,84710408,NO,610
chr2,30834172,30834834,NO,662
chr11,6648342,6649186,NO,844
chr7,158489061,158489728,NO,667
chr5,134761344,134770159,NO,8815
chr6,140304917,140305823,NO,906
chr2,19235215,19235910,NO,695
chr10,70322730,70323273,NO,543
chr19,5173316,5173949,NO,633
chr5,175017736,175018448,NO,712
chr20,3022124,3023026,NO,902
chr1,156765122,156765924,NO,802
chr7,141712496,141713329,NO,833
chr1,2253653,2254365,NO,712
chr10,331099,332028,NO,929
chr7,77137579,77137868,NO,289
chr6,46202027,46202658,NO,631
chr12,77140456,77141549,NO,1093
chr15,47655476,47656044,NO,568
chr1,70606279,70606872,NO,593
chr13,59983234,59984001,NO,767
chr1,229796575,229797366,NO,791
chr12,60131364,60131999,NO,635
chr9,85895992,85896747,NO,755
chrX,70640342,70640883,NO,541
chr10,90103334,90104159,NO,825
chr9,121767349,121772047,NO,4698
chr13,21833691,21834200,NO,509
chr1,84107420,84108030,NO,610
chr5,16871482,16872608,NO,1126
chr6,70522931,70524102,NO,1171
chr1,172863670,172864381,NO,711
chr1,39499767,39500441,NO,674
chr2,64539016,64539753,NO,737
chr5,176692376,176693143,NO,767
chr13,22050896,22058326,NO,7430
chr6,157420748,157421510,NO,762
chr5,153421875,153422594,NO,719
chr1,44319085,44319821,NO,736
chr3,159818406,159818993,NO,587
chr11,330157,330998,NO,841
chr14,39649777,39650618,NO,841
chr1,243954049,243954995,NO,946
chr12,43030807,43031123,NO,316
chr2,28129266,28129698,NO,432
chr11,72470083,72470852,NO,769
chr8,22605101,22605890,NO,789
chr1,186274577,186275184,NO,607
chr7,128236344,128237188,NO,844
chr4,99943829,99944408,NO,579
chr5,136455154,136456153,NO,999
chr3,37258513,37259251,NO,738
chr22,46496376,46497097,NO,721
chr17,63770454,63771559,NO,1105
chr4,147208848,147209583,NO,735
chr14,99658174,99658954,NO,780
chr4,56043904,56044584,NO,680
chr13,107175090,107176230,NO,1140
chr6,16437200,16438032,NO,832
chr5,138531951,138532808,NO,857
chr8,41427142,41427732,NO,590
chr4,142232411,142233379,NO,968
chr2,54724666,54725369,NO,703
chr5,14900635,14901383,NO,748
chr1,213098187,213098853,NO,666
chr12,47479553,47480225,NO,672
chr16,46692670,46693527,NO,857
chr3,99562422,99563295,NO,873
chr11,76080403,76081194,NO,791
chr10,496518,497445,NO,927
chrX,113148664,113149446,NO,782
chr10,4361702,4362366,NO,664
chr12,93696126,93696923,NO,797
chr17,43274846,43275568,NO,722
chrX,133936692,133937328,NO,636
chr17,15339634,15348441,NO,8807
chr14,50703926,50709765,NO,5839
chr5,142952875,142953611,NO,736
chr14,73893603,73894436,NO,833
chr22,33932259,33932892,NO,633
chr15,65171968,65172677,NO,709
chr20,62468669,62469403,NO,734
chr2,196996382,196997100,NO,718
chr6,118508040,118508758,NO,718
chr5,142024570,142025320,NO,750
chr1,47573440,47574261,NO,821
chr5,90442389,90443075,NO,686
chr12,56422596,56423469,NO,873
chr1,23061896,23062651,NO,755
chr13,48768188,48768858,NO,670
chr7,44766787,44767418,NO,631
chr21,36358986,36367578,NO,8592
chr12,4937746,4938863,NO,1117
chr3,99975948,99976931,NO,983
chr7,137910497,137911224,NO,727
chr3,12750550,12751321,NO,771
chr10,24368649,24375324,NO,6675
chr8,134111520,134112412,NO,892
chr9,78776367,78777195,NO,828
chr7,135476624,135477344,NO,720
chr19,40967681,40968312,NO,631
chr1,49216833,49217486,NO,653
chr15,59642361,59642933,NO,572
chr1,90031981,90032761,NO,780
chr16,59419412,59420087,NO,675
chr14,22917153,22917966,NO,813
chr15,81068998,81069769,NO,771
chr21,19527425,19528052,NO,627
chr7,72277383,72278192,NO,809
chr3,149366197,149366853,NO,656
chr17,20491961,20492791,NO,830
chr7,130873032,130873708,NO,676
chr21,42600841,42601748,NO,907
chr16,56800431,56801313,NO,882
chr11,18289041,18289944,NO,903
chr19,10589784,10590709,NO,925
chr1,90018082,90018607,NO,525
chr6,91791787,91792569,NO,782
chr17,3438660,3439538,NO,878
chr15,39823067,39823913,NO,846
chr3,125402504,125403228,NO,724
chr14,95902193,95903020,NO,827
chr7,105970541,105971129,NO,588
chr6,82518900,82519516,NO,616
chr12,68569310,68570009,NO,699
chr1,234811688,234820374,NO,8686
chr6,30698141,30699001,NO,860
chr14,62543996,62544765,NO,769
chr1,165665817,165666551,NO,734
chr13,98905043,98905951,NO,908
chr2,98358920,98359774,NO,854
chr5,66848450,66849059,NO,609
chr12,133045599,133046319,NO,720
chr12,106704610,106705400,NO,790
chr8,18768435,18769174,NO,739
chr2,236195550,236196659,NO,1109
chr14,79917830,79918485,NO,655
chr15,83540060,83540871,NO,811
chr19,10523042,10523765,NO,723
chr12,132166421,132167152,NO,731
chr5,159152194,159152834,NO,640
chr4,6448087,6449040,NO,953
chrX,154285078,154285812,NO,734
chr20,8522692,8523705,NO,1013
chr20,4351968,4352566,NO,598
chr1,167721903,167722647,NO,744
chr5,53765323,53765893,NO,570
chr17,41471394,41472172,NO,778
chr3,149165721,149166356,NO,635
chr5,148653050,148653834,NO,784
chr6,153603599,153603966,NO,367
chr6,73571549,73572213,NO,664
chr2,66929316,66929938,NO,622
chr10,86184481,86185145,NO,664
chr7,130588936,130589739,NO,803
chr5,58613153,58613876,NO,723
chr19,54707294,54708078,NO,784
chr9,131012046,131012873,NO,827
chr7,151064143,151064948,NO,805
chr13,74600836,74601720,NO,884
chr22,42667901,42668702,NO,801
chr10,11673834,11674407,NO,573
chr2,144910290,144910946,NO,656
chr14,102438435,102439215,NO,780
chr8,125434563,125435170,NO,607
chr12,121329972,121330624,NO,652
chr14,23547272,23548164,NO,892
chr1,236579202,236579764,NO,562
chr12,49589200,49589961,NO,761
chr2,187408823,187409407,NO,584
chr3,49255455,49256075,NO,620
chr10,95123455,95124248,NO,793
chr3,185652635,185653458,NO,823
chr1,204125112,204126009,NO,897
chr15,44101221,44101825,NO,604
chr6,80350055,80350759,NO,704
chr2,27710346,27710936,NO,590
chr11,94335981,94336707,NO,726
chrX,119696381,119697087,NO,706
chr9,2469563,2470229,NO,666
chr2,121070601,121071313,NO,712
chr1,30117840,30118495,NO,655
chr13,31619473,31620189,NO,716
chr1,168929987,168930673,NO,686
chr12,12552892,12553554,NO,662
chr8,38265065,38265897,NO,832
chr11,78243916,78244604,NO,688
chrX,17598866,17599488,NO,622
chr20,62065630,62066353,NO,723
chr15,99709187,99710137,NO,950
chr4,185941399,185942097,NO,698
chr8,118889076,118889765,NO,689
chr20,3145576,3146372,NO,796
chr2,27286368,27287085,NO,717
chr12,69400729,69401332,NO,603
chr18,45826496,45827286,NO,790
chr17,4132908,4133541,NO,633
chr20,46067426,46068151,NO,725
chr6,151818940,151819517,NO,577
chr8,62647579,62648356,NO,777
chr17,7389075,7389878,NO,803
chr2,39057698,39058221,NO,523
chr4,57276380,57280900,NO,4520
chr12,67748010,67748812,NO,802
chr7,95050206,95050775,NO,569
chr1,185457762,185458623,NO,861
chr3,129574310,129575332,NO,1022
chr11,84431796,84432495,NO,699
chr17,13429158,13429742,NO,584
chr10,57133930,57134445,NO,515
chr4,235779,236382,NO,603
chr2,1914441,1924456,NO,10015
chr2,71650640,71651292,NO,652
chr6,149168063,149168820,NO,757
chr19,1608646,1609373,NO,727
chr21,30714484,30715285,NO,801
chr11,27041044,27041804,NO,760
chr8,131154714,131155327,NO,613
chr1,95067690,95068420,NO,730
chr8,21037048,21037789,NO,741
chr1,146718691,146719471,NO,780
chr3,23797467,23805055,NO,7588
chr2,162855863,162856458,NO,595
chr3,40735536,40736104,NO,568
chr9,107903555,107904297,NO,742
chr8,107708938,107709593,NO,655
chr18,23915022,23915872,NO,850
chr17,73999091,73999947,NO,856
chr5,17317518,17318183,NO,665
chr1,55742225,55742959,NO,734
chr7,64103102,64112622,NO,9520
chr9,5608430,5609194,NO,764
chr6,32825960,32826669,NO,709
chr1,29564454,29565110,NO,656
chr11,77593086,77593758,NO,672
chr10,78156729,78157679,NO,950
chr17,73835372,73836265,NO,893
chr10,13058528,13059333,NO,805
chr15,89525513,89526207,NO,694
chr3,16842787,16843516,NO,729
chrX,11186974,11187862,NO,888
chr2,169926013,169926754,NO,741
chr12,20628257,20628979,NO,722
chr3,160170031,160170665,NO,634
chr1,2217832,2218476,NO,644
chr4,103608766,103609872,NO,1106
chr22,50162573,50163262,NO,689
chr18,35067275,35068333,NO,1058
chr3,120334593,120335329,NO,736
chr6,88249746,88250661,NO,915
chr15,84587907,84588781,NO,874
chr21,37377450,37378326,NO,876
chr6,108018868,108019594,NO,726
chr3,46537115,46537830,NO,715
chr2,240966693,240967245,NO,552
chr4,16670272,16670924,NO,652
chr3,196281170,196281741,NO,571
chr20,62413507,62414336,NO,829
chr11,104729672,104730379,NO,707
chr19,13388044,13388732,NO,688
chr3,100618441,100619094,NO,653
chr20,56487174,56488059,NO,885
chr2,55519535,55520086,NO,551
chr2,149878209,149878941,NO,732
chr5,54932554,54933309,NO,755
chr3,192610718,192611725,NO,1007
chr7,6217922,6218645,NO,723
chr1,38141346,38142205,NO,859
chr16,57447540,57448101,NO,561
chr8,22638260,22638985,NO,725
chr17,38152521,38153281,NO,760
chr7,106183573,106184261,NO,688
chr5,44004069,44004831,NO,762
chr20,57797137,57798100,NO,963
chr3,17193323,17194177,NO,854
chr10,27580046,27581043,NO,997
chr12,10125480,10126272,NO,792
chr11,131996367,131997015,NO,648
chrX,147133476,147133750,NO,274
chr16,2053796,2054582,NO,786
chr22,19793488,19794274,NO,786
chr7,151519484,151520359,NO,875
chr6,135061737,135062471,NO,734
chr10,31714928,31715623,NO,695
chr16,75411466,75412218,NO,752
chr4,19750541,19751185,NO,644
chr5,58236153,58236797,NO,644
chr6,154804116,154804866,NO,750
chr2,231074146,231074891,NO,745
chr9,80592256,80593004,NO,748
chr13,33293391,33294281,NO,890
chr12,96391452,96392434,NO,982
chr6,86379382,86380059,NO,677
chr11,126045044,126046058,NO,1014
chr10,94920727,94921374,NO,647
chr7,11561493,11562110,NO,617
chr5,17228698,17229639,NO,941
chrX,40327161,40327881,NO,720
chr2,6920649,6921727,NO,1078
chr19,12536177,12536971,NO,794
chr7,130571841,130572650,NO,809
chr2,70025525,70026177,NO,652
chr2,231758458,231759157,NO,699
chr2,43021363,43022129,NO,766
chr6,19035206,19036229,NO,1023
chr12,63124962,63125545,NO,583
chr6,2977901,2978918,NO,1017
chr11,60265662,60266437,NO,775
chr19,23598053,23598735,NO,682
chr10,31567876,31568557,NO,681
chr8,96022776,96031206,NO,8430
chr12,62385448,62386165,NO,717
chr12,27242081,27243125,NO,1044
chr2,121463273,121464049,NO,776
chr10,77830502,77831038,NO,536
chr3,148036789,148037404,NO,615
chr16,75653705,75654774,NO,1069
chr4,19927395,19928122,NO,727
chr5,156641889,156642916,NO,1027
chr1,90204786,90205586,NO,800
chr11,65652069,65652762,NO,693
chr8,101646169,101646879,NO,710
chr3,27401592,27402267,NO,675
chr9,80324072,80324789,NO,717
chr12,132899619,132900378,NO,759
chr9,96724856,96725520,NO,664
chr20,57953671,57954167,NO,496
chr2,71054010,71054898,NO,888
chr10,15175996,15176685,NO,689
chr1,21475864,21476642,NO,778
chr1,2465230,2465948,NO,718
chr20,11248421,11249004,NO,583
chr3,78161548,78162237,NO,689
chr13,30135690,30136353,NO,663
chr7,70840134,70840895,NO,761
chr14,63681143,63681891,NO,748
chr3,42548534,42549255,NO,721
chr4,122660504,122661219,NO,715
chr1,178985818,178986552,NO,734
chr22,42279354,42280050,NO,696
chr8,122258782,122259659,NO,877
chr8,130922646,130923374,NO,728
chr7,138728333,138729042,NO,709
chr3,49763962,49764685,NO,723
chr8,143556628,143557634,NO,1006
chr21,15992096,15992829,NO,733
chr1,155150785,155151512,NO,727
chr22,42929477,42935620,NO,6143
chr7,41498963,41499796,NO,833
chr19,51748636,51749327,NO,691
chr4,119909784,119910619,NO,835
chr4,16198044,16198822,NO,778
chr14,34234639,34235263,NO,624
chr8,42320661,42321241,NO,580
chr17,45335030,45335771,NO,741
chr19,18397226,18397864,NO,638
chrX,17432578,17433265,NO,687
chr10,25210046,25210654,NO,608
chr11,62365058,62365958,NO,900
chr19,46946082,46946902,NO,820
chrX,153205160,153205976,NO,816
chr13,49416131,49416685,NO,554
chr17,2527652,2528314,NO,662
chr1,54422515,54423373,NO,858
chr7,75164303,75165032,NO,729
chr20,49383973,49384633,NO,660
chr2,191400858,191401661,NO,803
chr4,114705529,114706263,NO,734
chr10,50480307,50481146,NO,839
chr4,77644488,77645154,NO,666
chr3,196301449,196302285,NO,836
chr16,46995411,46996156,NO,745
chr11,13944853,13945826,NO,973
chr7,55309162,55309889,NO,727
chr19,3055190,3055965,NO,775
chr4,58809744,58810283,NO,539
chrX,119019444,119020679,NO,1235
chr20,25218654,25219345,NO,691
chr9,71659273,71660049,NO,776
chr8,126710426,126711132,NO,706
chr5,32232686,32233331,NO,645
chr3,173112865,173113439,NO,574
chr6,130435891,130436641,NO,750
chr5,153600792,153601646,NO,854
chr19,39050472,39051209,NO,737
chr11,82671549,82672303,NO,754
chr11,102598057,102598909,NO,852
chr17,29055595,29056370,NO,775
chr13,107855287,107856075,NO,788
chr1,237258685,237269728,NO,11043
chr16,85997315,85998092,NO,777
chr4,169230978,169231758,NO,780
chr1,217251238,217252102,NO,864
chr6,814506,815207,NO,701
chr5,58375540,58376519,NO,979
chr9,132499936,132500544,NO,608
chr14,58428832,58429631,NO,799
chr12,132258075,132258753,NO,678
chr15,97299790,97300349,NO,559
chrX,40608739,40609434,NO,695
chr1,107834621,107835295,NO,674
chr2,227292233,227292870,NO,637
chr7,36215138,36215998,NO,860
chr8,29933483,29934317,NO,834
chr7,66282111,66282792,NO,681
chr10,77228951,77229677,NO,726
chr10,76774283,76774949,NO,666
chr14,103415053,103415725,NO,672
chr8,116889545,116890272,NO,727
chr3,196612589,196613280,NO,691
chr6,86676618,86677224,NO,606
chr10,38392891,38393621,NO,730
chr2,38755103,38755506,NO,403
chr20,52634101,52634693,NO,592
chr7,25343160,25343877,NO,717
chr7,27379239,27379964,NO,725
chr10,118424795,118425651,NO,856
chr3,61793721,61794588,NO,867
chr6,152955892,152956522,NO,630
chr19,31776723,31777501,NO,778
chr11,10566200,10567013,NO,813
chr7,93977424,93978124,NO,700
chr15,81162527,81163214,NO,687
chr19,49429964,49430712,NO,748
chr12,1731468,1732349,NO,881
chr1,155203218,155204087,NO,869
chr4,185978207,185978812,NO,605
chr9,102341829,102342918,NO,1089
chr17,74743817,74744614,NO,797
chr4,102728423,102729143,NO,720
chr10,100120910,100121690,NO,780
chr5,155837484,155838737,NO,1253
chr19,56129860,56130469,NO,609
chr22,40241023,40241613,NO,590
chr12,6464896,6465630,NO,734
chr1,92229883,92230730,NO,847
chr9,131492666,131493362,NO,696
chr4,146268851,146269759,NO,908
chr9,127888193,127889014,NO,821
chr1,234534705,234535324,NO,619
chr1,182052466,182053160,NO,694
chr8,141848954,141849649,NO,695
chr8,48761229,48761892,NO,663
chr3,53552665,53553455,NO,790
chr13,102970238,102970893,NO,655
chr6,35133567,35134171,NO,604
chr8,61086026,61086730,NO,704
chr3,48651302,48651995,NO,693
chr8,8101391,8102222,NO,831
chr19,43028191,43029057,NO,866
chr5,156447286,156447974,NO,688
chrX,15822297,15822832,NO,535
chr3,196028986,196029643,NO,657
chr18,75534384,75535216,NO,832
chr1,76408834,76409581,NO,747
chr1,193377830,193378515,NO,685
chr2,102397528,102398641,NO,1113
chr9,90229217,90230034,NO,817
chr1,204392408,204393006,NO,598
chr4,83547256,83547891,NO,635
chr4,120970522,120971202,NO,680
chr1,24281383,24282180,NO,797
chr18,20012568,20013361,NO,793
chr16,11104346,11105204,NO,858
chr20,58523738,58524340,NO,602
chr3,157102304,157103032,NO,728
chr16,30945906,30946648,NO,742
chr10,115786006,115786847,NO,841
chr9,129445118,129445728,NO,610
chr8,42039959,42040542,NO,583
chr14,106211949,106212703,NO,754
chr3,69002666,69003452,NO,786
chr2,68515073,68515685,NO,612
chr20,3819233,3820035,NO,802
chr20,62380872,62381578,NO,706
chr16,25189138,25190147,NO,1009
chr8,117641540,117642520,NO,980
chr8,17378724,17379475,NO,751
chr1,208221126,208221833,NO,707
chr10,131651131,131652023,NO,892
chr21,25418000,25418665,NO,665
chr8,47868126,47868864,NO,738
chr11,75584581,75585392,NO,811
chr6,90808017,90808776,NO,759
chr18,45901313,45902091,NO,778
chr13,47557736,47558388,NO,652
chr7,5396289,5397073,NO,784
chr5,81188158,81188508,NO,350
chr12,28283323,28283973,NO,650
chr16,90062037,90062722,NO,685
chr17,47435897,47436598,NO,701
chrX,100794042,100794524,NO,482
chr17,78471969,78472709,NO,740
chr7,97810068,97810549,NO,481
chr5,73439662,73440291,NO,629
chr10,5650059,5650886,NO,827
chr9,116689616,116690330,NO,714
chr2,46594339,46595048,NO,709
chr3,99792466,99793267,NO,801
chr11,4464702,4477513,NO,12811
chr10,64915164,64915841,NO,677
chr2,73403998,73404667,NO,669
chr3,170715626,170716415,NO,789
chr6,152920211,152920889,NO,678
chr13,77403765,77404485,NO,720
chr15,41721224,41721920,NO,696
chr5,42551856,42552700,NO,844
chr10,35618480,35619175,NO,695
chr1,212298571,212312968,NO,14397
chr18,65085321,65085879,NO,558
chr7,130642441,130642902,NO,461
chr9,36092554,36093266,NO,712
chr1,41125064,41125817,NO,753
chr14,33776848,33777628,NO,780
chr11,36234090,36235064,NO,974
chr10,114992603,114993153,NO,550
chr17,70973005,70973848,NO,843
chr6,42924269,42924586,NO,317
chr5,112454723,112455451,NO,728
chr22,18596262,18597216,NO,954
chr14,105881176,105881774,NO,598
chr4,154543733,154544478,NO,745
chr16,31704647,31705184,NO,537
chr11,130304469,130305156,NO,687
chr3,187529394,187530192,NO,798
chr15,47765842,47766627,NO,785
chr4,124339417,124340052,NO,635
chr2,132218332,132218873,NO,541
chr1,41099469,41100137,NO,668
chr11,93387535,93388434,NO,899
chr13,80454472,80455297,NO,825
chr10,306617,307335,NO,718
chr2,134244386,134245028,NO,642
chr20,46093228,46093897,NO,669
chr20,3137586,3138297,NO,711
chr2,74766063,74766837,NO,774
chr12,124392580,124393295,NO,715
chr15,34447261,34454033,NO,6772
chr12,49763250,49763996,NO,746
chr15,41035957,41036777,NO,820
chr5,42908480,42909490,NO,1010
chr14,23531250,23532107,NO,857
chr19,49950864,49951857,NO,993
chr9,4038365,4039225,NO,860
chr15,50170527,50171255,NO,728
chr19,4869911,4870556,NO,645
chr8,56507911,56508711,NO,800
chr5,154261701,154262450,NO,749
chr7,77463559,77464293,NO,734
chr2,75659806,75660437,NO,631
chr19,56170835,56171566,NO,731
chr8,127910327,127910930,NO,603
chrX,100740382,100740926,NO,544
chr3,120360130,120361120,NO,990
chr5,73496760,73497537,NO,777
chr10,125995488,125996213,NO,725
chr10,79945667,79946305,NO,638
chr16,89268226,89268977,NO,751
chr14,105637425,105638220,NO,795
chr20,56811644,56812475,NO,831
chr16,10692073,10692745,NO,672
chr15,58539804,58540618,NO,814
chr2,208656900,208657633,NO,733
chr2,45356095,45356698,NO,603
chr11,14667373,14667921,NO,548
chr20,5954230,5954923,NO,693
chr10,65251421,65251942,NO,521
chr6,137736216,137737081,NO,865
chr9,35719373,35719895,NO,522
chr6,53488912,53489648,NO,736
chr5,139386944,139387756,NO,812
chr5,86298533,86299188,NO,655
chr5,141536381,141536982,NO,601
chr3,136732773,136733542,NO,769
chr1,64728897,64729761,NO,864
chrX,147280003,147280572,NO,569
chr6,106551244,106552009,NO,765
chr3,189721226,189721781,NO,555
chr11,61486065,61486832,NO,767
chr6,36563596,36564185,NO,589
chr7,151006085,151006857,NO,772
chr15,96147079,96147640,NO,561
chr4,96437462,96438203,NO,741
chr8,40149387,40150180,NO,793
chr9,97827564,97828306,NO,742
chr6,15543415,15552505,NO,9090
chr9,32247530,32248050,NO,520
chr12,102170914,102171687,NO,773
chr10,76683365,76683993,NO,628
chr1,87989729,87990234,NO,505
chr16,18957208,18957921,NO,713
chr9,79018207,79018749,NO,542
chr17,40379943,40380756,NO,813
chr8,130327991,130328798,NO,807
chr1,229308906,229309793,NO,887
chr2,67893259,67893692,NO,433
chr6,139321151,139321772,NO,621
chr11,19649528,19650345,NO,817
chr20,5335052,5335705,NO,653
chr2,46954561,46955118,NO,557
chr10,76602366,76603079,NO,713
chr15,41107641,41108384,NO,743
chr19,57172016,57172661,NO,645
chr9,14395305,14395829,NO,524
chr8,30073178,30073740,NO,562
chr10,13002817,13003550,NO,733
chr6,6793837,6794521,NO,684
chr11,130050664,130051343,NO,679
chr2,151138714,151139455,NO,741
chr1,212325499,212326161,NO,662
chr2,46188942,46189751,NO,809
chr10,27026080,27026896,NO,816
chr11,125157002,125158052,NO,1050
chr12,102698874,102699464,NO,590
chr1,224075493,224076194,NO,701
chr19,29901731,29902317,NO,586
chr3,195324270,195325015,NO,745
chr10,15780462,15781057,NO,595
chr20,17917167,17918107,NO,940
chr15,49658645,49659256,NO,611
chr10,22087017,22087715,NO,698
chr10,124228854,124229569,NO,715
chr7,115805970,115806692,NO,722
chr6,143418455,143419175,NO,720
chr1,91942282,91942991,NO,709
chr13,52755532,52756218,NO,686
chr6,136416951,136417610,NO,659
chr16,58351193,58351840,NO,647
chr14,69821030,69821785,NO,755
chr8,58929090,58929768,NO,678
chr3,120215117,120215678,NO,561
chr16,75446232,75455369,NO,9137
chr12,15748521,15749308,NO,787
chr15,37312078,37312753,NO,675
chr5,96054195,96055080,NO,885
chr19,13959541,13960551,NO,1010
chr2,114415525,114415968,NO,443
chr1,112334695,112335407,NO,712
chr13,34361246,34361794,NO,548
chr8,88446131,88446828,NO,697
chr2,182763985,182764697,NO,712
chr16,23434717,23435474,NO,757
chr1,28015571,28016289,NO,718
chr7,150775055,150775961,NO,906
chr2,90449471,90450167,NO,696
chr5,90410266,90410953,NO,687
chr14,22025269,22026010,NO,741
chr1,114417023,114417674,NO,651
chr1,236369787,236370459,NO,672
chr19,10526861,10527560,NO,699
chr19,6577416,6578035,NO,619
chr2,238131913,238132631,NO,718
chr5,129456155,129456902,NO,747
chr9,89598649,89599210,NO,561
chr1,59782128,59782892,NO,764
chr18,29947531,29948223,NO,692
chr14,31318172,31318814,NO,642
chr8,110284835,110285707,NO,872
chr2,3806932,3807717,NO,785
chr1,167874013,167874861,NO,848
chr5,55345974,55354567,NO,8593
chr4,106877211,106885483,NO,8272
chr4,153617840,153618426,NO,586
chr4,126598818,126599539,NO,721
chr11,8723364,8724259,NO,895
chr6,52288461,52289251,NO,790
chr3,46704846,46705511,NO,665
chr14,52406112,52406745,NO,633
chr17,38380610,38381508,NO,898
chr18,73080726,73081445,NO,719
chr1,160429854,160430466,NO,612
chr6,6332054,6332705,NO,651
chr16,4716240,4716971,NO,731
chr1,94684270,94684951,NO,681
chr12,110032646,110033303,NO,657
chr2,157287085,157287804,NO,719
chr5,35718372,35719266,NO,894
chr20,43573861,43574542,NO,681
chr14,24587050,24587875,NO,825
chr6,156171437,156172076,NO,639
chr1,235908910,235909543,NO,633
chr11,2299100,2299769,NO,669
chr18,59658508,59659300,NO,792
chr1,104104287,104104716,NO,429
chr3,109525898,109526565,NO,667
chr5,78429127,78429865,NO,738
chr8,102589411,102590024,NO,613
chr8,17020001,17020837,NO,836
chr1,29505793,29506789,NO,996
chr3,59734050,59734697,NO,647
chr20,56370787,56371524,NO,737
chr8,98810607,98811562,NO,955
chr17,43098904,43099472,NO,568
chr7,129108310,129109003,NO,693
chr4,2963010,2963978,NO,968
chr8,37508459,37509098,NO,639
chr14,77444125,77444816,NO,691
chr9,130924283,130925186,NO,903
chr19,3103977,3104755,NO,778
chr10,112579792,112580563,NO,771
chr18,55500753,55501369,NO,616
chr8,76319438,76320230,NO,792
chr4,4525866,4526660,NO,794
chr20,3488239,3488920,NO,681
chr12,59272226,59273128,NO,902
chr9,97819293,97819884,NO,591
chr18,29238607,29239491,NO,884
chr7,120441959,120442613,NO,654
chr1,153357520,153358200,NO,680
chr2,114724160,114724816,NO,656
chr16,70365494,70366198,NO,704
chr1,15655034,15655708,NO,674
chr7,100063446,100064182,NO,736
chr20,16590005,16590689,NO,684
chr1,65150858,65151606,NO,748
chr17,77049304,77049938,NO,634
chr1,151755815,151756487,NO,672
chr17,63468386,63469054,NO,668
chr11,110915730,110916679,NO,949
chr9,90116913,90117675,NO,762
chr3,105601156,105601764,NO,608
chr4,99435490,99436240,NO,750
chrX,13665880,13666595,NO,715
chr10,78840911,78841627,NO,716
chr13,113883671,113884405,NO,734
chr17,67571597,67572548,NO,951
chr6,31556527,31557236,NO,709
chr1,53382877,53383587,NO,710
chr2,134709272,134710014,NO,742
chr1,20860737,20861516,NO,779
chr7,2878623,2879266,NO,643
chr5,139167213,139167804,NO,591
chr3,3009892,3010651,NO,759
chr20,2731893,2732601,NO,708
chr15,40527054,40527808,NO,754
chr12,94495678,94496344,NO,666
chr11,70633909,70634575,NO,666
chr1,108370520,108371323,NO,803
chr11,33409108,33409773,NO,665
chr9,27053077,27053818,NO,741
chr3,86253630,86254387,NO,757
chr22,41116891,41117394,NO,503
chr15,52774170,52774754,NO,584
chr3,24580417,24580792,NO,375
chr17,59018161,59018815,NO,654
chr15,39593461,39593950,NO,489
chr16,9472263,9472772,NO,509
chr8,98610235,98610917,NO,682
chr2,166539198,166539667,NO,469
chr5,169260380,169261033,NO,653
chr3,156696168,156696931,NO,763
chr6,11496642,11497403,NO,761
chr9,78714252,78715066,NO,814
chr5,92585262,92585955,NO,693
chr11,77160111,77160728,NO,617
chr9,34744900,34745472,NO,572
chr2,189167904,189168534,NO,630
chr5,3661911,3662535,NO,624
chr3,142695328,142696000,NO,672
chr1,101593624,101594337,NO,713
chr20,59327662,59328425,NO,763
chr17,7770989,7771787,NO,798
chr6,45524084,45524681,NO,597
chr6,156503657,156504326,NO,669
chr13,26586289,26586858,NO,569
chr18,20859713,20860532,NO,819
chr17,71138762,71139638,NO,876
chr2,164523758,164524701,NO,943
chr12,56695733,56696377,NO,644
chr6,119108837,119109666,NO,829
chr18,21480624,21481570,NO,946
chr15,82814965,82815592,NO,627
chr8,17708081,17708634,NO,553
chr15,80799479,80800399,NO,920
chr11,1831764,1832498,NO,734
chr2,234452424,234453217,NO,793
chr6,36547411,36548225,NO,814
chr4,173972824,173973336,NO,512
chr18,44068508,44069160,NO,652
chr9,135926698,135927404,NO,706
chr6,112349449,112350155,NO,706
chr11,116183082,116183888,NO,806
chr17,2558643,2559313,NO,670
chr1,154528653,154529440,NO,787
chr4,176867595,176868280,NO,685
chr6,144911951,144912533,NO,582
chr9,126357188,126357887,NO,699
chr13,46396747,46397642,NO,895
chr14,51125838,51126381,NO,543
chr20,39398959,39399875,NO,916
chr9,13568569,13575802,NO,7233
chr7,7896749,7908279,NO,11530
chr19,1161522,1162120,NO,598
chrX,19368797,19369318,NO,521
chr3,1314134,1314820,NO,686
chr10,95985589,95986321,NO,732
chr16,85862920,85863693,NO,773
chr2,20235696,20236452,NO,756
chr14,68429007,68429594,NO,587
chr9,71486591,71487330,NO,739
chr17,53472241,53473119,NO,878
chr2,198869965,198870655,NO,690
chr16,47599233,47600040,NO,807
chr11,72607152,72607785,NO,633
chr9,94788547,94789329,NO,782
chr14,54636683,54637226,NO,543
chr1,151313200,151314153,NO,953
chr4,124282363,124282852,NO,489
chr9,131057734,131058409,NO,675
chr2,119067354,119068135,NO,781
chr9,734620,735192,NO,572
chr14,34459005,34459697,NO,692
chr9,130663448,130663948,NO,500
chr3,100967200,100968054,NO,854
chr14,33454875,33455484,NO,609
chr10,44757329,44757897,NO,568
chr8,42053716,42054400,NO,684
chr17,43947551,43948322,NO,771
chr1,231938838,231939536,NO,698
chr12,127810584,127811170,NO,586
chr19,1178539,1179098,NO,559
chr4,139970952,139971766,NO,814
chr22,31551852,31552458,NO,606
chr8,75516318,75516896,NO,578
chr3,122544478,122545359,NO,881
chr2,161826369,161827017,NO,648
chr1,185899093,185899671,NO,578
chr11,95845234,95846140,NO,906
chr15,71704077,71704788,NO,711
chr18,45076784,45077281,NO,497
chr4,25332816,25333539,NO,723
chr1,232315680,232316401,NO,721
chr2,102080034,102080878,NO,844
chr11,93336970,93337732,NO,762
chr11,69156938,69157577,NO,639
chr8,1982649,1983376,NO,727
chr5,12893760,12894472,NO,712
chr5,14331080,14342638,NO,11558
chr3,197243728,197244391,NO,663
chr19,55643863,55644731,NO,868
chr4,174293902,174294570,NO,668
chr8,101731888,101732509,NO,621
chr7,55280570,55281411,NO,841
chr14,103315649,103316469,NO,820
chr2,65201961,65202720,NO,759
chr7,32540386,32541004,NO,618
chr9,123520295,123521117,NO,822
chr18,19881507,19882435,NO,928
chr4,7096378,7096999,NO,621
chr14,101471390,101472106,NO,716
chr7,143019148,143020003,NO,855
chr8,129985208,129985911,NO,703
chr12,19604069,19604580,NO,511
chr2,167959571,167960285,NO,714
chr16,24025074,24025770,NO,696
chr9,35663117,35663929,NO,812
chr7,3764817,3765518,NO,701
chr15,39420268,39420920,NO,652
chr12,132431967,132432570,NO,603
chr3,43855493,43856296,NO,803
chr18,72214293,72215009,NO,716
chr15,86267407,86268096,NO,689
chr20,1688288,1689076,NO,788
chr7,72446629,72447254,NO,625
chr7,120636017,120636610,NO,593
chr8,42999823,43000586,NO,763
chr1,64340070,64350175,NO,10105
chr8,42356056,42356980,NO,924
chr19,49275715,49276302,NO,587
chr21,16817472,16818000,NO,528
chr8,61797940,61798582,NO,642
chr10,126077339,126078057,NO,718
chr3,40270715,40271489,NO,774
chr14,24079822,24080419,NO,597
chr7,75017642,75018267,NO,625
chr22,25677237,25677967,NO,730
chr12,107767614,107768281,NO,667
chr13,101045614,101046110,NO,496
chr6,47215008,47215765,NO,757
chr18,61003361,61003914,NO,553
chr1,185504005,185504535,NO,530
chr3,32106729,32119772,NO,13043
chr7,4255581,4256282,NO,701
chr7,151075582,151076539,NO,957
chr3,15577319,15578171,NO,852
chr3,16024360,16025071,NO,711
chr10,15757113,15758127,NO,1014
chr3,197132890,197133620,NO,730
chr20,2938593,2939304,NO,711
chr16,20862213,20862775,NO,562
chr3,101095929,101096511,NO,582
chr2,106084745,106085350,NO,605
chr2,166430309,166430996,NO,687
chr1,164588164,164588883,NO,719
chr6,132406162,132406920,NO,758
chr4,147328861,147329663,NO,802
chr1,172608313,172609062,NO,749
chr4,121978449,121979101,NO,652
chr12,52263637,52264366,NO,729
chr17,48551791,48552169,NO,378
chr6,32814619,32815342,NO,723
chr22,46434401,46435317,NO,916
chr12,52889137,52889804,NO,667
chr3,86843277,86843902,NO,625
chr12,116694873,116702901,NO,8028
chr2,99275339,99275943,NO,604
chr6,133240150,133240741,NO,591
chr4,152838795,152839575,NO,780
chr1,100822941,100823569,NO,628
chr1,76191436,76192138,NO,702
chr1,64106176,64106781,NO,605
chr2,227835562,227836301,NO,739
chr9,99662108,99662872,NO,764
chr1,117031736,117032366,NO,630
chr7,130635637,130636440,NO,803
chr14,32186334,32186874,NO,540
chr1,180923319,180924005,NO,686
chr11,8722470,8723005,NO,535
chr6,148914358,148915064,NO,706
chr1,201025095,201025906,NO,811
chr11,14336396,14345093,NO,8697
chr5,64357164,64357926,NO,762
chr21,30517590,30518291,NO,701
chr8,21817279,21817951,NO,672
chr3,40019494,40020264,NO,770
chr11,65989513,65990267,NO,754
chr11,130697261,130697912,NO,651
chr5,58592450,58592977,NO,527
chr11,126116062,126116756,NO,694
chr5,88609554,88610342,NO,788
chr6,78050708,78051387,NO,679
chr8,140594164,140594784,NO,620
chr4,74783053,74783722,NO,669
chr2,179896599,179897317,NO,718
chr4,54522966,54523623,NO,657
chr17,73977419,73978076,NO,657
chr1,76534253,76534879,NO,626
chr10,45430820,45431668,NO,848
chr7,21002233,21002995,NO,762
chr6,158582608,158583251,NO,643
chr6,44537600,44538345,NO,745
chr9,72900009,72900626,NO,617
chr11,74326064,74326906,NO,842
chr1,4087717,4088334,NO,617
chr3,12893699,12894448,NO,749
chr12,78249270,78249812,NO,542
chr10,115824014,115824742,NO,728
chr18,23036376,23048104,NO,11728
chr7,77431788,77432385,NO,597
chr22,20139590,20140442,NO,852
chr9,133030788,133031505,NO,717
chr12,53859435,53860019,NO,584
chr2,220468479,220469211,NO,732
chr13,78434888,78435474,NO,586
chr6,148021443,148022040,NO,597
chrX,71238021,71238543,NO,522
chr3,43538745,43539329,NO,584
chr1,49021931,49022603,NO,672
chr11,14402537,14403117,NO,580
chr16,67583736,67584421,NO,685
chr19,30435752,30436428,NO,676
chr10,27949215,27949868,NO,653
chr12,9660788,9661231,NO,443
chr3,126107842,126108368,NO,526
chr3,114087252,114087862,NO,610
chr19,1211447,1212076,NO,629
chr2,175252,176035,NO,783
chr16,3854309,3854997,NO,688
chr15,86026293,86037992,NO,11699
chr2,224783286,224783854,NO,568
chr2,197195826,197196352,NO,526
chr6,71874628,71875162,NO,534
chr5,115684020,115684743,NO,723
chr3,126273279,126274026,NO,747
chr20,40618526,40619292,NO,766
chr7,106270207,106271046,NO,839
chr14,23098462,23099182,NO,720
chr2,203243949,203244653,NO,704
chr3,196046992,196047638,NO,646
chr10,116640557,116641215,NO,658
chr3,156260761,156261307,NO,546
chr3,17216421,17217065,NO,644
chr20,11359851,11360555,NO,704
chr10,36778459,36779145,NO,686
chr2,175671787,175672540,NO,753
chr20,8053894,8054429,NO,535
chr15,83349260,83349795,NO,535
chr8,59810969,59811630,NO,661
chr2,3226233,3227277,NO,1044
chr8,60939390,60939961,NO,571
chr3,12926041,12926786,NO,745
chr17,34091226,34092006,NO,780
chrX,134677967,134678602,NO,635
chrX,119284083,119284888,NO,805
chr17,45906670,45907309,NO,639
chrX,133670941,133671634,NO,693
chr20,6142241,6142730,NO,489
chr10,8202947,8203563,NO,616
chr14,66511975,66512751,NO,776
chr1,76603276,76603811,NO,535
chr22,21311163,21312003,NO,840
chr19,50361803,50362593,NO,790
chr10,85916538,85917183,NO,645
chr13,39824008,39824459,NO,451
chr1,163136965,163137806,NO,841
chr12,19426492,19427188,NO,696
chr3,57041679,57042367,NO,688
chr11,45747724,45748194,NO,470
chr19,58520958,58521636,NO,678
chr2,12626265,12626999,NO,734
chr10,44435230,44436092,NO,862
chr8,126123002,126123634,NO,632
chr1,180499033,180499765,NO,732
chr20,44737115,44737833,NO,718
chr3,113855138,113855931,NO,793
chr20,4098494,4099227,NO,733
chr12,31756738,31757578,NO,840
chr9,27067600,27068215,NO,615
chr3,73596351,73597039,NO,688
chr3,122751768,122752439,NO,671
chr5,148865817,148866559,NO,742
chrX,13715700,13716320,NO,620
chr9,13208922,13209670,NO,748
chr6,44457472,44458130,NO,658
chr2,182029888,182030596,NO,708
chr15,91282052,91282689,NO,637
chr4,18077419,18078189,NO,770
chr17,78592127,78593011,NO,884
chr17,37974684,37975178,NO,494
chrX,13973513,13974074,NO,561
chr1,201645095,201645897,NO,802
chr11,124065442,124066160,NO,718
chr19,16913215,16913865,NO,650
chr4,13601826,13602626,NO,800
chr19,16774573,16775132,NO,559
chr9,98495437,98496100,NO,663
chr15,52332111,52332959,NO,848
chr10,32607221,32608081,NO,860
chr15,46709166,46709740,NO,574
chr11,27912118,27912730,NO,612
chr5,158325438,158326098,NO,660
chr1,145446635,145447230,NO,595
chr6,34300416,34301133,NO,717
chr1,185956630,185957374,NO,744
chr12,106066171,106066943,NO,772
chr5,170947259,170948208,NO,949
chr13,53205051,53205737,NO,686
chr7,68748139,68748718,NO,579
chrX,75249208,75249875,NO,667
chr5,13135316,13136024,NO,708
chr4,176673334,176674019,NO,685
chr2,149684133,149684968,NO,835
chr1,94050312,94051008,NO,696
chr4,169711050,169711535,NO,485
chr12,30510750,30511527,NO,777
chr17,41181849,41182487,NO,638
chr10,77909665,77910348,NO,683
chr14,32907894,32908632,NO,738
chr7,101440026,101440737,NO,711
chr2,21278934,21279562,NO,628
chr17,53252676,53253561,NO,885
chr17,46599277,46599913,NO,636
chr18,21811735,21812402,NO,667
chr19,50390342,50391018,NO,676
chr13,61382989,61383739,NO,750
chr2,166443691,166444287,NO,596
chr2,16789913,16790596,NO,683
chr7,89865997,89866654,NO,657
chr1,44984967,44985661,NO,694
chr11,119245752,119246452,NO,700
chr15,39376971,39377770,NO,799
chr1,23735026,23735932,NO,906
chr16,85404391,85405079,NO,688
chr11,111101196,111101847,NO,651
chr5,113731285,113731947,NO,662
chr22,30106356,30107009,NO,653
chr19,23015082,23015505,NO,423
chr4,25442262,25442862,NO,600
chr3,56933652,56934327,NO,675
chr17,80612858,80613548,NO,690
chr5,172400757,172401341,NO,584
chr7,106535549,106536204,NO,655
chr10,44511985,44512762,NO,777
chr1,52889426,52890277,NO,851
chr19,55171979,55172816,NO,837
chr4,54860144,54860872,NO,728
chr18,43779569,43780259,NO,690
chr3,101617742,101618280,NO,538
chr2,235313585,235314355,NO,770
chr13,77927823,77928320,NO,497
chr1,36791998,36792624,NO,626
chr6,91503970,91504603,NO,633
chr8,97349923,97350486,NO,563
chr10,78095674,78096391,NO,717
chr2,119694064,119694775,NO,711
chr16,16243701,16244368,NO,667
chr4,74680641,74681145,NO,504
chr4,2513519,2514326,NO,807
chrX,48417054,48417645,NO,591
chr7,111752927,111753504,NO,577
chr8,120660461,120661176,NO,715
chr19,30361876,30362620,NO,744
chr2,165579356,165579925,NO,569
chr5,52280453,52281160,NO,707
chr1,29041431,29042021,NO,590
chr8,43379095,43379775,NO,680
chr19,52288316,52289131,NO,815
chr12,112534528,112535194,NO,666
chr4,103519744,103520404,NO,660
chr22,17198370,17202930,NO,4560
chr6,131334606,131335238,NO,632
chr5,12910638,12911244,NO,606
chr8,1816305,1816853,NO,548
chr1,26298027,26298609,NO,582
chr1,151297744,151298616,NO,872
chr6,90007388,90007952,NO,564
chr1,219634305,219635067,NO,762
chr3,4378467,4379392,NO,925
chr1,60242845,60243583,NO,738
chr3,41067762,41068304,NO,542
chr5,158344715,158345485,NO,770
chrX,135757031,135757683,NO,652
chr1,16241993,16242461,NO,468
chr7,44133862,44134562,NO,700
chr17,80585274,80585891,NO,617
chr1,167737049,167737691,NO,642
chr6,71792450,71793026,NO,576
chr14,39697649,39698358,NO,709
chr21,39630215,39631058,NO,843
chr6,154623005,154623481,NO,476
chr18,9062167,9062941,NO,774
chr2,158899090,158899759,NO,669
chr7,44335013,44335709,NO,696
chr2,120187393,120188095,NO,702
chr1,205801091,205801915,NO,824
chr19,18483299,18483989,NO,690
chr7,100460858,100461557,NO,699
chr22,44523021,44523712,NO,691
chr20,19408560,19409186,NO,626
chr20,8583219,8583837,NO,618
chr8,97523193,97523746,NO,553
chr17,72741757,72742354,NO,597
chr11,36322225,36322983,NO,758
chr9,67339782,67340233,NO,451
chr14,102055589,102056453,NO,864
chr1,53490862,53491648,NO,786
chr11,124545915,124546812,NO,897
chr20,46611368,46612006,NO,638
chr2,189840513,189841133,NO,620
chr10,1937681,1938432,NO,751
chr11,35080227,35080979,NO,752
chr5,102258643,102259271,NO,628
chr4,17469081,17469742,NO,661
chr21,36936302,36936980,NO,678
chr11,46360256,46361016,NO,760
chr2,169652551,169653277,NO,726
chr3,184824136,184824737,NO,601
chr2,207847024,207847686,NO,662
chr1,184792247,184793110,NO,863
chr4,74053027,74053685,NO,658
chr22,47069920,47070578,NO,658
chr12,47165088,47165863,NO,775
chr5,142053719,142054651,NO,932
chr14,96841989,96842500,NO,511
chr6,132686257,132686780,NO,523
chr5,72936649,72937242,NO,593
chr16,82229811,82230385,NO,574
chr2,46373164,46374077,NO,913
chr17,48641813,48642354,NO,541
chr22,22749163,22749915,NO,752
chr16,65366404,65367220,NO,816
chr7,39600561,39601026,NO,465
chr16,46952156,46952905,NO,749
chr10,70773819,70774515,NO,696
chr13,98403099,98403749,NO,650
chr12,90644426,90647898,NO,3472
chr14,21993959,21994552,NO,593
chr8,26548377,26549190,NO,813
chr10,15401004,15401843,NO,839
chr11,123407326,123408058,NO,732
chr11,65277909,65278494,NO,585
chr3,12334860,12335632,NO,772
chr4,58029776,58030410,NO,634
chr3,152048615,152049149,NO,534
chr5,139260270,139260923,NO,653
chr5,94423117,94423893,NO,776
chr22,39432023,39432606,NO,583
chr3,114874736,114875364,NO,628
chr8,50538217,50538846,NO,629
chr10,60616479,60617263,NO,784
chr8,71015877,71016467,NO,590
chr6,33593188,33593803,NO,615
chr3,43950187,43950819,NO,632
chr2,72468887,72469441,NO,554
chr4,86748552,86749241,NO,689
chr15,48950010,48950556,NO,546
chr17,26385255,26385969,NO,714
chr3,118955535,118956273,NO,738
chr2,190787821,190795845,NO,8024
chr19,52205543,52206234,NO,691
chrX,338712,339613,NO,901
chr11,897498,898157,NO,659
chr11,102791015,102791577,NO,562
chr12,67356007,67356581,NO,574
chrX,134516592,134517137,NO,545
chr5,11642347,11642935,NO,588
chr8,120968357,120968973,NO,616
chr5,137901243,137901860,NO,617
chr3,185373552,185374301,NO,749
chr10,7815785,7816464,NO,679
chr5,95570729,95571244,NO,515
chr18,29856886,29857504,NO,618
chr7,106377042,106377750,NO,708
chr5,5572861,5573667,NO,806
chr1,9909470,9920043,NO,10573
chr6,77478083,77478847,NO,764
chr17,40489343,40489953,NO,610
chr2,65391650,65392376,NO,726
chr6,163047324,163047948,NO,624
chr5,5658038,5658739,NO,701
chr20,38614712,38615502,NO,790
chr11,57771685,57772252,NO,567
chr17,1875654,1876293,NO,639
chr8,70320265,70320750,NO,485
chr11,117093639,117094546,NO,907
chr9,15430859,15431488,NO,629
chr15,85800532,85800933,NO,401
chrX,119397840,119398561,NO,721
chr17,19152800,19153484,NO,684
chr12,89354009,89354756,NO,747
chr11,9060260,9060975,NO,715
chr17,13834251,13834864,NO,613
chrX,43871527,43872236,NO,709
chr12,77171310,77172125,NO,815
chr16,84690293,84690935,NO,642
chr8,58845971,58846719,NO,748
chr7,134639104,134639821,NO,717
chr10,127356320,127356797,NO,477
chr18,77198185,77198835,NO,650
chr19,52310335,52310957,NO,622
chr5,7926270,7927053,NO,783
chr17,76150905,76151501,NO,596
chr3,153319327,153319941,NO,614
chr5,146811177,146812010,NO,833
chrX,71489897,71490356,NO,459
chr22,17897561,17897949,NO,388
chr6,131704759,131705505,NO,746
chr3,30477235,30477844,NO,609
chr7,72744156,72744828,NO,672
chr7,39393377,39394051,NO,674
chr18,27722649,27723214,NO,565
chr2,102315923,102316701,NO,778
chr3,4313741,4314366,NO,625
chr16,64294855,64295253,NO,398
chr19,51321135,51321821,NO,686
chr3,19972507,19972995,NO,488
chr3,189836167,189836866,NO,699
chr12,117483220,117483920,NO,700
chr5,157318032,157318717,NO,685
chr6,44900291,44900864,NO,573
chr4,101902467,101903087,NO,620
chr12,6074301,6074854,NO,553
chr8,55421664,55422347,NO,683
chr8,90771335,90772095,NO,760
chr10,119794825,119795541,NO,716
chr17,60617989,60618833,NO,844
chr14,81425301,81426222,NO,921
chr1,91971437,91972127,NO,690
chr14,79517434,79518140,NO,706
chr8,133967803,133968503,NO,700
chr11,67312235,67312979,NO,744
chr12,122166503,122167256,NO,753
chr14,21699193,21699952,NO,759
chrX,143285509,143286067,NO,558
chr2,27285501,27286079,NO,578
chr10,133487156,133487820,NO,664
chr15,66710082,66710756,NO,674
chr14,54004156,54004965,NO,809
chr11,71772735,71773309,NO,574
chr2,40591864,40592580,NO,716
chr1,183925378,183926112,NO,734
chr2,96400582,96401166,NO,584
chrX,70272726,70273352,NO,626
chr20,25341207,25341879,NO,672
chr18,8257934,8258654,NO,720
chr14,90260079,90260718,NO,639
chr20,2539316,2539855,NO,539
chr18,49554935,49555546,NO,611
chr3,194626489,194627337,NO,848
chr8,29107166,29107821,NO,655
chrX,135932463,135933046,NO,583
chr16,84725862,84726315,NO,453
chr5,92773742,92774439,NO,697
chr15,63960276,63960860,NO,584
chr12,22187916,22188411,NO,495
chr1,147234354,147235031,NO,677
chr5,158839372,158840073,NO,701
chr12,56768555,56769183,NO,628
chr20,59161560,59162487,NO,927
chr4,149138006,149138790,NO,784
chr5,130405499,130406170,NO,671
chr4,141530580,141531268,NO,688
chr18,65027353,65028043,NO,690
chr8,48325521,48326040,NO,519
chr1,9047696,9048414,NO,718
chrX,97653443,97654136,NO,693
chr3,81808485,81808981,NO,496
chr12,75958089,75958632,NO,543
chr7,18548129,18560683,NO,12554
chrX,139173685,139174311,NO,626
chr4,142052168,142052812,NO,644
chr8,30342414,30342978,NO,564
chr8,60964077,60964935,NO,858
chr8,22425927,22426727,NO,800
chr3,25862006,25862473,NO,467
chr12,19836311,19836916,NO,605
chr14,61645147,61645577,NO,430
chr6,114241891,114242437,NO,546
chr12,28922502,28935563,NO,13061
chr3,186250250,186250865,NO,615
chr3,37847556,37848270,NO,714
chr16,69564295,69565062,NO,767
chr5,55825270,55826013,NO,743
chr10,88699152,88699797,NO,645
chr3,30852000,30852815,NO,815
chr5,65750181,65750764,NO,583
chr5,116075112,116075779,NO,667
chr2,25879312,25880026,NO,714
chr10,6370477,6371195,NO,718
chr16,1069316,1069935,NO,619
chr9,100686508,100687115,NO,607
chr1,91292410,91293139,NO,729
chr2,12427439,12428061,NO,622
chr11,105644163,105644657,NO,494
chr10,22862569,22863249,NO,680
chr21,27512454,27513000,NO,546
chr6,150799901,150800432,NO,531
chr12,27374927,27375582,NO,655
chrX,15362094,15362756,NO,662
chr2,196497804,196498374,NO,570
chr10,103442690,103443562,NO,872
chr2,178217095,178217715,NO,620
chr9,89678208,89678664,NO,456
chr3,106954170,106954872,NO,702
chr6,19382595,19383158,NO,563
chr5,129478203,129478732,NO,529
chrX,154974030,154974617,NO,587
chr7,2993732,2994492,NO,760
chr19,55412589,55413173,NO,584
chr15,35434660,35435504,NO,844
chr3,9078498,9079233,NO,735
chr1,161219356,161219908,NO,552
chr8,25223627,25224136,NO,509
chr8,133887907,133888464,NO,557
chr2,86941853,86942636,NO,783
chr1,169013062,169013860,NO,798
chr3,70830344,70830897,NO,553
chr5,86377356,86377977,NO,621
chr15,85246336,85247034,NO,698
chr15,99046724,99047369,NO,645
chr6,27655259,27656007,NO,748
chr7,123013322,123013974,NO,652
chr18,71822894,71823649,NO,755
chr18,55248156,55249087,NO,931
chr8,12774447,12774941,NO,494
chr16,2074866,2075418,NO,552
chr5,142807789,142808567,NO,778
chr4,147981250,147981823,NO,573
chr10,20905726,20906455,NO,729
chr6,33476803,33477455,NO,652
chr10,90661711,90662328,NO,617
chr7,100156582,100157298,NO,716
chr19,30377988,30378718,NO,730
chr2,128619644,128620463,NO,819
chr10,18916319,18916816,NO,497
chr6,168307527,168307999,NO,472
chr7,7727362,7728031,NO,669
chr2,3284027,3284842,NO,815
chr19,42101049,42112584,NO,11535
chr18,9916093,9916635,NO,542
chr2,85568542,85569239,NO,697
chr10,60235110,60235538,NO,428
chr14,84441974,84442550,NO,576
chr14,59197874,59198486,NO,612
chr18,49417056,49417737,NO,681
chr12,28075481,28076323,NO,842
chr8,65641358,65641997,NO,639
chr1,192835139,192835794,NO,655
chr12,116741414,116742075,NO,661
chr4,15903462,15904025,NO,563
chr2,69781794,69782551,NO,757
chr5,90326939,90327443,NO,504
chr22,22191406,22192219,NO,813
chr17,34202322,34203006,NO,684
chr14,104376254,104376965,NO,711
chr5,174680783,174681315,NO,532
chr14,24579946,24580676,NO,730
chr18,61597669,61598390,NO,721
chr1,56106401,56107153,NO,752
chr12,102849269,102849909,NO,640
chr7,113692139,113692911,NO,772
chr4,57737505,57738126,NO,621
chr6,36301642,36302393,NO,751
chr11,65558916,65559475,NO,559
chr12,48478704,48479295,NO,591
chr15,82574619,82579273,NO,4654
chr9,111389053,111389523,NO,470
chr11,32549128,32549845,NO,717
chr2,75643715,75644346,NO,631
chrX,132780017,132780581,NO,564
chr7,135493528,135494147,NO,619
chr10,74454641,74455379,NO,738
chr12,131238901,131239558,NO,657
chrX,39195835,39196543,NO,708
chr3,77903415,77904125,NO,710
chr13,33871021,33871690,NO,669
chr3,113798362,113799026,NO,664
chr9,3732422,3733078,NO,656
chr3,25634720,25635407,NO,687
chr13,93896558,93897141,NO,583
chr14,66480271,66480726,NO,455
chr9,111647799,111648438,NO,639
chr2,158236796,158237163,NO,367
chr2,45992640,45993161,NO,521
chr13,51787651,51788306,NO,655
chr9,107968191,107968908,NO,717
chr22,39747224,39747956,NO,732
chr3,24266402,24267134,NO,732
chr16,5108369,5109182,NO,813
chr17,54827491,54828103,NO,612
chr15,58606536,58607351,NO,815
chr10,105836030,105836828,NO,798
chr2,1349878,1350565,NO,687
chr5,171062070,171062784,NO,714
chr12,111325479,111326080,NO,601
chr2,137200437,137201225,NO,788
chr21,40742187,40742844,NO,657
chr11,117922533,117923268,NO,735
chr22,26062239,26062949,NO,710
chr1,41468742,41469369,NO,627
chr1,97330830,97331399,NO,569
chr16,4681218,4681861,NO,643
chr12,89968400,89969053,NO,653
chr5,95251829,95252422,NO,593
chr19,32206216,32206880,NO,664
chr17,1520243,1520802,NO,559
chr20,3708006,3708673,NO,667
chr6,152783681,152784358,NO,677
chr18,11893585,11894197,NO,612
chr7,39667630,39668257,NO,627
chr12,52764756,52765378,NO,622
chr3,186544856,186545424,NO,568
chr1,149973173,149973717,NO,544
chr6,148342737,148343248,NO,511
chr3,133681808,133682496,NO,688
chr8,8163072,8163936,NO,864
chr4,90252708,90253450,NO,742
chr10,3406946,3407667,NO,721
chr19,9810488,9832958,NO,22470
chr2,192032713,192033272,NO,559
chr8,117484640,117485140,NO,500
chr18,29542131,29542642,NO,511
chr1,89875330,89876253,NO,923
chr12,10242665,10243244,NO,579
chr1,19301188,19301826,NO,638
chr1,164571785,164572469,NO,684
chr15,44974905,44975577,NO,672
chr8,98652190,98652995,NO,805
chr2,178262256,178262961,NO,705
chr2,157913114,157913697,NO,583
chr3,123518794,123519397,NO,603
chr6,15040621,15041222,NO,601
chr11,130278065,130278741,NO,676
chr14,73777735,73778382,NO,647
chr7,7855837,7856379,NO,542
chr12,49398646,49399288,NO,642
chr8,29522617,29523247,NO,630
chr2,25676230,25676767,NO,537
chr7,3740493,3740848,NO,355
chrX,43566146,43566804,NO,658
chr15,85347283,85347886,NO,603
chr1,55501657,55502254,NO,597
chr11,64872131,64872705,NO,574
chr6,30883791,30884240,NO,449
chr9,117798005,117798720,NO,715
chr9,34825963,34826850,NO,887
chr16,2969460,2969989,NO,529
chr19,47157733,47158336,NO,603
chr1,55007876,55008396,NO,520
chr10,7550051,7550762,NO,711
chr2,87308322,87309105,NO,783
chr19,39890738,39891261,NO,523
chr21,25800798,25801389,NO,591
chr2,41942812,41943437,NO,625
chr2,43935090,43935923,NO,833
chr1,120322370,120322885,NO,515
chr5,67337860,67338513,NO,653
chr14,104651067,104651627,NO,560
chr3,54277169,54277877,NO,708
chr6,69428358,69429007,NO,649
chr7,157110712,157111356,NO,644
chr12,115174535,115175051,NO,516
chr17,72736942,72737561,NO,619
chr1,225843232,225843842,NO,610
chr21,30688874,30689610,NO,736
chr13,33803043,33803645,NO,602
chr1,36804560,36805243,NO,683
chr12,21903985,21904631,NO,646
chr17,19851480,19852208,NO,728
chr1,100809504,100810169,NO,665
chr1,200857339,200858155,NO,816
chr7,4882134,4882753,NO,619
chr2,118774027,118774702,NO,675
chr2,28789244,28790343,NO,1099
chr6,152991525,152992089,NO,564
chr7,31122131,31122944,NO,813
chr21,27257722,27258347,NO,625
chr6,106093768,106094443,NO,675
chr8,103035639,103036288,NO,649
chr18,43469934,43470479,NO,545
chr6,5979872,5980515,NO,643
chr3,100322122,100322701,NO,579
chr5,72804336,72804815,NO,479
chr11,65367811,65368408,NO,597
chr9,4595982,4596703,NO,721
chr12,10336742,10337350,NO,608
chr17,1534835,1535275,NO,440
chr17,2247655,2248402,NO,747
chr17,64795789,64796471,NO,682
chr11,66453058,66453727,NO,669
chr9,128452522,128453115,NO,593
chr2,46974287,46974938,NO,651
chr8,130697314,130698037,NO,723
chr19,1086157,1086776,NO,619
chr17,64300358,64301275,NO,917
chr10,61338455,61339017,NO,562
chr12,64992643,64993240,NO,597
chr9,4102191,4102692,NO,501
chr10,99334701,99335146,NO,445
chr21,44930712,44931433,NO,721
chr5,57839745,57840277,NO,532
chr11,63538756,63539497,NO,741
chr3,78906996,78907679,NO,683
chr8,37911142,37911715,NO,573
chr20,48096224,48096878,NO,654
chr8,93963462,93963985,NO,523
chr20,2310530,2311309,NO,779
chr16,29350309,29359005,NO,8696
chr8,42213024,42213632,NO,608
chr7,43655121,43655742,NO,621
chr7,116712649,116713352,NO,703
chr13,21810942,21811666,NO,724
chr2,206809009,206809775,NO,766
chr18,6884980,6885574,NO,594
chrX,43609602,43610280,NO,678
chr5,86593178,86594061,NO,883
chr2,70355170,70355661,NO,491
chr6,31518948,31519495,NO,547
chr13,27619051,27619793,NO,742
chr1,201959340,201960028,NO,688
chr20,8456363,8457001,NO,638
chr10,19268660,19269232,NO,572
chr3,116648572,116649127,NO,555
chr15,48872236,48872992,NO,756
chr6,88535016,88535574,NO,558
chr6,157276757,157285578,NO,8821
chr11,2187905,2188613,NO,708
chr7,94059462,94069097,NO,9635
chr2,95740527,95741331,NO,804
chr20,18953339,18965815,NO,12476
chr3,67066258,67066803,NO,545
chr14,35074671,35075347,NO,676
chr2,60640261,60640988,NO,727
chr5,136144549,136145285,NO,736
chr17,63674599,63675156,NO,557
chr1,145666650,145667149,NO,499
chr9,130257402,130258195,NO,793
chr15,64005255,64005984,NO,729
chr10,99320708,99321153,NO,445
chr12,76208673,76209325,NO,652
chr1,77896585,77897105,NO,520
chr6,91341088,91341768,NO,680
chr9,13899788,13900484,NO,696
chr14,74955467,74955958,NO,491
chr10,131253612,131254199,NO,587
chr9,13019666,13020307,NO,641
chr18,19978238,19978791,NO,553
chr7,133373938,133374566,NO,628
chr5,154167600,154168253,NO,653
chr3,71409336,71409924,NO,588
chr10,50743163,50743734,NO,571
chr14,50897324,50898080,NO,756
chr1,207329259,207329943,NO,684
chr3,20122443,20123228,NO,785
chr2,100859279,100859964,NO,685
chr7,139889846,139890474,NO,628
chr21,16583778,16584300,NO,522
chr6,2543316,2543898,NO,582
chr4,148233854,148234366,NO,512
chr7,17702347,17703014,NO,667
chr1,105135035,105135707,NO,672
chr13,27579098,27579948,NO,850
chr4,25930376,25940921,NO,10545
chr15,77411249,77411946,NO,697
chr14,52429835,52430512,NO,677
chr4,122122098,122122616,NO,518
chr14,29911901,29912590,NO,689
chr15,65196152,65196844,NO,692
chr9,5557547,5558436,NO,889
chr9,125418305,125418948,NO,643
chr2,32205956,32206611,NO,655
chr8,81941254,81941911,NO,657
chr5,71269453,71270176,NO,723
chr2,147807219,147807751,NO,532
chr17,74655611,74656298,NO,687
chr17,67896888,67897476,NO,588
chr20,3411075,3411645,NO,570
chr16,15884089,15884715,NO,626
chr18,69098294,69098925,NO,631
chr3,139291958,139292624,NO,666
chr11,66735313,66735796,NO,483
chr17,4671279,4671908,NO,629
chr2,106675909,106676538,NO,629
chr18,59400167,59400809,NO,642
chr3,10660758,10661192,NO,434
chr1,23211266,23211949,NO,683
chr15,78978117,78978821,NO,704
chr20,10433796,10434294,NO,498
chr10,103608184,103608949,NO,765
chr11,67225897,67226497,NO,600
chr19,18493627,18494390,NO,763
chr3,197381555,197381936,NO,381
chr11,35385181,35385844,NO,663
chr14,98637786,98638552,NO,766
chr3,70899208,70899737,NO,529
chr16,11075773,11076644,NO,871
chr4,88598549,88599294,NO,745
chr9,37188051,37188505,NO,454
chr8,1839596,1840028,NO,432
chr2,183626731,183627347,NO,616
chr6,32828790,32829359,NO,569
chr8,119072630,119073161,NO,531
chr3,65803915,65804518,NO,603
chr5,74147813,74148398,NO,585
chr4,127989616,127990179,NO,563
chr16,4691744,4692300,NO,556
chr3,124403503,124404067,NO,564
chr12,15057809,15058386,NO,577
chr8,140968782,140969375,NO,593
chr8,125557148,125557910,NO,762
chr22,44172896,44173595,NO,699
chr19,2394060,2403534,NO,9474
chrX,153762567,153763269,NO,702
chr11,61829503,61830052,NO,549
chrX,19657325,19658005,NO,680
chr6,156452420,156452949,NO,529
chr2,70331772,70332299,NO,527
chr5,175046031,175046720,NO,689
chr21,39567987,39568567,NO,580
chr3,151554671,151555380,NO,709
chr3,195361748,195362129,NO,381
chr5,38585376,38585874,NO,498
chr5,67466802,67467340,NO,538
chr1,38248063,38248632,NO,569
chr5,59528145,59528588,NO,443
chr8,130214540,130215171,NO,631
chr10,57170105,57170730,NO,625
chr3,71564867,71565580,NO,713
chr6,111873191,111873964,NO,773
chr5,35081781,35082238,NO,457
chr1,201907422,201908000,NO,578
chr5,175280148,175280853,NO,705
chr15,70248520,70249145,NO,625
chr3,150352762,150353423,NO,661
chr2,150424667,150425426,NO,759
chr6,132970926,132971641,NO,715
chr14,78234760,78235479,NO,719
chr5,139601252,139601875,NO,623
chr21,38830687,38831419,NO,732
chr15,71571360,71572156,NO,796
chr4,113278621,113279182,NO,561
chr4,54630233,54630995,NO,762
chr6,134154901,134155657,NO,756
chr2,38821939,38822483,NO,544
chr16,89904108,89904761,NO,653
chr18,48409422,48410121,NO,699
chr6,134758305,134758967,NO,662
chr15,70612612,70613172,NO,560
chr10,120551656,120552281,NO,625
chr2,232298709,232299249,NO,540
chr17,36816375,36817077,NO,702
chr19,7449630,7450253,NO,623
chr4,40267002,40267725,NO,723
chr2,208590525,208590988,NO,463
chr4,199236,199749,NO,513
chr11,30738465,30739266,NO,801
chr2,28054394,28054901,NO,507
chr15,96277992,96278659,NO,667
chr2,42524507,42524997,NO,490
chr21,32898338,32898842,NO,504
chr5,9285344,9286017,NO,673
chr1,157151326,157151808,NO,482
chr12,76530861,76531472,NO,611
chr1,2498891,2499512,NO,621
chr2,157560992,157561613,NO,621
chr6,75807969,75808515,NO,546
chr7,100067098,100067618,NO,520
chr6,81797051,81797657,NO,606
chr3,28809746,28810321,NO,575
chr7,39872736,39873316,NO,580
chr2,224625603,224626220,NO,617
chr20,47654667,47655248,NO,581
chr6,135951878,135952553,NO,675
chr17,63224480,63225123,NO,643
chr11,122310993,122311533,NO,540
chr2,228044840,228045518,NO,678
chr1,221886252,221899714,NO,13462
chr18,46925296,46925837,NO,541
chr6,91060598,91061343,NO,745
chr4,68578854,68584157,NO,5303
chr21,15309532,15309942,NO,410
chr6,2950693,2951310,NO,617
chr4,24250814,24251559,NO,745
chr3,167742165,167742769,NO,604
chr6,47014758,47015378,NO,620
chr1,174134578,174135150,NO,572
chr2,88899559,88900029,NO,470
chr9,78046382,78046985,NO,603
chr19,18420964,18421596,NO,632
chr19,52123826,52124471,NO,645
chr20,31190530,31191172,NO,642
chr6,153295995,153296671,NO,676
chr3,141248949,141249415,NO,466
chr5,68613338,68613920,NO,582
chr18,24028292,24028877,NO,585
chr12,22167420,22168017,NO,597
chr9,34916929,34917443,NO,514
chr3,192232632,192233402,NO,770
chr19,50963446,50963989,NO,543
chr10,60712129,60712745,NO,616
chr8,18744203,18744712,NO,509
chr5,146762274,146762959,NO,685
chr10,5528383,5528944,NO,561
chr22,39926625,39927294,NO,669
chr20,60471126,60471819,NO,693
chr6,145203828,145204415,NO,587
chr20,218235,218736,NO,501
chr1,81967167,81967714,NO,547
chr10,29141981,29142547,NO,566
chr8,104068001,104068714,NO,713
chrX,19828289,19828867,NO,578
chr14,89096802,89097364,NO,562
chr12,103128934,103129546,NO,612
chr4,106382336,106392648,NO,10312
chr4,160822452,160822996,NO,544
chr18,22066480,22066999,NO,519
chr7,157264598,157265251,NO,653
chr6,28414608,28415194,NO,586
chr2,26634972,26635505,NO,533
chr3,57657161,57657802,NO,641
chr15,63188346,63188993,NO,647
chr2,2117787,2118304,NO,517
chr1,83974309,83974881,NO,572
chr18,807895,808578,NO,683
chr13,72049428,72050041,NO,613
chrX,65266140,65266812,NO,672
chr2,71377173,71377736,NO,563
chrX,100670000,100670709,NO,709
chr2,70408424,70409083,NO,659
chr15,66985625,66986129,NO,504
chr8,97803584,97804218,NO,634
chr7,68289562,68290218,NO,656
chr13,29196075,29196719,NO,644
chr2,129411670,129412357,NO,687
chr3,176961209,176961789,NO,580
chr3,64981721,64982328,NO,607
chr6,72033788,72034367,NO,579
chr3,178231098,178231639,NO,541
chr6,166700032,166700831,NO,799
chr19,55427991,55428686,NO,695
chr12,25406280,25406906,NO,626
chr1,227406577,227407172,NO,595
chr3,71581793,71582440,NO,647
chr11,32610046,32610646,NO,600
chr11,838594,839143,NO,549
chr16,10423422,10423989,NO,567
chr5,171682540,171682827,NO,287
chr12,44217870,44218448,NO,578
chr11,75657441,75658106,NO,665
chr16,18785994,18786719,NO,725
chr1,22383193,22383922,NO,729
chr1,153545554,153546230,NO,676
chr6,164571772,164572462,NO,690
chr2,40698123,40698821,NO,698
chr7,153337360,153338048,NO,688
chr6,155640800,155641598,NO,798
chr13,25192672,25193353,NO,681
chr6,90550086,90550635,NO,549
chr1,4856006,4856693,NO,687
chr7,92410227,92410874,NO,647
chr18,52745701,52746415,NO,714
chr15,88133538,88134270,NO,732
chrX,153528941,153529472,NO,531
chr11,133423619,133424260,NO,641
chr4,153635136,153635642,NO,506
chr11,102340087,102340611,NO,524
chr6,159876845,159877399,NO,554
chr6,35801472,35802041,NO,569
chr3,71060139,71060784,NO,645
chr6,13338181,13338809,NO,628
chr6,47382696,47383173,NO,477
chr3,156398735,156399269,NO,534
chr16,70542735,70543288,NO,553
chr8,104208743,104209273,NO,530
chr12,10793927,10794643,NO,716
chr9,97820614,97821359,NO,745
chr1,182204381,182205018,NO,637
chr18,75581881,75582491,NO,610
chr19,3181739,3182379,NO,640
chr2,124029710,124030211,NO,501
chr10,45720136,45720611,NO,475
chr2,80389979,80390446,NO,467
chr8,23034291,23035019,NO,728
chr20,20241876,20242538,NO,662
chr19,47153576,47154105,NO,529
chr22,49904923,49905417,NO,494
chr4,1129669,1130292,NO,623
chr14,71734068,71734652,NO,584
chr6,134598320,134598773,NO,453
chr2,72278605,72279254,NO,649
chr6,138866602,138867246,NO,644
chr3,23262811,23263486,NO,675
chr21,34089948,34090485,NO,537
chr4,148736978,148737606,NO,628
chr4,160219545,160220224,NO,679
chr18,12050208,12050966,NO,758
chr11,9573314,9573858,NO,544
chr13,35322266,35322771,NO,505
chr4,64215082,64215544,NO,462
chr1,235468125,235468714,NO,589
chr3,112022288,112022790,NO,502
chr7,25068458,25069162,NO,704
chr14,54970249,54970737,NO,488
chr1,146987638,146988116,NO,478
chr5,171027876,171028548,NO,672
chr3,27722245,27722912,NO,667
chr22,36904573,36905222,NO,649
chr4,55120593,55121199,NO,606
chr17,38195282,38195904,NO,622
chr21,30950274,30950820,NO,546
chr2,100625733,100626629,NO,896
chr1,7887023,7887731,NO,708
chr1,90430886,90431607,NO,721
chr17,61427736,61428359,NO,623
chr11,111734858,111735228,NO,370
chr20,46790264,46790936,NO,672
chr22,45869312,45869818,NO,506
chr20,3539696,3540233,NO,537
chr7,133859833,133860358,NO,525
chr7,22973903,22974506,NO,603
chr6,69470789,69471478,NO,689
chr11,71736395,71736982,NO,587
chr1,78472872,78473331,NO,459
chr6,157207284,157207915,NO,631
chr14,32467405,32467949,NO,544
chr9,35269885,35270508,NO,623
chr5,95920074,95920728,NO,654
chr2,28303887,28304462,NO,575
chr18,3886573,3887237,NO,664
chr11,98415826,98416417,NO,591
chr17,19187380,19188096,NO,716
chr14,100497907,100498541,NO,634
chr6,51275326,51275718,NO,392
chr17,78180561,78181184,NO,623
chr3,130266959,130267580,NO,621
chr14,23303003,23303661,NO,658
chr11,27375916,27376523,NO,607
chr12,51139370,51140116,NO,746
chr3,72057679,72058283,NO,604
chr11,65215429,65216278,NO,849
chr15,52943870,52944528,NO,658
chr20,50601786,50602289,NO,503
chr15,47862753,47863394,NO,641
chr1,210689330,210689912,NO,582
chr3,25078678,25079317,NO,639
chr8,64132912,64133544,NO,632
chr2,101657155,101657731,NO,576
chr4,57824026,57824706,NO,680
chr11,46015045,46015775,NO,730
chr13,32249233,32250034,NO,801
chr18,32414419,32414933,NO,514
chr16,88103106,88103729,NO,623
chr13,34007341,34016082,NO,8741
chr4,106037938,106041151,NO,3213
chr17,39790923,39791616,NO,693
chr14,21483565,21484257,NO,692
chr9,87008330,87008956,NO,626
chr15,52975763,52976423,NO,660
chr1,54447830,54448490,NO,660
chr4,175535532,175536060,NO,528
chr18,3726590,3727139,NO,549
chr13,30476385,30477093,NO,708
chr15,94717083,94717746,NO,663
chrX,138963309,138963832,NO,523
chr7,2335239,2335833,NO,594
chr2,70310771,70311465,NO,694
chr10,76904333,76904862,NO,529
chr2,46466406,46466975,NO,569
chr13,67434455,67434991,NO,536
chr19,16844707,16845224,NO,517
chr5,34743120,34744023,NO,903
chr9,37301350,37301962,NO,612
chr12,111192006,111192573,NO,567
chr13,95833254,95833799,NO,545
chr16,33569026,33569651,NO,625
chr20,5750534,5751189,NO,655
chr6,143485814,143486353,NO,539
chr7,17273633,17274114,NO,481
chr20,43974625,43975294,NO,669
chr10,62332336,62332970,NO,634
chr7,86633278,86633991,NO,713
chr21,39201531,39202149,NO,618
chr3,66773443,66774036,NO,593
chr19,50037043,50037502,NO,459
chr7,51424484,51425141,NO,657
chr1,235267616,235268152,NO,536
chr16,71934063,71934625,NO,562
chr7,27175486,27176193,NO,707
chr2,64368736,64369281,NO,545
chr12,111001768,111002195,NO,427
chr7,90401265,90401943,NO,678
chr11,66957745,66958372,NO,627
chr3,189428566,189429384,NO,818
chr1,64295433,64296067,NO,634
chr19,32933345,32933855,NO,510
chr1,45799932,45800612,NO,680
chr8,120905506,120906078,NO,572
chrX,150126979,150127413,NO,434
chr1,3691558,3692209,NO,651
chr7,27784439,27785060,NO,621
chr12,111350795,111351383,NO,588
chr12,63138298,63138973,NO,675
chr11,95650415,95650959,NO,544
chr3,71730492,71731060,NO,568
chr5,99911766,99912366,NO,600
chr11,1912354,1912965,NO,611
chr4,156433317,156433888,NO,571
chr15,36043592,36044121,NO,529
chrX,4793752,4794258,NO,506
chr21,35100689,35101173,NO,484
chr11,79684885,79685533,NO,648
chr20,11124946,11125602,NO,656
chr3,155866682,155867210,NO,528
chr14,52001371,52001910,NO,539
chr4,104057890,104058361,NO,471
chr8,6385823,6386496,NO,673
chr6,108805305,108805908,NO,603
chr1,93823727,93824464,NO,737
chr12,69061708,69062289,NO,581
chr7,107886346,107886960,NO,614
chr13,101300892,101301411,NO,519
chr20,3293595,3294253,NO,658
chr10,133741791,133742523,NO,732
chr12,63211317,63211912,NO,595
chr11,95795432,95796006,NO,574
chr11,59727938,59728617,NO,679
chr2,100889419,100889981,NO,562
chr1,235805327,235805901,NO,574
chr15,40063280,40064006,NO,726
chr2,128990729,128991240,NO,511
chr6,31736502,31737236,NO,734
chr4,120045637,120046279,NO,642
chr12,65007069,65007614,NO,545
chr18,8050647,8051273,NO,626
chr6,37611338,37611919,NO,581
chr14,44589575,44590096,NO,521
chrX,153577485,153578152,NO,667
chr5,66790673,66791274,NO,601
chr7,155484925,155485546,NO,621
chr10,90202225,90202712,NO,487
chr11,90964373,90965000,NO,627
chr10,80168353,80169128,NO,775
chr7,94601658,94602336,NO,678
chr2,161994806,161995469,NO,663
chr1,241791090,241791593,NO,503
chr2,85232626,85233105,NO,479
chr3,143049964,143050696,NO,732
chr5,76585913,76586484,NO,571
chr2,106625919,106626521,NO,602
chr17,65285461,65286149,NO,688
chr5,141201850,141202396,NO,546
chr6,118980622,118981215,NO,593
chr7,108046439,108046963,NO,524
chr10,3580971,3581497,NO,526
chr22,29404719,29405427,NO,708
chr18,68089056,68089664,NO,608
chr16,75712894,75713511,NO,617
chr11,76758138,76758833,NO,695
chr1,118277798,118278309,NO,511
chr15,58860286,58860926,NO,640
chr7,157053301,157053868,NO,567
chr7,131925668,131926228,NO,560
chr1,25096294,25096707,NO,413
chr6,53446014,53446491,NO,477
chrX,129173951,129174570,NO,619
chrX,70348673,70349277,NO,604
chrX,39299380,39300028,NO,648
chr1,36213711,36214293,NO,582
chr15,69807968,69808647,NO,679
chr6,147438655,147439256,NO,601
chr6,157237639,157238284,NO,645
chr8,52758629,52759191,NO,562
chr16,83802644,83803336,NO,692
chr19,1181845,1182461,NO,616
chr19,50393203,50393683,NO,480
chr17,66935488,66935926,NO,438
chr10,82392452,82393193,NO,741
chr4,123028313,123029029,NO,716
chr4,146750706,146751290,NO,584
chr1,154836354,154836919,NO,565
chr7,25771417,25772104,NO,687
chr11,70205197,70205720,NO,523
chr12,106563570,106564159,NO,589
chr5,55380785,55381290,NO,505
chrX,70857579,70858060,NO,481
chr9,93847377,93848035,NO,658
chr6,84177095,84177611,NO,516
chr10,88503350,88503859,NO,509
chr8,8146568,8147266,NO,698
chr10,98181929,98182693,NO,764
chr6,113198206,113198772,NO,566
chr1,212715806,212716375,NO,569
chr6,86111105,86111788,NO,683
chr1,183602781,183603403,NO,622
chr7,158547411,158548047,NO,636
chr19,6970417,6970959,NO,542
chr5,55367195,55367770,NO,575
chr13,107239871,107240533,NO,662
chr1,33405303,33405939,NO,636
chr5,66254824,66255362,NO,538
chr5,60727958,60728531,NO,573
chr3,52836085,52836708,NO,623
chrX,138907988,138908531,NO,543
chr1,244978840,244979450,NO,610
chr6,74181056,74181537,NO,481
chr2,197831325,197831821,NO,496
chr12,102106702,102107380,NO,678
chr3,61912687,61913290,NO,603
chr2,103125416,103126093,NO,677
chr11,65204982,65205714,NO,732
chr1,149193154,149193717,NO,563
chr7,36696830,36697468,NO,638
chr1,193079139,193079789,NO,650
chr11,121208724,121209412,NO,688
chr14,75847060,75847661,NO,601
chr17,40645129,40645673,NO,544
chr15,80636559,80637148,NO,589
chr3,21686576,21687194,NO,618
chr12,32268368,32268897,NO,529
chr12,92499801,92500498,NO,697
chr5,172480110,172480731,NO,621
chr1,36791365,36791936,NO,571
chr5,142886849,142887377,NO,528
chr1,160824801,160825449,NO,648
chr2,196013450,196014049,NO,599
chr12,112325639,112326147,NO,508
chr16,3740505,3741136,NO,631
chr12,48556928,48557512,NO,584
chr1,167934123,167934592,NO,469
chr20,13665179,13665663,NO,484
chr2,44471358,44471910,NO,552
chr3,169554031,169554628,NO,597
chr17,74400357,74400935,NO,578
chr1,64169200,64169904,NO,704
chr10,35028841,35029478,NO,637
chr19,8417637,8418097,NO,460
chr16,672702,673295,NO,593
chr2,216870836,216871511,NO,675
chr6,140606565,140607133,NO,568
chr12,41915526,41916017,NO,491
chr10,29845344,29845928,NO,584
chr5,157255044,157255640,NO,596
chr19,18388744,18389261,NO,517
chr6,13767469,13768087,NO,618
chr2,112849766,112850498,NO,732
chr11,65201475,65202079,NO,604
chr4,153506157,153506871,NO,714
chr10,128770719,128771456,NO,737
chr10,24061219,24061995,NO,776
chrX,153290381,153290978,NO,597
chr7,47126998,47127633,NO,635
chr20,62444733,62445430,NO,697
chr3,23754263,23754830,NO,567
chr1,2029513,2030087,NO,574
chr1,68792706,68793356,NO,650
chr10,67624289,67624869,NO,580
chr19,47132279,47132869,NO,590
chr4,30929436,30929971,NO,535
chr10,64519857,64520397,NO,540
chr12,69229117,69229614,NO,497
chr10,22311283,22312061,NO,778
chr18,379830,380636,NO,806
chr11,34330407,34331050,NO,643
chr21,26880658,26881273,NO,615
chr8,59291295,59291814,NO,519
chr17,36008745,36009370,NO,625
chr18,9530228,9530788,NO,560
chr18,36521087,36521639,NO,552
chr1,177475247,177475841,NO,594
chr11,63748685,63749169,NO,484
chr2,15870192,15870811,NO,619
chr8,124098259,124098962,NO,703
chr12,54724436,54725070,NO,634
chr20,9074186,9074671,NO,485
chr3,193883400,193884028,NO,628
chr8,70593817,70594435,NO,618
chr7,55376234,55376699,NO,465
chr9,118160250,118160789,NO,539
chr3,87908573,87909008,NO,435
chr6,123091946,123092572,NO,626
chr22,32803579,32804166,NO,587
chr5,71920598,71921121,NO,523
chr5,40605940,40616366,NO,10426
chr2,117941359,117941983,NO,624
chr10,90747045,90747627,NO,582
chr11,56723705,56724341,NO,636
chr1,12436555,12437197,NO,642
chr13,108994770,108995411,NO,641
chr7,141804741,141805287,NO,546
chr10,120428545,120429244,NO,699
chr1,89570342,89570777,NO,435
chr2,96715168,96715602,NO,434
chrX,70292654,70293423,NO,769
chr6,43299312,43299944,NO,632
chr1,214432650,214433217,NO,567
chr5,95532683,95533288,NO,605
chr19,1089842,1090305,NO,463
chr22,21847903,21848180,NO,277
chrX,70598086,70598696,NO,610
chr11,86730507,86731047,NO,540
chr17,72008562,72009126,NO,564
chr2,169939534,169940160,NO,626
chr12,78128173,78128728,NO,555
chr16,11275240,11275850,NO,610
chr12,49555025,49555589,NO,564
chr3,44752109,44752659,NO,550
chr9,102422547,102423109,NO,562
chr14,65095560,65096026,NO,466
chr6,39721104,39721659,NO,555
chr14,34781181,34781858,NO,677
chr3,53748117,53748652,NO,535
chr17,73979846,73980366,NO,520
chr20,62508776,62509479,NO,703
chr12,56517700,56518386,NO,686
chr7,83742079,83742649,NO,570
chr13,45793233,45793618,NO,385
chr12,111065650,111066275,NO,625
chr17,30394067,30394513,NO,446
chrX,114264811,114265411,NO,600
chr4,128131823,128132344,NO,521
chr10,21661880,21662519,NO,639
chr22,21795250,21795527,NO,277
chr1,158921763,158922389,NO,626
chr17,34434409,34435103,NO,694
chr17,8099497,8100050,NO,553
chr1,149934154,149934794,NO,640
chr2,54466158,54466746,NO,588
chr12,46956544,46957111,NO,567
chr8,73759927,73760342,NO,415
chr11,68959716,68960140,NO,424
chr1,179004055,179004536,NO,481
chr20,12555736,12556287,NO,551
chr17,1623913,1624461,NO,548
chr2,227703968,227704574,NO,606
chr7,79191678,79192205,NO,527
chr7,33510933,33511799,NO,866
chr15,41701870,41702482,NO,612
chr12,127563201,127563851,NO,650
chr5,50041181,50041758,NO,577
chr4,170791575,170792049,NO,474
chr3,101707306,101707882,NO,576
chr19,42553346,42553944,NO,598
chrX,153248835,153249413,NO,578
chr5,61877789,61878355,NO,566
chr5,141625314,141625890,NO,576
chrX,2439425,2439967,NO,542
chr13,44239055,44239535,NO,480
chr12,27971158,27971767,NO,609
chr8,96813856,96814436,NO,580
chr10,114929245,114939151,NO,9906
chr10,3665156,3665666,NO,510
chr2,30703857,30704610,NO,753
chr12,107485265,107485736,NO,471
chr3,56758791,56759369,NO,578
chr16,63345393,63358824,NO,13431
chr14,55605571,55606200,NO,629
chr10,124255267,124255738,NO,471
chr15,38703771,38704451,NO,680
chr4,124732890,124733450,NO,560
chr5,96503138,96503816,NO,678
chr8,10128031,10128556,NO,525
chr1,244238199,244238969,NO,770
chr10,86068341,86068985,NO,644
chr22,33410595,33411163,NO,568
chr8,43018186,43018823,NO,637
chr8,144666550,144667207,NO,657
chr8,141455254,141455830,NO,576
chr5,33205785,33206288,NO,503
chr19,17938612,17939222,NO,610
chr10,116392588,116393264,NO,676
chr16,6877455,6877928,NO,473
chr10,24845471,24846117,NO,646
chr4,139025308,139025978,NO,670
chr5,64132541,64133074,NO,533
chr18,72057115,72057859,NO,744
chr1,220310276,220310836,NO,560
chr8,26577251,26577762,NO,511
chr17,9251849,9252571,NO,722
chr4,95266402,95266949,NO,547
chrX,13760704,13761305,NO,601
chr7,98528235,98528778,NO,543
chr11,93810731,93811360,NO,629
chr9,2267706,2268366,NO,660
chr17,74025506,74026162,NO,656
chr18,41427041,41427762,NO,721
chr3,54925148,54925749,NO,601
chr2,187469488,187476261,NO,6773
chr4,183831948,183832580,NO,632
chr4,152051202,152051772,NO,570
chr14,91528933,91529563,NO,630
chr6,13216557,13217102,NO,545
chr9,113051325,113051794,NO,469
chr19,1887228,1887699,NO,471
chr6,151579049,151579547,NO,498
chr7,38026588,38040007,NO,13419
chr3,160269377,160269951,NO,574
chr12,15781212,15781863,NO,651
chr15,72631307,72631947,NO,640
chr7,27354044,27354654,NO,610
chr12,131363784,131364402,NO,618
chr7,35730777,35731451,NO,674
chr6,130216254,130216792,NO,538
chr2,63661649,63662161,NO,512
chr15,71426641,71427090,NO,449
chr9,130572187,130572682,NO,495
chr1,230645526,230646098,NO,572
chr2,145842436,145843070,NO,634
chr4,139327815,139328429,NO,614
chr9,71590282,71590901,NO,619
chr10,24773710,24774379,NO,669
chr5,40849469,40850131,NO,662
chr11,33070129,33070650,NO,521
chr15,23076004,23076628,NO,624
chr17,78738854,78739402,NO,548
chr15,80620579,80621128,NO,549
chr7,46972537,46973042,NO,505
chr1,183983028,183983525,NO,497
chr1,200364047,200364646,NO,599
chr6,32551790,32552213,NO,423
chr1,62082279,62082877,NO,598
chr18,54208846,54209378,NO,532
chr6,45448440,45448914,NO,474
chr17,28978045,28978491,NO,446
chr2,98221973,98222407,NO,434
chr17,4663033,4663601,NO,568
chr5,36389166,36389771,NO,605
chr14,52120535,52121075,NO,540
chr1,36521141,36521678,NO,537
chr13,41930900,41931518,NO,618
chr2,38890787,38891201,NO,414
chr3,89381183,89381843,NO,660
chr7,106605565,106606150,NO,585
chr2,33813862,33814433,NO,571
chr18,23965627,23966209,NO,582
chr5,52367090,52367671,NO,581
chr7,127422512,127423156,NO,644
chr9,85170672,85171157,NO,485
chr8,23890566,23891035,NO,469
chr1,56206422,56206834,NO,412
chr11,122238677,122239156,NO,479
chr14,59126503,59127022,NO,519
chr2,102254334,102255000,NO,666
chr8,145034804,145035454,NO,650
chr8,57743462,57743896,NO,434
chr14,32297841,32298463,NO,622
chr3,142842044,142842596,NO,552
chr8,38687202,38687783,NO,581
chr3,20064900,20065569,NO,669
chr11,85731983,85732590,NO,607
chr1,234462085,234462803,NO,718
chr2,130260526,130261072,NO,546
chr16,56585539,56586207,NO,668
chr11,3132604,3133165,NO,561
chr11,110247661,110248086,NO,425
chr17,40088941,40102691,NO,13750
chr8,105525658,105526220,NO,562
chr6,10659679,10660166,NO,487
chr8,144665739,144666482,NO,743
chr19,53457242,53457731,NO,489
chr9,97835239,97835834,NO,595
chr2,163196600,163197193,NO,593
chr5,118346913,118347364,NO,451
chr4,83437930,83438446,NO,516
chr4,187899302,187899981,NO,679
chr8,17833463,17834124,NO,661
chr1,149576604,149576877,NO,273
chr18,43802423,43803012,NO,589
chr12,30080293,30080826,NO,533
chr11,19832520,19833162,NO,642
chr7,139784824,139785295,NO,471
chr8,118725837,118726408,NO,571
chr8,144052954,144053509,NO,555
chr17,65308094,65308736,NO,642
chr15,26679070,26679528,NO,458
chr5,40502266,40502985,NO,719
chr11,130518523,130519083,NO,560
chr5,55219040,55219627,NO,587
chr1,168230739,168231394,NO,655
chr19,35861678,35862327,NO,649
chr20,42767484,42768058,NO,574
chr9,13787243,13787779,NO,536
chr6,122476388,122477035,NO,647
chr9,119193027,119193789,NO,762
chr11,12490652,12491323,NO,671
chr10,12490968,12491526,NO,558
chr6,108107889,108108481,NO,592
chr10,93395408,93396052,NO,644
chr3,106825633,106826152,NO,519
chr13,95976186,95989708,NO,13522
chr12,110750722,110751237,NO,515
chr2,48612670,48613215,NO,545
chr3,32539578,32540042,NO,464
chr1,27601869,27602455,NO,586
chr5,112951591,112951986,NO,395
chr19,1176277,1176756,NO,479
chr11,123345402,123346114,NO,712
chr14,31711001,31711670,NO,669
chr19,1107854,1108364,NO,510
chr20,60536916,60537471,NO,555
chr5,41049191,41049899,NO,708
chrX,119887530,119888070,NO,540
chr6,132777896,132778440,NO,544
chr2,160183334,160183909,NO,575
chr4,5342604,5343138,NO,534
chr3,64174535,64175086,NO,551
chr2,25196522,25197008,NO,486
chr2,73360583,73361144,NO,561
chr1,161153445,161153906,NO,461
chr20,36567921,36568468,NO,547
chr20,3718521,3719074,NO,553
chr5,55594243,55594807,NO,564
chr2,122384907,122385475,NO,568
chr8,29832854,29833612,NO,758
chr11,85999759,86000372,NO,613
chr12,120187345,120187944,NO,599
chr4,79102882,79103324,NO,442
chr1,17455360,17455749,NO,389
chr6,50890877,50904637,NO,13760
chr13,99020563,99021089,NO,526
chr11,61421818,61422514,NO,696
chr21,30976259,30976776,NO,517
chr19,39930946,39931496,NO,550
chr14,90573941,90574337,NO,396
chr7,44190182,44190845,NO,663
chr2,167668742,167669366,NO,624
chr9,33081115,33081592,NO,477
chr12,68985702,68986240,NO,538
chr9,66520177,66520713,NO,536
chr10,88814539,88815048,NO,509
chr18,5582730,5583256,NO,526
chr3,47291870,47292260,NO,390
chr3,95440531,95441023,NO,492
chr14,54757958,54758399,NO,441
chr13,72371579,72372103,NO,524
chr4,169828378,169829014,NO,636
chr7,86829289,86829984,NO,695
chr19,54052203,54052729,NO,526
chr10,50498543,50499014,NO,471
chr7,28549314,28549867,NO,553
chr8,84860359,84860925,NO,566
chrX,38195655,38196075,NO,420
chr1,184807607,184808166,NO,559
chr8,29990931,29991609,NO,678
chr20,62398413,62399083,NO,670
chr4,83732960,83733450,NO,490
chrX,63652112,63652710,NO,598
chr13,97902060,97902511,NO,451
chr18,29832302,29832756,NO,454
chr14,97273086,97273695,NO,609
chr11,44051644,44052170,NO,526
chr19,12399766,12400172,NO,406
chr16,23912434,23913053,NO,619
chr8,120586359,120587011,NO,652
chrX,40437075,40437590,NO,515
chr2,39795727,39796333,NO,606
chr15,91163645,91164217,NO,572
chr1,48680465,48694298,NO,13833
chr22,21925342,21925913,NO,571
chr8,22907130,22907837,NO,707
chr6,13611852,13612370,NO,518
chr12,59288881,59289461,NO,580
chr7,37258535,37259085,NO,550
chr21,40011430,40012048,NO,618
chr16,17318893,17319513,NO,620
chr13,47629956,47630472,NO,516
chr12,42664577,42665177,NO,600
chr4,48779836,48780307,NO,471
chr6,88851452,88852109,NO,657
chr14,80727293,80727806,NO,513
chr19,10097021,10097687,NO,666
chr17,48809042,48809604,NO,562
chr10,4746186,4746776,NO,590
chr20,17954210,17954827,NO,617
chr4,119825996,119826436,NO,440
chr19,23694934,23695409,NO,475
chr10,96066777,96067362,NO,585
chr11,74114589,74115241,NO,652
chr9,40633078,40633497,NO,419
chr2,71020363,71020991,NO,628
chr2,191991255,191991798,NO,543
chr7,85349278,85349848,NO,570
chr5,131130250,131130726,NO,476
chr4,135531930,135544192,NO,12262
chr20,58323787,58324339,NO,552
chr2,216649030,216649662,NO,632
chr2,174804467,174805030,NO,563
chr17,74622381,74623039,NO,658
chr2,1399790,1400287,NO,497
chr8,26023481,26024176,NO,695
chr9,12963968,12964595,NO,627
chr9,87306234,87306799,NO,565
chr1,112879711,112880206,NO,495
chr2,177356183,177356656,NO,473
chr9,75612278,75612923,NO,645
chr12,80321858,80322320,NO,462
chr1,27809972,27810575,NO,603
chr6,156008873,156009456,NO,583
chr8,1039239,1039724,NO,485
chr4,149297312,149297821,NO,509
chr8,144157744,144158434,NO,690
chr6,12262310,12262931,NO,621
chr2,55041171,55041859,NO,688
chr6,4460703,4461297,NO,594
chr2,25840872,25841482,NO,610
chr19,1215915,1216464,NO,549
chr6,44432565,44433097,NO,532
chrX,151071265,151071738,NO,473
chr19,8397933,8398521,NO,588
chr8,22992057,22992524,NO,467
chr4,108677222,108677783,NO,561
chr3,186802736,186803329,NO,593
chr6,41933008,41933607,NO,599
chr1,234781386,234793550,NO,12164
chr10,5753341,5753818,NO,477
chr2,160219701,160220138,NO,437
chr12,89938544,89939047,NO,503
chr20,3561476,3561990,NO,514
chr1,209584640,209584993,NO,353
chr5,66812984,66813619,NO,635
chr7,158503256,158503793,NO,537
chr1,61767411,61767957,NO,546
chr16,15521500,15522030,NO,530
chr3,42533529,42534191,NO,662
chr8,8000403,8000988,NO,585
chr8,12379706,12380291,NO,585
chr5,34695842,34696288,NO,446
chr2,89180082,89180571,NO,489
chr6,108454816,108455432,NO,616
chr1,121156698,121157236,NO,538
chr11,65253232,65253710,NO,478
chr12,103062721,103063190,NO,469
chr3,146067747,146068448,NO,701
chr12,77914996,77915479,NO,483
chr1,185827684,185828242,NO,558
chr8,90961221,90961744,NO,523
chr13,43541399,43542047,NO,648
chr1,47657344,47657940,NO,596
chr9,87157348,87157958,NO,610
chr7,71098069,71098675,NO,606
chr4,56999922,57000431,NO,509
chrX,149131316,149131864,NO,548
chr14,59421968,59422617,NO,649
chr12,72456751,72457405,NO,654
chr6,151767485,151767998,NO,513
chr3,156423625,156424149,NO,524
chr14,51144015,51144625,NO,610
chr6,132990920,132991517,NO,597
chr1,145432762,145433429,NO,667
chr21,39188125,39188863,NO,738
chr13,44690809,44691410,NO,601
chr6,132913884,132914358,NO,474
chrX,124427181,124427822,NO,641
chr2,21132594,21133092,NO,498
chr19,52242646,52243255,NO,609
chr2,200844483,200845135,NO,652
chr5,59055373,59055796,NO,423
chr17,27522109,27531670,NO,9561
chr11,47553725,47554247,NO,522
chr10,76951553,76952150,NO,597
chr9,18073820,18074348,NO,528
chr1,21724323,21724741,NO,418
chr11,8692347,8692961,NO,614
chr6,133895179,133895743,NO,564
chr15,38298283,38298778,NO,495
chr3,77980985,77981543,NO,558
chr8,22396982,22397478,NO,496
chr9,136074837,136075420,NO,583
chr12,47925795,47926323,NO,528
chr20,40153630,40154277,NO,647
chr5,72958973,72959622,NO,649
chr2,171018173,171018861,NO,688
chr7,79044525,79045006,NO,481
chr13,42385710,42386166,NO,456
chr15,80324860,80325455,NO,595
chr7,111627434,111627997,NO,563
chr12,118558850,118559462,NO,612
chr4,140508599,140509091,NO,492
chr16,87540760,87551647,NO,10887
chr4,124791303,124791914,NO,611
chr4,17020908,17021347,NO,439
chr3,111811158,111811761,NO,603
chr10,53976575,53977151,NO,576
chr17,17492643,17493243,NO,600
chr2,83219678,83220138,NO,460
chr16,15575768,15583600,NO,7832
chr2,149400344,149400939,NO,595
chr19,10644152,10644720,NO,568
chr1,98313569,98314144,NO,575
chr3,11119271,11119757,NO,486
chr19,18510444,18510861,NO,417
chr10,127533356,127533991,NO,635
chr13,79336727,79337293,NO,566
chr2,101790472,101790929,NO,457
chrX,149646665,149647313,NO,648
chr1,177780438,177781118,NO,680
chr6,123034024,123034523,NO,499
chr12,64419382,64419697,NO,315
chr3,119175400,119175867,NO,467
chr1,67485110,67485750,NO,640
chr3,157815364,157816023,NO,659
chr1,222612516,222613024,NO,508
chr6,159417753,159418260,NO,507
chr9,71145359,71145959,NO,600
chr8,108531999,108532500,NO,501
chr1,196818741,196819245,NO,504
chr6,76027306,76027916,NO,610
chr6,109369290,109381245,NO,11955
chr5,52302323,52302932,NO,609
chr2,151635209,151635766,NO,557
chr7,55778307,55778901,NO,594
chr5,71228498,71228969,NO,471
chr7,120778245,120778704,NO,459
chr4,180757442,180757996,NO,554
chr5,145068494,145069103,NO,609
chr9,115593724,115594347,NO,623
chr11,104670120,104670781,NO,661
chr11,12663364,12663912,NO,548
chr17,3738316,3738974,NO,658
chr9,14298430,14298925,NO,495
chr21,28797843,28798479,NO,636
chr6,19327552,19328198,NO,646
chr5,156599470,156600008,NO,538
chr4,69241893,69242415,NO,522
chr1,100929494,100930186,NO,692
chr10,7486448,7486989,NO,541
chr7,135540506,135540981,NO,475
chrX,107441689,107442380,NO,691
chr19,19617254,19617802,NO,548
chr16,52688957,52689330,NO,373
chr19,18514168,18514720,NO,552
chr9,4324898,4325432,NO,534
chr19,39028907,39029567,NO,660
chr16,16672353,16672896,NO,543
chr6,116571904,116572565,NO,661
chr4,70628761,70629413,NO,652
chr3,69488512,69488992,NO,480
chr5,170044507,170045089,NO,582
chrX,45648386,45649062,NO,676
chr12,116561320,116561899,NO,579
chr4,149194632,149195109,NO,477
chr17,1669125,1669709,NO,584
chr7,79909026,79909596,NO,570
chr2,106960977,106961375,NO,398
chr5,84086654,84087203,NO,549
chr2,30687897,30688472,NO,575
chr19,906301,906861,NO,560
chr4,123775700,123776329,NO,629
chr13,109568425,109568998,NO,573
chr10,121483062,121483696,NO,634
chr19,36401996,36402627,NO,631
chr13,99063944,99064579,NO,635
chr13,98312695,98313214,NO,519
chr8,105450827,105451366,NO,539
chr2,190460645,190461339,NO,694
chr12,10179953,10180515,NO,562
chr19,43895966,43896459,NO,493
chr12,6480083,6480638,NO,555
chr10,7375900,7376482,NO,582
chr10,36133003,36133519,NO,516
chr5,159410678,159411195,NO,517
chr1,39309395,39310028,NO,633
chr12,49822546,49823079,NO,533
chr7,107754549,107755073,NO,524
chr10,30013943,30014607,NO,664
chr3,40905416,40905883,NO,467
chr7,3636982,3637564,NO,582
chr22,21326745,21327308,NO,563
chr7,74205052,74205498,NO,446
chr5,171405246,171405833,NO,587
chr10,27044411,27044922,NO,511
chr9,27482039,27482688,NO,649
chr17,21934667,21935111,NO,444
chr16,2552814,2553263,NO,449
chr5,112485412,112486002,NO,590
chr12,11420040,11420434,NO,394
chr13,92979136,92979755,NO,619
chr2,234477189,234477712,NO,523
chr18,22595193,22595631,NO,438
chr20,50380800,50381353,NO,553
chr2,187759259,187759932,NO,673
chr13,92876594,92877094,NO,500
chr14,75508804,75509255,NO,451
chr18,12597594,12598119,NO,525
chr3,125311823,125312332,NO,509
chr4,100643973,100644613,NO,640
chr22,38886558,38887172,NO,614
chr4,41941146,41941572,NO,426
chr8,108128411,108129010,NO,599
chr10,65136857,65137426,NO,569
chr6,109644110,109644866,NO,756
chr13,49476544,49476993,NO,449
chr9,121789524,121790064,NO,540
chr6,80254497,80255170,NO,673
chr4,144208079,144208486,NO,407
chr18,57552650,57553171,NO,521
chr7,65196196,65196900,NO,704
chr22,40402269,40402824,NO,555
chr14,51939767,51940373,NO,606
chr18,614586,615121,NO,535
chr17,53274921,53275607,NO,686
chr17,60568148,60568661,NO,513
chr15,62836364,62836872,NO,508
chr22,38258897,38259642,NO,745
chr12,120012861,120013509,NO,648
chr16,31515744,31516110,NO,366
chr17,33761502,33761941,NO,439
chrX,64062913,64063405,NO,492
chr5,77232983,77233386,NO,403
chr11,133734569,133735012,NO,443
chr5,167009988,167010655,NO,667
chr2,241560830,241561354,NO,524
chr12,116580920,116581555,NO,635
chr7,74179067,74179530,NO,463
chr4,46325846,46326275,NO,429
chrX,14261921,14262471,NO,550
chr9,20015333,20015952,NO,619
chr4,37948084,37948644,NO,560
chrX,107541675,107542188,NO,513
chr9,104347697,104348263,NO,566
chr11,111667492,111667966,NO,474
chr18,24833690,24834185,NO,495
chr4,86728657,86729183,NO,526
chr8,26161846,26162410,NO,564
chr8,82128217,82128693,NO,476
chr5,160532817,160533320,NO,503
chr3,44387899,44388224,NO,325
chr3,107394093,107394712,NO,619
chr11,837723,838238,NO,515
chr1,120217922,120218345,NO,423
chr9,26954229,26954786,NO,557
chr20,12808400,12808943,NO,543
chr10,98139627,98140205,NO,578
chr4,119961817,119962352,NO,535
chr6,12993568,12994054,NO,486
chr3,151940299,151940858,NO,559
chr12,93827661,93828044,NO,383
chr14,104616507,104617057,NO,550
chr7,138707381,138707775,NO,394
chr8,1872422,1873089,NO,667
chr3,180423531,180424059,NO,528
chr6,31665164,31665732,NO,568
chr11,62556397,62556876,NO,479
chr20,23366958,23367592,NO,634
chr5,43588102,43588489,NO,387
chr18,53902388,53902970,NO,582
chr2,173648148,173648666,NO,518
chrX,14893175,14893712,NO,537
chr12,10902440,10902971,NO,531
chr16,50523162,50523744,NO,582
chr7,148097310,148097769,NO,459
chr3,142817925,142818565,NO,640
chr8,53931293,53931871,NO,578
chr3,71157000,71157436,NO,436
chr21,41936693,41937281,NO,588
chr8,30295540,30295985,NO,445
chr9,42251027,42251385,NO,358
chr6,156342404,156342958,NO,554
chr9,91568223,91582489,NO,14266
chr1,79518675,79519132,NO,457
chr6,137017486,137018022,NO,536
chr15,56500230,56500750,NO,520
chr9,137736631,137737274,NO,643
chr1,192221059,192221506,NO,447
chr6,166828843,166829778,NO,935
chr14,106995951,106996502,NO,551
chr2,165682847,165683406,NO,559
chr2,54280435,54281043,NO,608
chr9,133044564,133045178,NO,614
chr6,501832,502419,NO,587
chr4,36287386,36288082,NO,696
chr14,34837797,34838351,NO,554
chr19,3080190,3080724,NO,534
chrX,114703355,114703818,NO,463
chr1,239852904,239853438,NO,534
chr1,19483744,19484301,NO,557
chr9,4815421,4815983,NO,562
chr6,130391855,130392340,NO,485
chr14,102143787,102144376,NO,589
chr7,153169830,153170321,NO,491
chr4,185605605,185606193,NO,588
chr18,44447670,44448286,NO,616
chr4,107629181,107629671,NO,490
chr6,134237911,134238436,NO,525
chr3,37214579,37215135,NO,556
chr1,111948980,111949510,NO,530
chr19,52273689,52274138,NO,449
chr4,14127228,14127693,NO,465
chr6,33085090,33085457,NO,367
chr4,22686859,22687411,NO,552
chr5,111265592,111266045,NO,453
chr3,128930478,128931038,NO,560
chr11,1775122,1775619,NO,497
chr4,87038836,87039370,NO,534
chr2,62165422,62165949,NO,527
chr1,184618206,184618852,NO,646
chr20,20746918,20747449,NO,531
chr17,75251076,75251572,NO,496
chr9,7910175,7910755,NO,580
chr4,140925517,140926050,NO,533
chr15,39165040,39165598,NO,558
chr11,4079167,4079754,NO,587
chr16,56456766,56457294,NO,528
chr4,24212107,24212554,NO,447
chrX,9534972,9535535,NO,563
chr3,142804101,142804597,NO,496
chr18,70740418,70740958,NO,540
chr2,43710013,43710558,NO,545
chr1,48169047,48169610,NO,563
chr18,76916736,76917335,NO,599
chr19,56148030,56148503,NO,473
chr17,57591371,57591860,NO,489
chr12,76230582,76231073,NO,491
chr6,7278096,7278632,NO,536
chr3,174054499,174055055,NO,556
chr22,23907915,23908467,NO,552
chr3,78787063,78787504,NO,441
chr2,15928688,15929298,NO,610
chr13,90634793,90635342,NO,549
chr8,8777305,8777838,NO,533
chr2,128507340,128508016,NO,676
chr12,56292581,56293021,NO,440
chr12,1398775,1399204,NO,429
chr19,1852547,1853054,NO,507
chr11,36153270,36153604,NO,334
chr4,140233613,140234129,NO,516
chr5,147184789,147185365,NO,576
chr7,120478271,120478766,NO,495
chr2,161491892,161492453,NO,561
chr3,109737534,109737906,NO,372
chr7,134519594,134527125,NO,7531
chr10,75477096,75477602,NO,506
chr12,56782874,56783353,NO,479
chr1,192676683,192677196,NO,513
chr12,6403892,6404387,NO,495
chr6,69350279,69350857,NO,578
chr3,28687879,28688469,NO,590
chr3,149989610,149990026,NO,416
chr2,26074364,26074904,NO,540
chr2,56213322,56213848,NO,526
chr4,89724742,89725257,NO,515
chr4,41300255,41300702,NO,447
chr1,24948482,24948966,NO,484
chr9,37887249,37887661,NO,412
chr10,89306087,89306641,NO,554
chr15,29527149,29527483,NO,334
chr7,105754972,105755457,NO,485
chr1,43959441,43959944,NO,503
chr10,13609000,13609729,NO,729
chr4,84473754,84474381,NO,627
chr6,76552431,76553003,NO,572
chr1,162666004,162680205,NO,14201
chr18,3427721,3428276,NO,555
chr8,130796826,130797298,NO,472
chr3,149566296,149566908,NO,612
chr4,71620541,71621009,NO,468
chr13,32575438,32576077,NO,639
chr12,22882547,22883065,NO,518
chr10,100227316,100227879,NO,563
chr8,97822096,97822649,NO,553
chr10,119213642,119214224,NO,582
chr10,88628033,88628541,NO,508
chr7,127294998,127295555,NO,557
chr12,101853495,101853980,NO,485
chr12,100304773,100305257,NO,484
chr9,21023743,21024248,NO,505
chr7,90242540,90242867,NO,327
chr15,75678548,75679019,NO,471
chr2,88352461,88353022,NO,561
chr6,39577443,39577946,NO,503
chr1,85872686,85873187,NO,501
chr6,111727481,111728038,NO,557
chr12,88923293,88923818,NO,525
chr20,3203125,3203634,NO,509
chr2,208139620,208148529,NO,8909
chr2,174024699,174025182,NO,483
chr1,153486931,153487416,NO,485
chr1,35688674,35689236,NO,562
chr2,84921066,84921542,NO,476
chr12,30659341,30659715,NO,374
chr15,60757265,60757777,NO,512
chr4,186995087,186995735,NO,648
chr14,71975574,71975968,NO,394
chr9,45442234,45442570,NO,336
chr2,70358045,70358578,NO,533
chr8,91632366,91632854,NO,488
chr4,39637881,39638383,NO,502
chr5,38663436,38664016,NO,580
chr10,114595670,114596187,NO,517
chr11,349446,349894,NO,448
chr4,72125541,72125994,NO,453
chr4,89884899,89885296,NO,397
chr7,105662664,105663206,NO,542
chrX,47905761,47906263,NO,502
chr11,107779039,107779531,NO,492
chr6,63921224,63921768,NO,544
chr15,62957228,62957642,NO,414
chr8,36957231,36957669,NO,438
chr1,46575861,46576398,NO,537
chr1,178273297,178273964,NO,667
chr20,18659300,18659883,NO,583
chr1,59966431,59967062,NO,631
chr11,122051134,122051706,NO,572
chr11,14051269,14051712,NO,443
chr18,22218213,22218820,NO,607
chr9,113281665,113282263,NO,598
chr7,38503256,38503778,NO,522
chr1,47140969,47141493,NO,524
chr7,87229793,87230324,NO,531
chr7,107114520,107115005,NO,485
chr8,117127810,117128385,NO,575
chr20,34407049,34407478,NO,429
chr5,76169946,76170450,NO,504
chr8,19482353,19495854,NO,13501
chr20,62483616,62484004,NO,388
chr10,79544536,79545038,NO,502
chr7,95218088,95218621,NO,533
chr16,18840538,18841111,NO,573
chr22,25081687,25092919,NO,11232
chr12,46038329,46038975,NO,646
chr5,94128595,94129166,NO,571
chr16,68582868,68583429,NO,561
chr1,246814277,246814918,NO,641
chr12,80242315,80242786,NO,471
chr18,33656130,33656641,NO,511
chr5,88714152,88714648,NO,496
chr1,232608917,232609557,NO,640
chr12,115748391,115759404,NO,11013
chr19,40587484,40587899,NO,415
chr12,48713498,48713961,NO,463
chr15,88181673,88182226,NO,553
chr11,132543378,132557037,NO,13659
chr5,140464123,140464691,NO,568
chr11,40238072,40238619,NO,547
chr19,23386681,23387224,NO,543
chr12,118471512,118472057,NO,545
chr2,210011143,210011646,NO,503
chr21,35057271,35057743,NO,472
chr9,127934390,127934975,NO,585
chr11,64114513,64115033,NO,520
chr9,113036469,113037023,NO,554
chr2,189761695,189762248,NO,553
chrX,78514174,78514719,NO,545
chr4,38907045,38907597,NO,552
chr3,104238172,104238698,NO,526
chr7,135771346,135771745,NO,399
chr7,29242286,29242896,NO,610
chr6,119797413,119797982,NO,569
chr22,23132568,23133101,NO,533
chr8,6547618,6548162,NO,544
chr10,104940658,104941104,NO,446
chr7,76845453,76845989,NO,536
chr10,3634427,3634886,NO,459
chr8,65517322,65517906,NO,584
chr17,293321,293765,NO,444
chr2,125461083,125461577,NO,494
chr3,101669051,101669599,NO,548
chr19,5799142,5799596,NO,454
chr14,97328811,97329258,NO,447
chr1,145492116,145492583,NO,467
chr1,98853301,98853777,NO,476
chr1,207308105,207308539,NO,434
chr12,14521801,14522301,NO,500
chr17,1498054,1498469,NO,415
chr1,107110491,107110979,NO,488
chr15,73433976,73434430,NO,454
chr3,1030302,1030827,NO,525
chr2,118738719,118739248,NO,529
chr20,15966098,15966559,NO,461
chr2,47979292,47979760,NO,468
chr2,200523919,200524307,NO,388
chr7,157847882,157848309,NO,427
chr4,20045528,20045970,NO,442
chr2,166556986,166557498,NO,512
chr6,2937205,2937827,NO,622
chr4,184497409,184497976,NO,567
chr20,7379695,7380051,NO,356
chr7,18201599,18202147,NO,548
chr9,38161873,38162397,NO,524
chr1,241808523,241809059,NO,536
chr3,196943213,196943710,NO,497
chr10,118547186,118547790,NO,604
chr1,211756453,211757286,NO,833
chr1,236827396,236827936,NO,540
chr2,144955451,144955914,NO,463
chr2,169894875,169895381,NO,506
chr4,174210060,174210700,NO,640
chr3,161657677,161658189,NO,512
chr1,17508235,17508797,NO,562
chr2,166733935,166734433,NO,498
chr6,10902127,10902558,NO,431
chr1,53238063,53238401,NO,338
chr19,55803425,55803894,NO,469
chr19,15643466,15643975,NO,509
chr13,51385445,51386021,NO,576
chr1,54163757,54164436,NO,679
chr2,12704654,12705140,NO,486
chr12,94799213,94799746,NO,533
chrX,41729998,41730517,NO,519
chr2,157520329,157520792,NO,463
chr1,51734295,51734664,NO,369
chr16,24947360,24947856,NO,496
chr3,31586016,31586502,NO,486
chr13,59377989,59378445,NO,456
chr1,65059923,65060369,NO,446
chr2,183105722,183106260,NO,538
chr4,135507267,135507929,NO,662
chr12,19661731,19662188,NO,457
chr6,41270261,41270737,NO,476
chr6,89768898,89769363,NO,465
chr20,2405291,2405741,NO,450
chr5,175540562,175540921,NO,359
chr13,28822630,28823033,NO,403
chr4,38011756,38012222,NO,466
chr12,88719103,88719464,NO,361
chr3,32744940,32745330,NO,390
chr2,192330354,192330785,NO,431
chr3,188397555,188397957,NO,402
chr9,6106634,6107276,NO,642
chr1,225686466,225686837,NO,371
chr9,95370025,95370517,NO,492
chr5,58540829,58541359,NO,530
chr6,154518593,154519048,NO,455
chr2,32785442,32786064,NO,622
chr3,38309665,38310199,NO,534
chr2,64212075,64212521,NO,446
chr9,96103372,96103770,NO,398
chr21,30275788,30276169,NO,381
chr13,112262169,112262670,NO,501
chr4,111791143,111791724,NO,581
chr3,156966510,156967140,NO,630
chrX,16974422,16975042,NO,620
chr9,136783224,136783708,NO,484
chr5,89264715,89265255,NO,540
chr2,196275827,196276288,NO,461
chr5,119593481,119594070,NO,589
chr7,86283206,86283740,NO,534
chr15,56911995,56912549,NO,554
chr15,50281551,50282084,NO,533
chr20,38166648,38167215,NO,567
chr13,113409550,113410156,NO,606
chr17,73805292,73805763,NO,471
chr17,77054189,77054644,NO,455
chr3,144550529,144551047,NO,518
chrX,107467146,107467670,NO,524
chr6,79785876,79786341,NO,465
chr3,153037503,153037930,NO,427
chr3,101744212,101744569,NO,357
chr16,24528440,24528900,NO,460
chr2,231429953,231430447,NO,494
chr6,46066366,46066849,NO,483
chr10,74312462,74323871,NO,11409
chr4,105552663,105553173,NO,510
chr9,95060187,95060757,NO,570
chr21,26829109,26829495,NO,386
chr19,28926480,28926944,NO,464
chr14,96890386,96890796,NO,410
chr21,16431170,16431676,NO,506
chr2,42542052,42542470,NO,418
chrX,118694128,118694457,NO,329
chr4,173707551,173708059,NO,508
chr8,25313336,25313837,NO,501
chr3,104010227,104010604,NO,377
chr8,4644518,4645120,NO,602
chr8,106666334,106666835,NO,501
chr8,115447123,115447603,NO,480
chr22,47626303,47635269,NO,8966
chrX,47850948,47851466,NO,518
chr19,55207621,55207991,NO,370
chr1,242062176,242062634,NO,458
chr10,28908483,28908970,NO,487
chr9,36602746,36603290,NO,544
chr13,109927108,109927750,NO,642
chr7,158640100,158640557,NO,457
chr15,31306259,31306722,NO,463
chr14,33923037,33923387,NO,350
chr2,12894384,12894834,NO,450
chr5,177151244,177151603,NO,359
chr10,82895894,82896431,NO,537
chr12,118576495,118576960,NO,465
chr15,55636257,55636737,NO,480
chr1,222756148,222756558,NO,410
chr15,75843630,75844105,NO,475
chrX,21657882,21658336,NO,454
chr3,143000210,143000671,NO,461
chr9,118052011,118052440,NO,429
chr3,185677635,185678152,NO,517
chr14,50991580,50992188,NO,608
chr21,34408396,34408955,NO,559
chr11,72151367,72151848,NO,481
chr10,44492760,44493310,NO,550
chr3,137941559,137942029,NO,470
chr15,78741492,78742080,NO,588
chr3,186618905,186619310,NO,405
chrX,27881849,27882290,NO,441
chr6,51167770,51168306,NO,536
chr2,184472582,184473072,NO,490
chr14,102258169,102258811,NO,642
chr1,196734061,196734379,NO,318
chr11,121761646,121762157,NO,511
chrX,9283857,9284340,NO,483
chr9,115308531,115308990,NO,459
chr8,24156129,24156525,NO,396
chr21,32531039,32531607,NO,568
chr7,80351485,80352016,NO,531
chr6,148666261,148666686,NO,425
chr17,7559513,7560116,NO,603
chr20,50964950,50965321,NO,371
chr17,65350004,65350601,NO,597
chr7,148129124,148129582,NO,458
chr2,192198326,192198821,NO,495
chr2,139064751,139065326,NO,575
chr12,80156679,80157374,NO,695
chr3,41264192,41264648,NO,456
chr3,69698810,69699353,NO,543
chr6,16345712,16346148,NO,436
chr18,56381598,56382011,NO,413
chr9,42454320,42454863,NO,543
chr4,141865350,141865780,NO,430
chr1,27964686,27965155,NO,469
chr9,43047038,43047581,NO,543
chr20,1415155,1415646,NO,491
chr4,88803592,88804031,NO,439
chr2,70009002,70009484,NO,482
chr12,51876710,51877073,NO,363
chr6,135223200,135223636,NO,436
chr15,39185633,39186101,NO,468
chr10,62144139,62144506,NO,367
chr7,96898828,96899250,NO,422
chr7,18059831,18060328,NO,497
chr9,94277277,94277798,NO,521
chr6,6027179,6027720,NO,541
chrX,12861744,12862254,NO,510
chr11,46411935,46412489,NO,554
chr1,119454815,119455323,NO,508
chr10,129741492,129741950,NO,458
chr17,37519485,37520025,NO,540
chr1,24310803,24311334,NO,531
chr6,128255360,128255874,NO,514
chr10,22422913,22423455,NO,542
chr3,152217775,152218191,NO,416
chr16,15968482,15968913,NO,431
chr21,41558256,41558725,NO,469
chr8,100727412,100727738,NO,326
chr12,8279604,8280118,NO,514
chr10,26816756,26817242,NO,486
chr1,233426636,233427073,NO,437
chr5,9505493,9505995,NO,502
chr8,81926786,81927253,NO,467
chr12,70382143,70382668,NO,525
chr9,15081431,15081876,NO,445
chrX,80431098,80431380,NO,282
chr19,1079411,1079902,NO,491
chr13,81173855,81174264,NO,409
chr19,3789157,3789635,NO,478
chr20,44239400,44239844,NO,444
chr6,140176973,140177388,NO,415
chr11,62725733,62726178,NO,445
chrX,134588585,134589077,NO,492
chr13,41522321,41522860,NO,539
chr11,68270703,68271230,NO,527
chr20,21295467,21306698,NO,11231
chr6,72122132,72122647,NO,515
chr18,8451080,8451569,NO,489
chr10,90754962,90755469,NO,507
chr4,184556471,184556918,NO,447
chr15,92237375,92250240,NO,12865
chr5,106907292,106907966,NO,674
chr3,55649928,55650471,NO,543
chr3,63793580,63793981,NO,401
chr1,64486183,64486605,NO,422
chr5,31923345,31923736,NO,391
chr7,115665206,115665718,NO,512
chr8,1618479,1618954,NO,475
chr1,163052368,163052856,NO,488
chr3,44307762,44308186,NO,424
chr3,188301648,188306930,NO,5282
chr4,110496987,110497468,NO,481
chr3,46321925,46322385,NO,460
chr6,30564917,30565522,NO,605
chr17,7390681,7391156,NO,475
chr11,39392690,39393190,NO,500
chr6,113785881,113786342,NO,461
chr8,38161433,38161801,NO,368
chr11,71779038,71779477,NO,439
chr8,124281225,124281670,NO,445
chr4,39471320,39471759,NO,439
chr2,37308542,37309005,NO,463
chr2,15683119,15683625,NO,506
chr7,17483785,17484159,NO,374
chr1,211035450,211035741,NO,291
chr7,104851084,104851801,NO,717
chr5,39461271,39461768,NO,497
chr7,7261245,7261715,NO,470
chr13,51752443,51752964,NO,521
chr7,129176016,129176542,NO,526
chr1,28370726,28371199,NO,473
chr1,198861207,198872980,NO,11773
chr6,159691797,159692348,NO,551
chr4,78656096,78656619,NO,523
chr1,113361955,113362330,NO,375
chr19,8605614,8606223,NO,609
chr1,169429448,169429943,NO,495
chr10,65190468,65190866,NO,398
chr4,13655907,13656411,NO,504
chr1,111391423,111391800,NO,377
chr10,27010487,27011113,NO,626
chr7,11737978,11738432,NO,454
chr8,8611141,8611634,NO,493
chr4,141750740,141751204,NO,464
chr2,231132564,231132999,NO,435
chr13,45541682,45548954,NO,7272
chrX,62388558,62394394,NO,5836
chr3,111999979,112000467,NO,488
chr3,153346392,153346833,NO,441
chr7,132694820,132695203,NO,383
chr15,90830323,90830763,NO,440
chrX,62423901,62429736,NO,5835
chr8,99739321,99739831,NO,510
chr19,40650061,40650543,NO,482
chr14,81830146,81830540,NO,394
chr7,38812142,38812650,NO,508
chr3,187607455,187607972,NO,517
chr3,7918281,7918779,NO,498
chr2,110910213,110910766,NO,553
chr12,96709452,96709828,NO,376
chr10,70392001,70392277,NO,276
chrX,133406197,133406517,NO,320
chr16,49910225,49910692,NO,467
chr4,73766739,73767219,NO,480
chr8,50164049,50164578,NO,529
chr2,25965702,25979866,NO,14164
chr11,88087966,88088474,NO,508
chr21,36848056,36848532,NO,476
chr12,110936980,110937470,NO,490
chr3,193821609,193822318,NO,709
chr15,96531633,96531987,NO,354
chr12,95478499,95478994,NO,495
chr4,83910947,83911364,NO,417
chr7,144509909,144510339,NO,430
chr12,24967317,24975085,NO,7768
chr15,85412861,85413559,NO,698
chr12,57724674,57725147,NO,473
chr3,132175400,132175767,NO,367
chr2,139046187,139046473,NO,286
chr6,115998350,115998846,NO,496
chr1,58963326,58963703,NO,377
chr17,55407315,55407670,NO,355
chr18,76831383,76831888,NO,505
chr15,74963599,74964126,NO,527
chr1,239711426,239711765,NO,339
chr1,109539388,109539654,NO,266
chrX,70535653,70535960,NO,307
chrX,119591599,119592092,NO,493
chrX,45366972,45367354,NO,382
chr17,16813320,16813790,NO,470
chr19,30305976,30306498,NO,522
chr8,2993216,2993633,NO,417
chr17,7862916,7863498,NO,582
chr5,75702342,75702774,NO,432
chr14,32597487,32597869,NO,382
chrX,99704799,99705441,NO,642
chr10,8286868,8287318,NO,450
chr6,101337273,101337743,NO,470
chr4,3558222,3558636,NO,414
chrX,43888259,43888668,NO,409
chrX,149231375,149231927,NO,552
chr15,101182542,101182982,NO,440
chr6,19724299,19724766,NO,467
chr16,31188257,31188792,NO,535
chr3,51773333,51773770,NO,437
chr2,149630323,149630630,NO,307
chr4,177902443,177902781,NO,338
chr4,57759794,57760248,NO,454
chr1,244836299,244836735,NO,436
chr19,50178065,50178570,NO,505
chr7,79249465,79249920,NO,455
chr16,31488325,31499501,NO,11176
chr6,32657250,32657685,NO,435
chr13,77639918,77640219,NO,301
chr12,121272015,121272474,NO,459
chr1,161110809,161111243,NO,434
chr3,196227753,196228154,NO,401
chr8,88678965,88686052,NO,7087
chr7,88077494,88077936,NO,442
chr12,42297049,42297416,NO,367
chr17,66857301,66857726,NO,425
chr1,41740136,41749413,NO,9277
chr9,75527348,75540576,NO,13228
chr22,29107860,29108313,NO,453
chr3,77579514,77579908,NO,394
chr4,36243337,36243683,NO,346
chr10,54338825,54339193,NO,368
chr6,54635187,54635479,NO,292
chr17,17543223,17543698,NO,475
chr4,154626926,154627264,NO,338
chr16,804798,805143,NO,345
chr9,30688866,30689216,NO,350
chr3,67735771,67736189,NO,418
chr8,59458235,59458547,NO,312
chr22,44546424,44546724,NO,300
chr14,71401517,71401842,NO,325
chr5,86416161,86416597,NO,436
chr12,50796418,50796685,NO,267
chr10,118707617,118708035,NO,418
chr17,28395540,28395920,NO,380
chr7,71523527,71523946,NO,419
chr1,118447905,118448232,NO,327
chr11,57432633,57432919,NO,286
chr1,201609185,201619770,NO,10585
chr7,2306552,2306962,NO,410
chr11,77710070,77710563,NO,493
chr12,72019829,72020266,NO,437
chr2,161310816,161311356,NO,540
chr10,133761016,133768424,NO,7408
chr1,114656051,114670193,NO,14142
chr1,100517425,100517783,NO,358
chr3,16295243,16295679,NO,436
chr5,32968619,32968963,NO,344
chr12,78319235,78319694,NO,459
chr2,73839037,73839386,NO,349
chr5,59543807,59553950,NO,10143
chr1,231509663,231509951,NO,288
chr16,87843620,87844195,NO,575
chr12,3123834,3142720,NO,18886
chr4,188891295,188891612,NO,317
chr9,110693047,110701650,NO,8603
chr15,72968301,72968731,NO,430
chr19,51933864,51945183,NO,11319
chr6,35733596,35733927,NO,331
chr9,101629681,101630298,NO,617
chr1,29308950,29309229,NO,279
chr17,21213616,21226721,NO,13105
chr2,9821282,9830593,NO,9311
chr9,73751323,73760621,NO,9298
chr11,125321630,125328189,NO,6559
chr1,201083340,201094863,NO,11523
chr18,12068187,12076955,NO,8768
chr21,42467872,42486107,NO,18235
chr10,105263757,105275615,NO,11858
chr17,20858886,20870635,NO,11749
chr13,73610418,73610756,NO,338
chr3,194033057,194033804,NO,747
chr10,65526703,65533275,NO,6572
chr11,73239460,73249956,NO,10496
chr4,100563784,100576021,NO,12237
chr5,142122933,142133290,NO,10357
chr5,93019303,93019588,NO,285
chr6,167929740,167937320,NO,7580
chr7,106230884,106239567,NO,8683
chr1,55710087,55719026,NO,8939
chr3,64801475,64810428,NO,8953
chr5,51961435,51970713,NO,9278
chr12,31004108,31013599,NO,9491
chr8,130424087,130433617,NO,9530
chr7,79707341,79716911,NO,9570
chr2,124928630,124938782,NO,10152
chr1,245464491,245474894,NO,10403
chr15,60942323,60953426,NO,11103
chr12,8786671,8797796,NO,11125
chr2,32037113,32048982,NO,11869
chr9,125156651,125168981,NO,12330
chr2,9319589,9332113,NO,12524
chr2,37750963,37763676,NO,12713
chr13,24121050,24133770,NO,12720
chr2,64279340,64292166,NO,12826
chr2,130467217,130480384,NO,13167
chr1,116694326,116707519,NO,13193
chr13,103940204,103953436,NO,13232
chr3,177611062,177624395,NO,13333
chr5,77148212,77161637,NO,13425
chr11,119317913,119331570,NO,13657
chr1,112423474,112437150,NO,13676
chr16,49387041,49400845,NO,13804
chr13,113663956,113678180,NO,14224
chr5,175606883,175621958,NO,15075
chr15,70433165,70459404,NO,26239
