chrom,start,end,label,length
chr22,36681838,36871169,YES,189331
chr11,113906599,114092628,YES,186029
chr10,80826019,80957388,YES,131369
chr19,39126229,39227177,YES,100948
chr15,31616781,31696113,YES,79332
chr1,10694033,10883892,YES,189859
chr10,97137580,97321838,YES,184258
chr20,45924603,45992067,YES,67464
chr17,55909900,56033821,YES,123921
chr5,131741895,131842200,YES,100305
chr17,76309675,76421931,YES,112256
chr1,144923313,145010556,YES,87243
chr1,27814584,27936238,YES,121654
chr11,65237615,65278442,YES,40827
chr14,74178820,74270150,YES,91330
chr10,126301130,126433816,YES,132686
chr19,3335224,3460737,YES,125513
chr2,238490176,238654037,YES,163861
chr9,124029468,124135775,YES,106307
chr11,12087404,12292869,YES,205465
chr9,116236515,116397394,YES,160879
chr3,129273190,129347478,YES,74288
chr5,150382372,150511748,YES,129376
chr14,77466676,77522106,YES,55430
chr3,46954963,47031159,YES,76196
chr8,30239607,30429463,YES,189856
chr10,104354666,104439626,YES,84960
chr20,30249163,30312046,YES,62883
chr12,6221157,6351408,YES,130251
chr1,156065499,156133303,YES,67804
chr13,110937717,111086117,YES,148400
chr17,17710654,17863921,YES,153267
chr17,38459352,38521584,YES,62232
chr3,50264199,50309396,YES,45197
chr13,113338370,113448689,YES,110319
chr11,118777304,118801687,YES,24383
chr9,137215336,137367955,YES,152619
chr10,112389740,112595078,YES,205338
chr8,26428507,26517883,YES,89376
chr9,73004107,73054732,YES,50625
chr5,149969041,150040497,YES,71456
chr3,134027170,134100891,YES,73721
chr1,156425916,156481291,YES,55375
chr2,54685473,54869675,YES,184202
chr1,207976803,208043304,YES,66501
chr19,12882658,12907778,YES,25120
chr9,130255792,130343507,YES,87715
chr2,46523060,46617223,YES,94163
chr2,218653998,218760935,YES,106937
chr11,65182856,65196355,YES,13499
chr10,106057357,106111333,YES,53976
chr17,902634,1038704,YES,136070
chr17,75338077,75474360,YES,136283
chr12,58210296,58293388,YES,83092
chr8,134496520,134587951,YES,91431
chr12,109166675,109252798,YES,86123
chr15,57840518,57983809,YES,143291
chr14,69228936,69284570,YES,55634
chr2,47233830,47316789,YES,82959
chr3,123047106,123169548,YES,122442
chr16,70713826,70788392,YES,74566
chr2,201979435,202027733,YES,48298
chr1,36580357,36673482,YES,93125
chr3,39166370,39238958,YES,72588
chr14,68961448,69162906,YES,201458
chr22,50323334,50364887,YES,41553
chr17,78991542,79072181,YES,80639
chr2,85932033,86024845,YES,92812
chr5,149838670,149924908,YES,86238
chr20,36695079,36800496,YES,105417
chr10,82203077,82296979,YES,93902
chr9,132241137,132264724,YES,23587
chr1,8402967,8526577,YES,123610
chr1,22219744,22285044,YES,65300
chr22,46464333,46478321,YES,13988
chr2,20766951,20842366,YES,75415
chr11,62303390,62346625,YES,43235
chr6,108876411,108979665,YES,103254
chr15,67336274,67492619,YES,156345
chr10,126686318,126850980,YES,164662
chr1,21578100,21672712,YES,94612
chr19,39891508,39906312,YES,14804
chr11,126205923,126302889,YES,96966
chr7,5435875,5470729,YES,34854
chr9,139377687,139467997,YES,90310
chr20,19848049,19992261,YES,144212
chr17,17584082,17659611,YES,75529
chr17,79337961,79404678,YES,66717
chr1,234717962,234756523,YES,38561
chr12,124837146,124943451,YES,106305
chr12,3293566,3384480,YES,90914
chr1,19678834,19834526,YES,155692
chr5,172191447,172205889,YES,14442
chr10,73469788,73536258,YES,66470
chr15,42184174,42273506,YES,89332
chr3,52038185,52171855,YES,133670
chr11,128320891,128397740,YES,76849
chr10,120962844,121081079,YES,118235
chr17,16911039,17056941,YES,145902
chr3,45577625,45720589,YES,142964
chr15,66971035,67098106,YES,127071
chr1,144682628,144710817,YES,28189
chr2,159936457,160087427,YES,150970
chr5,139014590,139090485,YES,75895
chr12,123526946,123636984,YES,110038
chr12,2321941,2506285,YES,184344
chr10,80978206,81060982,YES,82776
chr2,43419809,43504826,YES,85017
chr18,19743086,19793872,YES,50786
chr12,120661264,120706116,YES,44852
chr19,2028451,2065796,YES,37345
chr11,68078124,68183049,YES,104925
chr6,35685859,35701711,YES,15852
chr10,81895446,81968091,YES,72645
chr10,3788924,3829319,YES,40395
chr20,24972518,25040392,YES,67874
chr9,135987263,136028143,YES,40880
chr14,35800644,35884337,YES,83693
chr12,2160784,2308190,YES,147406
chr2,128388413,128432789,YES,44376
chr11,64602307,64656159,YES,53852
chr20,48984303,49101307,YES,117004
chr17,57405627,57484763,YES,79136
chr14,70072979,70194893,YES,121914
chr18,74764253,74850632,YES,86379
chr14,75724170,75782540,YES,58370
chr11,74990886,75064405,YES,73519
chr17,2292824,2323274,YES,30450
chr12,53432606,53471826,YES,39220
chr12,106468114,106542399,YES,74285
chr2,240142072,240271252,YES,129180
chr1,204378358,204483129,YES,104771
chr17,1349346,1418331,YES,68985
chr18,46443546,46483939,YES,40393
chr1,226821191,226927225,YES,106034
chr5,180212078,180259556,YES,47478
chr15,90541207,90625359,YES,84152
chr10,116356071,116457594,YES,101523
chr12,639214,757151,YES,117937
chr11,33710192,33759388,YES,49196
chr9,139547415,139572027,YES,24612
chr12,124964140,125073840,YES,109700
chr9,33101209,33188199,YES,86990
chr15,89628643,89712706,YES,84063
chr14,61929086,62038000,YES,108914
chr1,206822469,206911835,YES,89366
chr1,11844105,11867846,YES,23741
chr10,74056403,74125256,YES,68853
chr10,123861451,123915331,YES,53880
chr2,207986269,208032999,YES,46730
chr1,203236433,203297636,YES,61203
chr10,104511668,104579423,YES,67755
chr7,75920294,75994358,YES,74064
chr8,142120902,142193195,YES,72293
chr3,42053783,42123345,YES,69562
chr1,45267046,45293024,YES,25978
chr20,60924752,60958205,YES,33453
chr16,75264248,75306669,YES,42421
chr10,134208125,134237674,YES,29549
chr22,41761883,41815258,YES,53375
chr3,156802993,156855459,YES,52466
chr3,127409006,127519818,YES,110812
chr1,39552242,39681869,YES,129627
chr15,86071141,86196451,YES,125310
chr11,75264138,75297106,YES,32968
chr8,11532909,11620420,YES,87511
chr22,47121652,47212523,YES,90871
chr3,141102333,141175829,YES,73496
chr5,141183253,141261839,YES,78586
chr12,111834356,111887837,YES,53481
chr1,203594371,203664912,YES,70541
chr1,235089721,235148992,YES,59271
chr10,73978318,74037905,YES,59587
chr12,122229224,122245144,YES,15920
chr1,33790711,33876383,YES,85672
chr1,223886988,223965394,YES,78406
chr22,30673723,30724257,YES,50534
chr1,12585166,12682939,YES,97773
chr5,149146052,149237553,YES,91501
chr3,187453008,187468862,YES,15854
chr22,43262920,43344520,YES,81600
chr16,10630530,10717302,YES,86772
chr17,71274441,71309276,YES,34835
chr17,4379415,4447094,YES,67679
chr3,5017612,5037799,YES,20187
chr11,2394892,2423073,YES,28181
chr7,116138842,116200757,YES,61915
chr19,11241249,11316051,YES,74802
chr11,73017515,73046727,YES,29212
chr9,37984537,38070743,YES,86206
chr17,75089434,75179269,YES,89835
chr12,125137559,125251001,YES,113442
chr21,45552726,45628837,YES,76111
chr17,8052384,8060998,YES,8614
chr19,6055959,6111185,YES,55226
chr19,13948720,13956318,YES,7598
chr12,113645418,113711745,YES,66327
chr22,50706923,50753929,YES,47006
chr8,38757120,38815692,YES,58572
chr1,155929550,155977247,YES,47697
chr15,78282170,78377327,YES,95157
chr15,96860251,96903800,YES,43549
chr6,11194797,11293348,YES,98551
chr11,67029854,67058699,YES,28845
chr12,125388901,125426136,YES,37235
chr8,103757051,103823241,YES,66190
chr7,151334703,151453821,YES,119118
chr16,4255777,4324619,YES,68842
chr19,15355331,15444012,YES,88681
chr5,133838572,133916041,YES,77469
chr16,1576604,1611647,YES,35043
chr19,6198900,6280219,YES,81319
chr12,123322169,123403162,YES,80993
chr2,232465342,232509952,YES,44610
chr1,153699671,153778796,YES,79125
chr2,232565856,232582081,YES,16225
chr1,208373068,208418917,YES,45849
chr8,22829821,22879387,YES,49566
chr22,31600245,31689400,YES,89155
chr15,65127871,65191830,YES,63959
chr3,124700087,124788535,YES,88448
chr1,159858956,159896572,YES,37616
chr17,36570896,36623558,YES,52662
chr1,234977300,235069928,YES,92628
chr22,46970342,47058747,YES,88405
chr9,134482182,134555670,YES,73488
chr1,155056778,155110776,YES,53998
chrX,106943708,107000394,YES,56686
chr21,40356487,40477558,YES,121071
chr17,76857196,76944208,YES,87012
chr18,55890563,55989564,YES,99001
chr6,34982125,35033570,YES,51445
chr9,124453832,124543259,YES,89427
chr11,47397093,47440660,YES,43567
chr1,23873149,23908245,YES,35096
chr2,28611932,28647268,YES,35336
chr22,39616903,39707444,YES,90541
chr9,134127446,134187016,YES,59570
chr16,85547508,85614826,YES,67318
chr16,81465101,81618796,YES,153695
chr20,48868417,48966284,YES,97867
chr1,234842475,234864876,YES,22401
chr1,12192038,12247305,YES,55267
chr1,145208293,145266278,YES,57985
chr6,30690098,30761928,YES,71830
chr18,3446344,3478940,YES,32596
chr2,27924432,28003683,YES,79251
chr1,120556611,120613091,YES,56480
chr22,22290046,22308091,YES,18045
chr8,134223602,134316360,YES,92758
chr19,18570637,18633921,YES,63284
chr1,227125443,227178640,YES,53197
chr3,30639057,30738448,YES,99391
chr15,75929809,75970123,YES,40314
chr6,6677228,6760155,YES,82927
chr12,3182539,3265796,YES,83257
chr17,74666583,74713741,YES,47158
chr2,145236716,145282659,YES,45943
chr21,46711726,46750687,YES,38961
chr17,37023756,37082936,YES,59180
chr17,27451148,27508881,YES,57733
chr4,186682280,186772249,YES,89969
chr3,14443193,14496182,YES,52989
chr1,201664690,201762482,YES,97792
chr16,4340214,4398668,YES,58454
chr20,39764715,39808379,YES,43664
chr22,43066898,43117538,YES,50640
chr1,204033933,204078514,YES,44581
chr7,30908475,30971779,YES,63304
chr8,11663395,11764350,YES,100955
chr3,186646882,186731507,YES,84625
chr22,37934413,37967082,YES,32669
chr11,67112592,67149626,YES,37034
chr19,13259409,13268436,YES,9027
chr7,73866599,73898880,YES,32281
chr4,87920560,88043749,YES,123189
chr7,4721053,4790126,YES,69073
chr2,232526256,232546861,YES,20605
chr13,33763344,33864971,YES,101627
chr7,47484477,47561511,YES,77034
chr5,67510286,67574260,YES,63974
chr1,234651075,234700744,YES,49669
chr8,145006289,145021766,YES,15477
chr6,7106747,7173752,YES,67005
chr9,130816436,130866135,YES,49699
chr1,56957476,57045667,YES,88191
chr9,131643542,131682240,YES,38698
chr10,81138032,81207218,YES,69186
chr8,17462407,17555384,YES,92977
chr5,148650125,148713310,YES,63185
chr18,3245581,3264212,YES,18631
chr12,6441703,6453465,YES,11762
chr6,13383397,13489697,YES,106300
chr11,72394667,72464438,YES,69771
chr22,18371327,18436470,YES,65143
chr10,29862857,29949943,YES,87086
chr8,38558885,38664998,YES,106113
chrX,64886373,64932289,YES,45916
chr8,48643695,48656443,YES,12748
chr2,10505021,10555336,YES,50315
chr17,59454069,59497911,YES,43842
chr15,41194677,41253764,YES,59087
chr19,47596544,47628801,YES,32257
chr7,1569896,1580027,YES,10131
chr22,35982402,36035471,YES,53069
chr10,95163214,95236130,YES,72916
chr10,77154286,77170840,YES,16554
chr12,48209848,48221423,YES,11575
chr9,35903958,35929652,YES,25694
chr17,38688893,38717407,YES,28514
chr6,111855620,111928543,YES,72923
chr6,44184243,44216412,YES,32169
chr10,71076846,71145580,YES,68734
chr6,32934719,32951744,YES,17025
chr2,219260133,219268541,YES,8408
chr1,16154535,16177127,YES,22592
chr3,66459660,66551624,YES,91964
chr1,150530284,150543186,YES,12902
chr19,4041938,4099530,YES,57592
chr19,13956569,13963420,YES,6851
chr11,118475108,118507977,YES,32869
chr20,35448015,35492923,YES,44908
chr5,156933860,157003624,YES,69764
chr14,102264708,102347010,YES,82302
chr20,2081900,2133572,YES,51672
chr14,35009229,35031622,YES,22393
chr10,33561095,33627171,YES,66076
chr5,95138288,95206680,YES,68392
chr7,104643498,104656388,YES,12890
chr12,89739274,89749889,YES,10615
chr9,131888943,131912003,YES,23060
chr4,174427206,174460857,YES,33651
chr2,30440179,30497935,YES,57756
chr11,72851228,72894684,YES,43456
chr19,1247145,1256325,YES,9180
chr16,67554601,67598602,YES,44001
chr6,163817441,163844908,YES,27467
chr1,154376815,154436650,YES,59835
chr2,20371859,20433013,YES,61154
chr6,46859103,46921360,YES,62257
chr20,10572826,10656538,YES,83712
chr1,116914695,116977138,YES,62443
chr4,15002686,15007304,YES,4618
chr22,33196018,33254838,YES,58820
chr2,43130331,43202858,YES,72527
chr1,59218536,59253039,YES,34503
chr7,130566905,130646312,YES,79407
chr9,130704145,130744475,YES,40330
chr15,85359756,85408023,YES,48267
chr1,16464217,16484001,YES,19784
chr20,30174842,30199786,YES,24944
chr5,151040125,151079620,YES,39495
chr12,6640884,6665643,YES,24759
chr11,61721849,61747297,YES,25448
chr20,43201070,43246286,YES,45216
chr20,35082819,35127628,YES,44809
chr2,178100141,178131967,YES,31826
chr14,93501908,93583431,YES,81523
chr1,55007351,55053202,YES,45851
chr17,38244308,38258662,YES,14354
chr9,677510,756481,YES,78971
chr15,99963279,99996687,YES,33408
chr12,112179059,112230977,YES,51918
chr10,73722657,73794545,YES,71888
chr3,50635760,50651762,YES,16002
chr6,167010067,167054751,YES,44684
chr12,12866643,12890140,YES,23497
chr13,97875180,97992580,YES,117400
chr1,27949373,27996388,YES,47015
chr1,156714417,156723339,YES,8922
chr16,20862059,20942078,YES,80019
chr20,31035425,31107440,YES,72015
chr4,2787811,2816197,YES,28386
chr15,74273721,74318349,YES,44628
chr10,71158153,71242818,YES,84665
chr16,2074866,2091667,YES,16801
chr11,8777727,8862638,YES,84911
chr17,7741634,7749365,YES,7731
chr14,55563760,55599095,YES,35335
chr9,14302438,14323420,YES,20982
chr12,52288433,52321075,YES,32642
chr19,2567152,2637706,YES,70554
chr20,43963996,43977803,YES,13807
chr19,41219787,41228823,YES,9036
chr2,218814905,218887533,YES,72628
chr3,42514036,42598183,YES,84147
chr3,14834008,14933715,YES,99707
chr19,13160839,13178550,YES,17711
chr8,17582021,17666350,YES,84329
chr11,44584904,44654491,YES,69587
chr18,46276361,46378428,YES,102067
chr3,124490160,124582020,YES,91860
chr6,2951877,2991713,YES,39836
chr8,142401291,142441757,YES,40466
chr2,238767082,238818370,YES,51288
chr16,27324350,27359668,YES,35318
chr1,154971380,154991950,YES,20570
chr2,220268786,220327230,YES,58444
chr15,64259521,64312980,YES,53459
chr17,66487305,66541058,YES,53753
chr3,119344303,119393159,YES,48856
chr17,21178575,21194211,YES,15636
chr3,123371190,123441485,YES,70295
chr19,45244285,45262369,YES,18084
chr2,227585971,227666847,YES,80876
chr1,181057134,181123227,YES,66093
chr8,126422434,126465073,YES,42639
chr2,11482654,11560511,YES,77857
chr11,119208087,119250457,YES,42370
chr18,3591992,3606653,YES,14661
chr4,57907874,57986292,YES,78418
chr15,60651468,60701294,YES,49826
chr9,127018715,127072959,YES,54244
chr16,89357537,89403349,YES,45812
chr9,95844877,95907205,YES,62328
chr20,23082398,23145670,YES,63272
chr12,48191948,48209675,YES,17727
chr6,33659980,33715998,YES,56018
chr10,102755959,102773616,YES,17657
chr1,19233187,19283856,YES,50669
chr11,128560125,128616737,YES,56612
chr17,48131999,48143308,YES,11309
chr20,47298468,47394534,YES,96066
chr11,71707551,71760487,YES,52936
chr22,50962279,50971856,YES,9577
chr2,85874975,85909235,YES,34260
chr19,14217346,14262053,YES,44707
chr5,1494213,1569119,YES,74906
chr1,27424544,27482539,YES,57995
chr1,27095129,27128290,YES,33161
chr5,14142238,14228737,YES,86499
chr16,75076562,75148295,YES,71733
chr7,55111604,55215238,YES,103634
chr4,185360871,185398702,YES,37831
chr22,38127653,38152255,YES,24602
chr14,100020012,100070597,YES,50585
chr17,80223721,80257686,YES,33965
chr2,101722600,101769642,YES,47042
chr7,158593389,158623508,YES,30119
chr2,43286148,43338238,YES,52090
chr5,1089181,1132332,YES,43151
chr22,41832073,41845391,YES,13318
chr11,19719061,19814464,YES,95403
chr12,106668830,106739996,YES,71166
chr15,40361384,40402183,YES,40799
chr22,24528747,24605910,YES,77163
chr3,138066340,138119923,YES,53583
chr12,46761122,46795854,YES,34732
chr5,42990572,43020949,YES,30377
chr20,1301180,1319966,YES,18786
chr7,44654472,44696717,YES,42245
chrX,9975089,10089358,YES,114269
chr10,88420822,88454560,YES,33738
chr1,32397971,32423798,YES,25827
chr17,6915096,6928052,YES,12956
chr6,45914072,45984711,YES,70639
chr8,28220906,28270531,YES,49625
chr17,42274675,42301533,YES,26858
chr3,159540488,159612592,YES,72104
chr11,57042483,57094853,YES,52370
chr3,14160265,14188977,YES,28712
chr22,46479236,46491397,YES,12161
chr7,100727881,100783471,YES,55590
chr16,66536124,66560302,YES,24178
chr17,39927553,39958008,YES,30455
chr19,17184804,17252784,YES,67980
chr1,201449158,201482352,YES,33194
chr17,79475627,79487805,YES,12178
chr1,37936697,37965370,YES,28673
chr15,66905412,66955707,YES,50295
chr2,37874517,37900421,YES,25904
chr2,110851911,110878776,YES,26865
chr9,134570492,134615412,YES,44920
chr13,111155320,111212932,YES,57612
chr1,32038018,32055476,YES,17458
chr14,69390614,69447450,YES,56836
chr19,46266946,46289897,YES,22951
chr14,90847317,90894832,YES,47515
chr19,36618203,36644671,YES,26468
chr3,50192273,50210818,YES,18545
chr12,54801151,54833626,YES,32475
chr19,10831062,10895480,YES,64418
chr17,63526152,63560186,YES,34034
chr20,62450392,62505534,YES,55142
chr2,157175898,157199977,YES,24079
chr19,47393777,47497974,YES,104197
chr19,49362442,49382317,YES,19875
chr16,73049195,73105883,YES,56688
chr1,54737622,54802933,YES,65311
chr19,56616608,56669014,YES,52406
chr16,56638742,56646907,YES,8165
chr20,49119246,49193258,YES,74012
chr3,48504418,48515502,YES,11084
chr2,9351644,9416034,YES,64390
chr17,73455212,73513512,YES,58300
chr17,72422406,72460049,YES,37643
chr20,42763569,42818321,YES,54752
chr2,238381114,238422916,YES,41802
chr16,30193842,30221946,YES,28104
chr1,6658924,6665759,YES,6835
chr2,70311905,70317654,YES,5749
chr19,41296930,41325984,YES,29054
chr16,57815033,57861763,YES,46730
chr4,10093130,10126521,YES,33391
chr17,19030014,19049329,YES,19315
chr17,18931838,18951157,YES,19319
chr15,93340554,93388444,YES,47890
chr19,16426138,16467128,YES,40990
chr17,43485387,43547105,YES,61718
chr16,85005677,85063983,YES,58306
chr20,48746278,48789944,YES,43666
chr8,101961816,101966310,YES,4494
chr7,130781278,130796468,YES,15190
chr2,86930860,86950176,YES,19316
chr3,151984060,152027354,YES,43294
chr15,69104263,69114670,YES,10407
chr19,5926484,5995286,YES,68802
chr13,50696333,50705101,YES,8768
chr7,139404315,139449780,YES,45465
chr8,12937916,12990887,YES,52971
chr3,11629187,11686203,YES,57016
chr14,94407705,94462574,YES,54869
chr1,26600690,26618804,YES,18114
chr10,105374386,105438869,YES,64483
chr1,9292977,9314840,YES,21863
chr17,40551706,40588751,YES,37045
chr17,36849427,36868217,YES,18790
chr16,86504285,86554076,YES,49791
chr11,64034497,64054451,YES,19954
chr6,112519021,112620635,YES,101614
chr14,55135409,55197606,YES,62197
chr20,25200610,25238389,YES,37779
chr2,87300796,87309681,YES,8885
chr12,50038061,50069635,YES,31574
chr19,48101374,48171822,YES,70448
chr3,49370720,49396965,YES,26245
chr2,25496055,25563997,YES,67942
chr6,16699517,16771184,YES,71667
chr3,187979337,188016454,YES,37117
chr7,841206,878511,YES,37305
chr10,97006309,97069655,YES,63346
chr5,154195559,154262499,YES,66940
chr17,80163286,80205920,YES,42634
chr15,40614236,40636726,YES,22490
chr7,5669472,5743117,YES,73645
chr7,104583117,104625851,YES,42734
chr14,36971679,36995027,YES,23348
chr17,79300771,79323073,YES,22302
chr12,114806250,114852976,YES,46726
chr3,120123504,120171302,YES,47798
chr1,167585748,167668005,YES,82257
chr21,40176383,40204258,YES,27875
chr17,39805765,39853908,YES,48143
chr1,12492609,12557328,YES,64719
chr16,11644502,11735628,YES,91126
chr14,105945485,105958968,YES,13483
chr14,75015593,75098798,YES,83205
chr19,16179181,16207705,YES,28524
chr14,105938037,105944737,YES,6700
chr14,75866192,75944035,YES,77843
chr19,18389411,18394679,YES,5268
chr5,148513364,148558772,YES,45408
chr11,111588988,111610044,YES,21056
chr13,110868117,110924162,YES,56045
chr15,92456353,92524948,YES,68595
chr7,5558981,5573663,YES,14682
chr6,158410626,158492050,YES,81424
chr12,109895331,109911589,YES,16258
chr13,111351904,111369093,YES,17189
chr14,77535983,77590644,YES,54661
chr19,41907099,41939644,YES,32545
chr6,30646634,30659820,YES,13186
chr3,53269245,53309568,YES,40323
chr11,76287698,76351157,YES,63459
chr5,142779153,142785625,YES,6472
chr2,105987615,106031444,YES,43829
chr17,38222943,38234141,YES,11198
chr1,9941907,9973067,YES,31160
chr21,45122081,45161065,YES,38984
chr22,25347962,25422507,YES,74545
chr16,66392035,66422229,YES,30194
chr13,113612236,113642719,YES,30483
chr14,77403492,77429253,YES,25761
chr1,153916172,153937236,YES,21064
chr17,73675271,73719950,YES,44679
chr2,102637956,102700261,YES,62305
chr16,120741,136981,YES,16240
chr8,38298311,38326790,YES,28479
chr19,46786501,46809018,YES,22517
chr15,68564041,68574856,YES,10815
chr2,66659175,66674430,YES,15255
chr10,123752935,123839439,YES,86504
chr16,67272398,67282510,YES,10112
chr2,12854805,12879501,YES,24696
chr22,38708087,38715695,YES,7608
chr3,128718996,128746653,YES,27657
chr9,73070671,73110216,YES,39545
chr4,186573074,186664743,YES,91669
chr3,129179637,129226987,YES,47350
chr17,80787753,80851486,YES,63733
chr16,87397405,87441855,YES,44450
chr5,179243498,179265214,YES,21716
chr9,2013980,2026480,YES,12500
chr16,29259027,29284865,YES,25838
chr7,97905768,97925095,YES,19327
chr13,113833458,113875592,YES,42134
chr1,92148529,92231238,YES,82709
chr7,134828426,134856145,YES,27719
chr19,4367366,4397903,YES,30537
chr5,150576139,150618744,YES,42605
chr6,31694582,31706840,YES,12258
chr17,48922255,48945757,YES,23502
chr20,19737283,19767891,YES,30608
chr11,47197205,47211559,YES,14354
chr20,62312415,62333867,YES,21452
chr7,1066816,1101259,YES,34443
chr1,169071349,169091599,YES,20250
chr2,46761856,46796940,YES,35084
chr10,99213824,99283499,YES,69675
chr9,129783892,129898008,YES,114116
chr11,65046351,65090237,YES,43886
chr22,46445515,46454339,YES,8824
chr22,41868285,41929873,YES,61588
chr4,103737231,103750856,YES,13625
chr7,131182636,131241428,YES,58792
chr15,63782710,63798385,YES,15675
chr17,79816249,79830663,YES,14414
chr16,53098792,53136164,YES,37372
chr10,45467900,45482227,YES,14327
chr1,2056832,2083663,YES,26831
chr5,172292302,172301231,YES,8929
chr17,40805128,40833016,YES,27888
chrX,75361598,75373100,YES,11502
chr1,38460398,38482257,YES,21859
chr3,159478542,159523303,YES,44761
chr14,64968072,64973914,YES,5842
chr6,137532550,137558922,YES,26372
chr10,121412457,121447362,YES,34905
chr7,5588676,5639042,YES,50366
chr9,134236666,134309261,YES,72595
chr11,62646517,62690197,YES,43680
chr22,35694619,35727298,YES,32679
chr11,45867622,45882920,YES,15298
chr5,140872888,140909577,YES,36689
chr11,6338518,6348300,YES,9782
chr4,77114804,77141124,YES,26320
chr2,220473619,220511327,YES,37708
chr6,143264674,143269348,YES,4674
chr19,3132752,3181377,YES,48625
chr12,110682880,110734032,YES,51152
chr22,31476259,31517024,YES,40765
chrX,135238923,135295915,YES,56992
chr19,35476032,35505458,YES,29426
chrX,39990924,40037520,YES,46596
chr10,17256938,17276860,YES,19922
chr10,43901014,43917175,YES,16161
chr11,11993458,12042011,YES,48553
chr12,108664152,108729705,YES,65553
chr1,145448015,145457936,YES,9921
chr2,112209143,112256190,YES,47047
chr2,87751432,87798788,YES,47356
chr21,46284504,46303000,YES,18496
chr7,101542817,101601766,YES,58949
chr1,27018325,27033385,YES,15060
chr3,194866820,194932214,YES,65394
chr11,65622843,65631396,YES,8553
chr9,117126612,117161033,YES,34421
chr1,32090351,32114524,YES,24173
chr22,43357654,43425015,YES,67361
chr10,103876253,103896310,YES,20057
chr14,104312240,104358165,YES,45925
chr15,65346572,65383634,YES,37062
chr6,43726146,43768215,YES,42069
chr19,47728505,47735423,YES,6918
chr15,71406277,71462645,YES,56368
chr14,59760495,59845239,YES,84744
chr9,112857419,112921011,YES,63592
chr16,30074483,30082145,YES,7662
chr15,92394913,92441672,YES,46759
chr13,80910650,80917758,YES,7108
chr8,48540029,48602499,YES,62470
chr16,2171376,2178994,YES,7618
chr15,63332453,63362219,YES,29766
chr5,43063616,43076122,YES,12506
chr5,96027791,96093281,YES,65490
chr15,99384671,99472025,YES,87354
chr7,30487545,30519010,YES,31465
chr6,139690764,139698884,YES,8120
chr2,85725827,85767940,YES,42113
chr16,88262997,88280525,YES,17528
chr10,30711696,30748528,YES,36832
chr17,15134788,15167576,YES,32788
chr12,93769448,93793488,YES,24040
chr7,39987652,39992000,YES,4348
chr8,145021828,145029514,YES,7686
chr5,172278497,172290044,YES,11547
chr10,63795774,63853332,YES,57558
chr1,86041879,86049135,YES,7256
chr19,39615845,39660932,YES,45087
chr10,52353231,52385942,YES,32711
chr2,20618748,20651682,YES,32934
chr11,305282,312843,YES,7561
chr1,43389383,43429365,YES,39982
chr2,96907397,96932719,YES,25322
chr11,65336117,65346726,YES,10609
chr8,103663252,103675648,YES,12396
chr16,58484914,58536190,YES,51276
chr18,60189178,60194583,YES,5405
chr11,18404166,18418469,YES,14303
chr2,10409318,10489367,YES,80049
chr1,149801815,149805529,YES,3714
chr1,149831416,149835130,YES,3714
chr1,245127227,245136020,YES,8793
chr10,99078204,99097590,YES,19386
chr16,29165405,29212441,YES,47036
chr2,85623502,85674409,YES,50907
chr17,40663804,40684677,YES,20873
chr8,142236313,142322683,YES,86370
chr19,16676739,16737119,YES,60380
chr9,132077360,132116526,YES,39166
chr1,26386415,26449049,YES,62634
chr11,65404020,65422943,YES,18923
chr3,45990428,46035801,YES,45373
chr19,11194462,11211315,YES,16853
chr8,124512617,124565687,YES,53070
chr1,12038391,12075748,YES,37357
chr1,157962033,158008261,YES,46228
chr3,69130551,69166623,YES,36072
chr15,91093728,91155969,YES,62241
chr16,19117268,19151258,YES,33990
chr2,47072116,47113292,YES,41176
chr12,53602263,53626034,YES,23771
chr10,21804648,21817246,YES,12598
chr1,149811046,149815658,YES,4612
chr7,102250283,102275900,YES,25617
chr16,85638587,85688574,YES,49987
chr15,75043915,75092781,YES,48866
chr11,63604661,63658264,YES,53603
chr15,89165940,89202937,YES,36997
chr2,28806225,28861087,YES,54862
chr1,8908554,8964807,YES,56253
chr17,38259027,38270822,YES,11795
chr19,39326032,39361390,YES,35358
chr15,86232653,86273014,YES,40361
chr1,208057100,208099004,YES,41904
chr18,72915717,72943488,YES,27771
chr7,47325390,47377002,YES,51612
chr9,74975204,74981443,YES,6239
chr13,99096942,99162732,YES,65790
chr1,17215155,17243201,YES,28046
chr17,48981354,49028680,YES,47326
chr12,96589646,96658176,YES,68530
chr19,19544903,19601556,YES,56653
chr19,14466305,14495905,YES,29600
chr20,48805257,48814437,YES,9180
chr6,41665836,41704075,YES,38239
chr17,18150237,18166549,YES,16312
chr9,138970396,139012670,YES,42274
chr3,195581431,195642261,YES,60830
chrX,41189338,41195088,YES,5750
chr17,62768591,62812669,YES,44078
chr22,43031256,43046241,YES,14985
chr16,15234347,15241663,YES,7316
chr15,77766346,77805676,YES,39330
chr7,640408,659610,YES,19202
chr1,230983395,231005449,YES,22054
chr11,46359824,46403102,YES,43278
chr15,75742390,75749503,YES,7113
chr19,1256391,1263727,YES,7336
chr1,156629223,156648249,YES,19026
chr9,97662230,97715818,YES,53588
chr22,24785717,24863582,YES,77865
chr1,2475405,2484449,YES,9044
chr14,100196476,100226407,YES,29931
chr7,102151121,102167636,YES,16515
chr16,68096589,68120364,YES,23775
chr6,159051695,159089305,YES,37610
chr1,59338812,59370929,YES,32117
chr7,72298191,72302167,YES,3976
chr17,180717,210602,YES,29885
chr1,149821363,149824377,YES,3014
chr11,44746277,44803353,YES,57076
chr1,16338365,16348730,YES,10365
chr1,201326267,201371297,YES,45030
chr3,71075586,71120079,YES,44493
chr10,134321138,134365757,YES,44619
chr16,3173534,3209608,YES,36074
chr8,37716717,37774115,YES,57398
chr1,33428230,33478308,YES,50078
chr11,124745703,124772028,YES,26325
chr17,2074727,2096895,YES,22168
chr17,80052888,80078010,YES,25122
chr12,4377579,4414053,YES,36474
chr7,143071647,143093995,YES,22348
chr7,139331157,139376680,YES,45523
chr11,67857223,67915452,YES,58229
chr2,127412308,127428737,YES,16429
chr11,65654847,65662111,YES,7264
chr6,11345367,11394452,YES,49085
chr17,56583934,56616821,YES,32887
chr12,57910308,57918956,YES,8648
chr11,96026635,96077056,YES,50421
chr12,110974340,111029910,YES,55570
chr9,37908231,37970124,YES,61893
chr17,46124353,46134803,YES,10450
chr1,113240321,113250809,YES,10488
chr5,138838326,138875919,YES,37593
chr22,44419461,44465148,YES,45687
chr5,173286800,173352409,YES,65609
chr19,38735396,38791897,YES,56501
chr16,22199330,22244667,YES,45337
chr15,101702473,101748749,YES,46276
chr16,27233000,27271199,YES,38199
chr12,115105978,115131359,YES,25381
chr16,49857837,49893960,YES,36123
chr6,136608828,136612610,YES,3782
chr1,154939647,154948901,YES,9254
chr21,38730111,38753504,YES,23393
chr2,231273016,231289148,YES,16132
chr1,153579237,153590776,YES,11539
chr5,142177195,142264107,YES,86912
chr2,10167164,10198702,YES,31538
chr17,27235079,27280437,YES,45358
chr16,54956715,54973307,YES,16592
chr3,150124810,150129165,YES,4355
chr22,32924539,32976379,YES,51840
chr1,245025740,245029064,YES,3324
chr6,160372354,160426199,YES,53845
chr3,52210691,52254108,YES,43417
chr17,4847298,4855599,YES,8301
chr19,30152535,30178571,YES,26036
chr1,228269664,228279319,YES,9655
chr19,48218393,48248060,YES,29667
chr22,39089958,39114377,YES,24419
chr14,105250877,105283527,YES,32650
chr11,124615840,124634381,YES,18541
chr10,33226742,33251655,YES,24913
chr19,778786,803779,YES,24993
chr5,180668274,180675859,YES,7585
chr21,46366110,46414280,YES,48170
chr6,3740774,3754142,YES,13368
chr19,18117419,18141786,YES,24367
chr1,150120700,150137761,YES,17061
chr15,37385613,37403769,YES,18156
chr19,13122379,13134630,YES,12251
chr14,31675201,31678810,YES,3609
chr17,73769519,73783038,YES,13519
chr9,140187437,140216726,YES,29289
chr3,193851208,193860890,YES,9682
chr5,43033834,43045550,YES,11716
chr4,159691752,159749312,YES,57560
chr4,141061796,141076018,YES,14222
chr10,3843110,3854892,YES,11782
chr20,3775311,3789581,YES,14270
chr11,317336,321479,YES,4143
chr16,53534624,53554437,YES,19813
chr14,23870473,23890571,YES,20098
chr12,8178411,8192076,YES,13665
chr11,205243,211796,YES,6553
chr11,120186871,120211206,YES,24335
chr4,169752432,169802464,YES,50032
chr14,21148577,21153775,YES,5198
chr6,2839716,2859670,YES,19954
chr20,23337314,23344620,YES,7306
chr6,32149708,32161918,YES,12210
chr11,1770660,1805042,YES,34382
chr12,92526891,92540701,YES,13810
chr1,94485792,94536633,YES,50841
chr17,36883977,36907951,YES,23974
chr6,42738372,42759049,YES,20677
chr17,1615435,1622622,YES,7187
chr19,16981691,17008945,YES,27254
chr4,2246716,2268317,YES,21601
chr2,8815972,8826211,YES,10239
chr17,53342089,53373406,YES,31317
chr15,75320561,75342597,YES,22036
chr10,72237541,72284147,YES,46606
chr11,72521403,72550336,YES,28933
chr5,149513886,149544807,YES,30921
chr17,66230502,66252165,YES,21663
chr20,17524440,17555157,YES,30717
chr12,13249892,13268807,YES,18915
chr22,39566959,39582293,YES,15334
chr20,44033967,44066145,YES,32178
chr2,234318260,234338811,YES,20551
chr3,52267892,52288450,YES,20558
chr17,18084675,18102664,YES,17989
chr1,752370,772533,YES,20163
chr10,112255396,112273284,YES,17888
chr5,148928678,148943433,YES,14755
chr1,153504009,153510224,YES,6215
chr14,105142854,105166748,YES,23894
chr9,138880856,138924171,YES,43315
chr6,26155539,26173866,YES,18327
chr10,129704503,129727201,YES,22698
chr4,144260501,144333634,YES,73133
chr22,33011575,33041335,YES,29760
chr1,212457014,212464902,YES,7888
chr12,119613625,119628282,YES,14657
chr16,88809516,88852538,YES,43022
chr20,43319372,43360946,YES,41574
chr15,72514365,72530628,YES,16263
chr8,123828794,123872037,YES,43243
chr1,109911040,109941505,YES,30465
chr22,37878842,37909292,YES,30450
chr21,33778565,33788082,YES,9517
chr9,96328742,96363309,YES,34567
chr12,109015540,109060919,YES,45379
chr2,75061067,75102399,YES,41332
chr12,46120215,46125149,YES,4934
chr5,148793738,148806368,YES,12630
chr16,9183638,9222851,YES,39213
chr22,25506194,25551355,YES,45161
chr1,2143280,2147405,YES,4125
chr15,74906625,74964221,YES,57596
chr7,75554634,75602042,YES,47408
chr17,73868258,73875306,YES,7048
chr17,8123967,8130884,YES,6917
chr2,174827996,174831430,YES,3434
chr2,1701232,1756057,YES,54825
chr4,114681009,114684632,YES,3623
chr3,50353436,50364041,YES,10605
chr10,116297903,116338177,YES,40274
chr19,16365478,16405409,YES,39931
chr6,41038674,41043268,YES,4594
chr3,46885844,46916759,YES,30915
chr17,62222217,62263032,YES,40815
chr6,89788678,89793217,YES,4539
chr11,65146897,65153444,YES,6547
chr22,37562253,37596293,YES,34040
chr17,66431593,66471104,YES,39511
chr6,3053230,3070286,YES,17056
chr21,43629654,43658244,YES,28590
chr16,30660876,30673036,YES,12160
chr7,47597275,47676783,YES,79508
chr6,43137650,43144598,YES,6948
chr7,26238829,26242557,YES,3728
chr1,17857734,17897872,YES,40138
chr2,220109442,220119882,YES,10440
chr2,55323344,55395789,YES,72445
chr9,95484158,95533376,YES,49218
chr7,150642159,150687879,YES,45720
chr14,77367271,77388138,YES,20867
chr10,45452698,45465905,YES,13207
chr16,46764273,46798191,YES,33918
chr8,67340126,67368514,YES,28388
chr10,45484961,45497498,YES,12537
chr1,226022229,226071249,YES,49020
chr5,172655376,172676296,YES,20920
chr12,122488483,122530418,YES,41935
chr6,157097541,157101958,YES,4417
chr10,30314920,30349520,YES,34600
chr16,3069863,3074626,YES,4763
chr7,74507452,74512346,YES,4894
chr16,4418702,4443906,YES,25204
chr21,36235967,36264001,YES,28034
chr1,151960740,151974470,YES,13730
chr19,33751162,33802757,YES,51595
chr11,58341143,58347772,YES,6629
chr7,74263906,74268483,YES,4577
chr2,47181804,47216838,YES,35034
chr5,139595757,139653647,YES,57890
chrX,153940506,153967551,YES,27045
chr6,291095,313777,YES,22682
chr9,123678938,123713593,YES,34655
chr5,139678246,139728307,YES,50061
chr13,41627365,41637162,YES,9797
chr19,46066061,46119472,YES,53411
chr10,111967100,111988296,YES,21196
chr15,36868175,36906693,YES,38518
chr19,50133929,50146493,YES,12564
chr18,71916335,71960190,YES,43855
chr1,59274701,59324334,YES,49633
chr3,49839799,49852061,YES,12262
chr12,27690227,27752468,YES,62241
chr6,21586937,21597447,YES,10510
chr2,201724772,201732443,YES,7671
chr2,54613104,54672107,YES,59003
chr8,23153768,23212605,YES,58837
chr4,23855744,23906109,YES,50365
chr6,30880966,30905424,YES,24458
chr19,59064978,59071869,YES,6891
chr8,22485147,22531921,YES,46774
chr10,116233610,116285340,YES,51730
chr11,57530992,57568490,YES,37498
chr22,36541286,36558381,YES,17095
chr3,56788167,56833619,YES,45452
chr2,220035930,220044109,YES,8179
chr17,7378645,7384073,YES,5428
chr3,177048174,177080179,YES,32005
chr17,73627847,73640187,YES,12340
chr22,19830490,19844157,YES,13667
chr22,24157775,24189478,YES,31703
chr16,11875610,11904705,YES,29095
chr5,6703600,6737417,YES,33817
chr19,16545845,16581104,YES,35259
chr2,46256232,46326608,YES,70376
chr11,46684918,46733584,YES,48666
chr14,102963585,102994641,YES,31056
chr8,146010579,146023142,YES,12563
chr5,171577372,171616032,YES,38660
chr3,188657696,188674403,YES,16707
chr10,121153952,121210528,YES,56576
chr17,37813628,37825393,YES,11765
chr8,17917640,17943585,YES,25945
chr4,185713450,185744635,YES,31185
chr10,88726022,88733482,YES,7460
chr22,34206955,34272052,YES,65097
chr22,38900087,38903988,YES,3901
chr1,2160113,2167961,YES,7848
chr16,57285674,57319141,YES,33467
chr11,117043468,117093287,YES,49819
chr5,141691989,141708043,YES,16054
chr19,14182458,14203369,YES,20911
chr10,93341323,93391468,YES,50145
chr7,95214643,95239798,YES,25155
chr14,91684010,91736677,YES,52667
chr1,51433106,51444971,YES,11865
chr17,2111006,2148765,YES,37759
chr1,150549136,150553178,YES,4042
chr7,2547132,2573119,YES,25987
chr10,105641660,105676353,YES,34693
chr18,20756786,20841443,YES,84657
chrX,153230810,153240632,YES,9822
chr1,41939307,41981913,YES,42606
chr15,31506380,31529829,YES,23449
chr6,52408443,52442834,YES,34391
chr14,23443015,23477215,YES,34200
chr1,8063878,8088662,YES,24784
chr12,109547560,109572829,YES,25269
chr9,100263936,100294844,YES,30908
chr20,62681087,62689864,YES,8777
chr5,175959654,175971540,YES,11886
chr12,121957831,121977115,YES,19284
chr12,109079713,109096949,YES,17236
chr16,24987687,25025095,YES,37408
chr1,145434374,145443479,YES,9105
chr16,3102086,3157272,YES,55186
chr6,36935959,36987594,YES,51635
chr14,92977257,93016803,YES,39546
chr10,121095044,121139269,YES,44225
chr10,46950950,46984234,YES,33284
chr12,57009992,57031331,YES,21339
chr5,98262773,98269785,YES,7012
chr6,164505820,164531835,YES,26015
chr17,27989948,28072155,YES,82207
chr10,13700802,13761757,YES,60955
chr16,4508923,4565533,YES,56610
chr3,9437015,9444925,YES,7910
chr8,8991303,9013761,YES,22458
chr19,11353352,11380981,YES,27629
chr22,36632608,36656108,YES,23500
chr2,97192355,97205989,YES,13634
chr11,10323674,10350092,YES,26418
chrX,39944635,39969484,YES,24849
chr5,154132952,154175204,YES,42252
chr21,45280305,45359821,YES,79516
chr14,104089937,104104614,YES,14677
chr3,111570292,111604333,YES,34041
chr17,29875694,29910023,YES,34329
chr14,55232556,55255373,YES,22817
chr9,109622194,109656257,YES,34063
chr15,90638248,90650789,YES,12541
chr6,52354523,52388109,YES,33586
chr12,6559100,6572907,YES,13807
chr1,16007196,16045173,YES,37977
chr5,175084363,175123938,YES,39575
chr11,67775074,67783359,YES,8285
chr2,46087253,46166824,YES,79571
chr3,50372911,50379567,YES,6656
chr1,27323833,27339995,YES,16162
chr2,159810283,159870494,YES,60211
chr22,42980294,43018064,YES,37770
chr10,27528517,27532812,YES,4295
chr3,128199015,128216666,YES,17651
chr20,22536539,22565230,YES,28691
chr20,52195320,52240870,YES,45550
chrX,106916095,106929998,YES,13903
chr3,16923413,16959538,YES,36125
chr9,112778065,112844499,YES,66434
chr4,187587619,187648619,YES,61000
chr6,74224953,74234140,YES,9187
chr4,185303273,185347271,YES,43998
chr11,71810075,71824965,YES,14890
chr15,90692245,90737129,YES,44884
chr3,49156252,49172933,YES,16681
chr2,42273101,42300251,YES,27150
chr9,34988441,34996197,YES,7756
chr8,48421335,48440130,YES,18795
chr11,119176478,119193813,YES,17335
chr11,45167206,45204709,YES,37503
chr14,105636640,105691727,YES,55087
chr17,7459853,7466333,YES,6480
chr3,46731656,46739274,YES,7618
chr17,79245998,79274074,YES,28076
chr19,658500,681203,YES,22703
chr19,2266217,2291082,YES,24865
chr14,55031225,55041376,YES,10151
chr22,20903216,20935089,YES,31873
chr3,53174020,53206578,YES,32558
chr3,118997783,119021181,YES,23398
chr17,17429241,17476274,YES,47033
chr17,48221392,48233466,YES,12074
chr9,131925818,131940785,YES,14967
chr10,33482283,33542567,YES,60284
chr15,90905115,90963938,YES,58823
chr12,65044367,65082426,YES,38059
chr14,93098780,93143810,YES,45030
chr17,7736302,7741615,YES,5313
chr2,43384366,43406909,YES,22543
chr3,13031469,13061226,YES,29757
chr1,149856138,149861001,YES,4863
chr3,125978012,126033776,YES,55764
chr16,57653421,57683065,YES,29644
chr6,82458588,82464329,YES,5741
chr9,71319153,71371192,YES,52039
chr2,40644629,40717316,YES,72687
chr3,38168633,38195251,YES,26618
chr22,31996296,32036397,YES,40101
chr19,1406408,1419546,YES,13138
chr1,155656033,155659530,YES,3497
chr4,2838977,2871929,YES,32952
chr3,71625820,71634865,YES,9045
chr6,86351097,86355352,YES,4255
chr19,2524292,2551188,YES,26896
chr9,73168217,73230803,YES,62586
chr2,102756700,102776293,YES,19593
chr19,1935408,1945287,YES,9879
chr20,23060957,23069729,YES,8772
chr22,24937896,24975073,YES,37177
chr13,114863283,114898583,YES,35300
chr8,33410962,33425127,YES,14165
chr8,131408792,131457968,YES,49176
chr11,58938916,58992734,YES,53818
chr17,61500291,61528541,YES,28250
chr20,62257113,62274229,YES,17116
chr12,109110464,109128687,YES,18223
chr17,41436889,41450361,YES,13472
chr9,35726029,35733751,YES,7722
chr11,74858188,74908024,YES,49836
chr17,81037486,81068828,YES,31342
chr10,105494540,105555321,YES,60781
chr15,42782341,42803390,YES,21049
chr12,10364085,10373949,YES,9864
chr4,3293036,3334108,YES,41072
chr19,42752698,42761121,YES,8423
chr13,111564693,111568641,YES,3948
chr11,118659939,118664216,YES,4277
chr17,55164418,55189053,YES,24635
chr19,48824327,48837699,YES,13372
chr1,31839527,31868307,YES,28780
chr4,89203835,89219912,YES,16077
chr17,74247582,74271643,YES,24061
chr10,65386829,65405892,YES,19063
chr3,64669880,64677423,YES,7543
chr1,65521161,65535043,YES,13882
chr22,42220699,42270030,YES,49331
chr17,38598689,38615378,YES,16689
chr19,45347579,45383849,YES,36270
chr3,49481030,49523613,YES,42583
chr17,45954745,45985762,YES,31017
chr1,164717131,164764470,YES,47339
chr1,155530046,155533929,YES,3883
chr3,52557955,52573516,YES,15561
chr5,171837263,171883740,YES,46477
chr11,11556367,11614464,YES,58097
chr5,107714079,107719141,YES,5062
chr3,119811810,119815608,YES,3798
chr1,161166263,161173724,YES,7461
chr17,19272301,19303816,YES,31515
chr11,444383,470707,YES,26324
chr1,226296202,226323978,YES,27776
chr9,132161805,132179421,YES,17616
chr2,206546300,206580305,YES,34005
chr12,117479472,117535649,YES,56177
chr11,67271750,67276934,YES,5184
chr2,233923287,233954214,YES,30927
chr11,12821516,12886669,YES,65153
chr12,53890528,53900413,YES,9885
chr3,171842462,171900558,YES,58096
chr19,1267881,1277206,YES,9325
chr8,12610121,12624953,YES,14832
chr14,24893833,24910463,YES,16630
chr11,86627318,86669978,YES,42660
chr6,41977722,42016912,YES,39190
chr20,4789530,4811015,YES,21485
chr4,6909995,6959132,YES,49137
chr11,59521389,59570202,YES,48813
chr19,19475334,19518735,YES,43401
chr19,54708802,54715727,YES,6925
chr19,49651046,49669797,YES,18751
chr10,11188477,11246900,YES,58423
chr11,68595052,68623717,YES,28665
chr22,38563371,38584253,YES,20882
chr19,18525070,18548205,YES,23135
chr2,85115399,85153652,YES,38253
chr1,152006646,152021550,YES,14904
chr11,35159803,35196129,YES,36326
chr19,2081759,2110490,YES,28731
chr5,133329893,133342280,YES,12387
chr8,67024574,67055350,YES,30776
chr8,141514620,141523636,YES,9016
chr3,126068503,126077592,YES,9089
chr19,2462980,2496458,YES,33478
chr16,637852,644850,YES,6998
chr12,7032586,7039696,YES,7110
chr14,50412191,50471018,YES,58827
chr4,140473328,140481985,YES,8657
chr19,14613059,14631310,YES,18251
chr20,33291025,33302021,YES,10996
chr13,41237738,41242328,YES,4590
chr8,67419259,67449043,YES,29784
chr11,12694718,12729201,YES,34483
chr11,9573125,9599533,YES,26408
chr17,72966205,72995127,YES,28922
chr13,44792679,44849622,YES,56943
chr21,47373962,47413579,YES,39617
chr17,7481819,7493392,YES,11573
chr19,3093791,3109411,YES,15620
chr13,21563215,21621839,YES,58624
chr1,198125234,198149071,YES,23837
chr3,42679793,42708769,YES,28976
chr3,196336515,196380068,YES,43553
chr11,67803279,67809641,YES,6362
chr6,159218885,159257632,YES,38747
chr13,114047347,114069845,YES,22498
chr6,148666057,148728704,YES,62647
chr17,43561735,43568986,YES,7251
chr12,52536940,52547179,YES,10239
chr6,26122599,26127257,YES,4658
chr19,18401834,18406232,YES,4398
chr6,33279716,33287095,YES,7379
chr14,89852016,89897880,YES,45864
chr9,14340900,14353877,YES,12977
chr12,10862096,10876772,YES,14676
chr2,43519697,43576731,YES,57034
chr19,42781533,42788054,YES,6521
chr17,43387609,43395776,YES,8167
chr1,1364851,1372426,YES,7575
chr11,117730279,117757325,YES,27046
chr1,175138842,175191990,YES,53148
chr1,10269660,10278578,YES,8918
chr1,202530735,202562729,YES,31994
chr10,129765911,129808934,YES,43023
chr5,96269035,96273077,YES,4042
chr1,202921322,202938921,YES,17599
chr7,51322792,51385835,YES,63043
chr12,6711186,6725548,YES,14362
chr14,23898802,23913794,YES,14992
chr14,77227127,77251537,YES,24410
chr12,57479376,57482656,YES,3280
chr4,119888231,119932839,YES,44608
chr6,33379890,33401993,YES,22103
chr2,241925890,241950654,YES,24764
chr19,2166584,2189866,YES,23282
chr1,153537691,153541885,YES,4194
chr6,160102069,160122636,YES,20567
chr17,74523126,74529553,YES,6427
chr1,249135367,249168985,YES,33618
chr11,122930835,122935628,YES,4793
chr9,140162160,140173522,YES,11362
chr2,28972252,28976320,YES,4068
chr13,114821455,114835116,YES,13661
chr7,100025452,100031949,YES,6497
chr17,25634660,25681717,YES,47057
chr7,80210187,80285317,YES,75130
chr1,182349759,182363599,YES,13840
chr5,2738590,2759482,YES,20892
chr1,161352095,161370606,YES,18511
chr12,56120281,56124791,YES,4510
chr1,47676896,47710031,YES,33135
chr4,78738536,78742887,YES,4351
chr7,542373,563697,YES,21324
chr17,16281825,16323856,YES,42031
chr22,18913160,18924266,YES,11106
chr17,32547489,32583972,YES,36483
chr18,9113061,9138826,YES,25765
chr1,243416416,243433626,YES,17210
chr10,60025643,60029945,YES,4302
chr11,501026,519346,YES,18320
chr22,38283496,38330602,YES,47106
chr17,78227256,78253375,YES,26119
chr2,128144334,128169985,YES,25651
chr17,56049531,56073604,YES,24073
chr5,150141993,150181563,YES,39570
chr12,53758871,53777521,YES,18650
chr1,112261472,112283436,NO,21964
chr8,17764638,17786194,NO,21556
chr5,52086098,52118723,NO,32625
chr19,41767308,41773806,NO,6498
chr14,50327912,50335744,NO,7832
chr12,106620710,106643990,NO,23280
chr12,68041021,68075734,NO,34713
chr1,110433975,110474439,NO,40464
chr19,18413547,18419930,NO,6383
chr12,26262166,26288818,NO,26652
chr17,76243994,76269627,NO,25633
chr13,52375490,52386696,NO,11206
chr12,6162166,6203658,NO,41492
chr19,54970693,54983174,NO,12481
chr1,95385081,95395952,NO,10871
chr4,140096730,140100327,NO,3597
chr1,100112882,100170665,NO,57783
chr2,173937367,173957156,NO,19789
chr7,107578993,107645542,NO,66549
chr17,59527977,59564275,NO,36298
chr19,14085975,14099645,NO,13670
chr16,88167634,88203773,NO,36139
chr3,20080674,20100022,NO,19348
chr19,54368743,54375035,NO,6292
chrX,2608060,2629096,NO,21036
chrX,153568895,153576341,NO,7446
chr9,93953775,93974731,NO,20956
chr10,5977612,5994339,NO,16727
chr10,88713139,88720876,NO,7737
chr4,124317607,124324687,NO,7080
chr3,187869997,187874837,NO,4840
chr1,2986037,2996897,NO,10860
chr3,183872364,183897440,NO,25076
chr2,68991290,69035483,NO,44193
chr5,77799877,77845357,NO,45480
chr1,224003067,224035880,NO,32813
chr2,174850824,174904974,NO,54150
chr4,6258718,6285569,NO,26851
chr10,89620614,89624879,NO,4265
chr9,36127616,36166770,NO,39154
chr18,9802475,9856464,NO,53989
chr15,99644781,99684734,NO,39953
chr1,232710579,232767013,NO,56434
chr16,8942569,8962980,NO,20411
chr17,7139971,7147834,NO,7863
chr14,91575150,91591137,NO,15987
chr2,192700995,192713200,NO,12205
chr17,9989020,10039515,NO,50495
chr3,143689450,143692961,NO,3511
chr3,124834400,124884444,NO,50044
chr22,46438311,46442980,NO,4669
chrX,129214959,129260303,NO,45344
chr17,3561465,3572952,NO,11487
chr21,38923885,38937991,NO,14106
chr9,33813820,33819185,NO,5365
chr6,31366725,31372812,NO,6087
chr7,128163030,128173179,NO,10149
chr16,48637097,48658105,NO,21008
chr22,46497543,46507423,NO,9880
chr9,33287037,33301227,NO,14190
chr1,82265368,82274872,NO,9504
chr9,139815395,139845938,NO,30543
chr11,11862389,11872784,NO,10395
chr22,51079304,51117877,NO,38573
chr15,45923364,45941514,NO,18150
chr1,36849820,36854073,NO,4253
chr14,105187798,105204072,NO,16274
chr1,46753856,46770261,NO,16405
chr7,137658899,137686991,NO,28092
chr14,35342177,35344990,NO,2813
chr9,110247583,110267152,NO,19569
chr2,43062812,43109845,NO,47033
chr1,117017016,117058715,NO,41699
chr1,231555304,231558988,NO,3684
chr6,24719254,24722670,NO,3416
chr10,11054103,11093086,NO,38983
chr22,20862995,20888675,NO,25680
chr2,161054540,161110475,NO,55935
chr9,90169316,90231973,NO,62657
chr3,131089580,131107141,NO,17561
chr7,98965981,98997791,NO,31810
chr15,85872566,85905620,NO,33054
chr1,225997155,226007731,NO,10576
chr11,61581481,61585474,NO,3993
chr2,97522350,97557964,NO,35614
chr16,88952095,89007846,NO,55751
chr12,562639,591499,NO,28860
chr16,2826086,2829373,NO,3287
chr4,186033073,186070694,NO,37621
chr18,7561638,7569563,NO,7925
chr8,37638523,37684667,NO,46144
chr3,98453479,98505641,NO,52162
chrX,153612902,153619946,NO,7044
chr4,1238817,1245607,NO,6790
chr1,94701077,94724552,NO,23475
chr14,104145414,104203253,NO,57839
chr16,58055573,58067765,NO,12192
chr11,1551686,1596249,NO,44563
chr2,239192984,239198996,NO,6012
chr1,237190557,237218841,NO,28284
chr6,64281329,64284377,NO,3048
chr6,33728733,33757692,NO,28959
chr12,121115216,121149840,NO,34624
chr8,26295112,26309749,NO,14637
chr7,27181256,27189462,NO,8206
chr11,65376505,65384683,NO,8178
chr3,141079373,141089428,NO,10055
chr9,101008405,101019470,NO,11065
chr1,25869587,25896144,NO,26557
chr15,79198303,79245086,NO,46783
chr3,73649970,73675951,NO,25981
chr2,65648244,65665165,NO,16921
chr11,2310626,2347927,NO,37301
chr12,56614164,56618982,NO,4818
chrX,53100739,53124208,NO,23469
chr19,41104974,41126394,NO,21420
chr14,64662236,64700067,NO,37831
chr1,112047771,112060008,NO,12237
chr15,93412009,93427448,NO,15439
chr3,128501002,128537953,NO,36951
chr3,119034183,119081301,NO,47118
chr5,172326877,172334407,NO,7530
chr17,66373151,66397122,NO,23971
chr11,62480306,62496854,NO,16548
chr8,42387586,42410936,NO,23350
chr1,26111158,26148823,NO,37665
chr1,1609058,1632752,NO,23694
chr9,127630306,127636381,NO,6075
chr16,66932112,66941882,NO,9770
chr1,40501794,40508379,NO,6585
chr12,56550850,56556848,NO,5998
chr17,58211452,58249635,NO,38183
chr1,205881454,205910402,NO,28948
chr8,125628604,125702736,NO,74132
chr20,56267124,56293200,NO,26076
chr6,7189226,7262325,NO,73099
chr1,26855636,26871032,NO,15396
chr16,58442664,58468637,NO,25973
chr8,98775484,98818884,NO,43400
chrX,67891998,67924507,NO,32509
chr8,27182570,27265689,NO,83119
chr13,44679631,44730570,NO,50939
chr6,36644664,36649049,NO,4385
chr19,10378420,10384007,NO,5587
chr2,151328418,151344244,NO,15826
chr5,139511111,139563580,NO,52469
chr4,38668106,38689757,NO,21651
chr15,83464897,83480037,NO,15140
chr3,15328684,15372250,NO,43566
chr9,140486885,140509255,NO,22370
chr1,11779131,11801624,NO,22493
chr9,98266431,98275314,NO,8883
chr3,183342368,183355808,NO,13440
chr5,124070690,124085495,NO,14805
chr16,70461424,70473963,NO,12539
chr16,87978557,88001052,NO,22495
chr14,59654266,59665022,NO,10756
chr3,149373999,149378258,NO,4259
chr21,40274531,40304023,NO,29492
chr21,38629324,38643466,NO,14142
chr12,94196085,94220880,NO,24795
chr8,144097127,144110757,NO,13630
chr18,46064638,46089790,NO,25152
chr17,8062511,8068750,NO,6239
chr7,32911587,32933815,NO,22228
chr10,80719688,80735662,NO,15974
chr19,46004830,46020104,NO,15274
chr12,50194561,50223186,NO,28625
chr3,50474580,50490150,NO,15570
chr13,76336394,76389858,NO,53464
chr14,68825554,68865422,NO,39868
chr9,71785929,71831914,NO,45985
chr8,22226306,22258943,NO,32637
chr7,75227745,75288726,NO,60981
chr1,25009340,25063297,NO,53957
chr9,35109021,35117140,NO,8119
chr11,20052879,20087555,NO,34676
chr6,31782378,31787254,NO,4876
chr17,19145540,19176083,NO,30543
chr12,13348179,13365217,NO,17038
chr7,2645684,2685578,NO,39894
chr12,49580754,49629481,NO,48727
chr17,20927299,20955911,NO,28612
chr2,55275611,55279207,NO,3596
chr12,118489138,118501067,NO,11929
chr9,140082065,140094654,NO,12589
chr14,52468973,52530248,NO,61275
chr1,1589379,1595056,NO,5677
chr12,49159786,49184284,NO,24498
chr6,32073759,32086097,NO,12338
chr22,23520828,23570349,NO,49521
chr2,127819046,127866066,NO,47020
chr13,24825222,24855982,NO,30760
chr6,28889391,28892871,NO,3480
chr2,30568722,30591775,NO,23053
chr1,17912834,17962387,NO,49553
chr8,128746347,128773676,NO,27329
chr6,17269259,17291586,NO,22327
chr20,62578311,62587846,NO,9535
chr12,102268849,102289029,NO,20180
chr16,89548623,89573079,NO,24456
chr11,10673195,10698124,NO,24929
chr20,57463269,57484960,NO,21691
chr1,16263418,16293428,NO,30010
chr1,150967448,150998142,NO,30694
chr4,87845814,87861718,NO,15904
chr4,2929738,2939859,NO,10121
chr17,57905892,57933910,NO,28018
chr8,39967025,40032937,NO,65912
chr15,91411241,91418084,NO,6843
chr1,150940118,150952227,NO,12109
chrX,153593095,153603110,NO,10015
chr10,31984939,31998798,NO,13859
chr17,1984816,1995055,NO,10239
chr16,54298771,54322016,NO,23245
chr19,1100600,1106079,NO,5479
chr3,52483667,52491968,NO,8301
chr20,1350533,1378149,NO,27616
chr4,41360071,41378025,NO,17954
chr1,2120412,2127834,NO,7422
chr1,26945657,26948763,NO,3106
chr11,69041275,69080947,NO,39672
chr15,81290636,81296210,NO,5574
chr6,166953952,166989148,NO,35196
chr21,28212078,28219853,NO,7775
chr11,6623590,6631645,NO,8055
chr2,241503462,241510491,NO,7029
chr2,36581986,36642451,NO,60465
chr11,841781,847078,NO,5297
chr5,149109318,149132244,NO,22926
chr1,26014631,26034695,NO,20064
chr3,65921161,65958031,NO,36870
chr8,123792035,123810125,NO,18090
chr6,12008264,12014024,NO,5760
chr6,31937470,31941362,NO,3892
chr7,150942656,150950608,NO,7952
chr5,131540913,131564354,NO,23441
chr12,859943,864645,NO,4702
chr11,20000195,20029615,NO,29420
chr1,207471384,207520459,NO,49075
chr18,19832900,19866926,NO,34026
chr7,100874760,100895857,NO,21097
chr2,161259065,161286794,NO,27729
chr19,50310930,50324762,NO,13832
chr1,228348817,228355101,NO,6284
chr19,49464073,49472269,NO,8196
chr9,94181580,94190924,NO,9344
chr21,39831648,39877723,NO,46075
chr10,72163339,72166150,NO,2811
chr12,48145685,48153898,NO,8213
chr3,32442046,32470642,NO,28596
chr10,73595406,73621370,NO,25964
chr12,25537169,25540328,NO,3159
chr1,228545337,228567198,NO,21861
chr1,39851105,39877516,NO,26411
chr19,47358789,47370262,NO,11473
chr21,46493487,46531501,NO,38014
chr1,46144758,46154611,NO,9853
chr9,100393628,100397008,NO,3380
chr15,45477563,45494129,NO,16566
chr16,30097738,30116641,NO,18903
chr3,66021304,66040307,NO,19003
chr10,10828014,10873790,NO,45776
chr19,15217411,15237186,NO,19775
chr6,144605185,144619110,NO,13925
chr22,26137163,26159231,NO,22068
chr1,11933435,11949149,NO,15714
chr8,10567738,10589364,NO,21626
chr17,80541270,80572548,NO,31278
chr2,70367076,70371215,NO,4139
chr17,76956831,77003086,NO,46255
chr16,11011971,11041414,NO,29443
chr12,57503158,57506593,NO,3435
chr6,37135739,37155642,NO,19903
chr14,103575991,103591171,NO,15180
chr18,19901165,19930382,NO,29217
chr3,50618085,50626632,NO,8547
chr9,6756578,6759814,NO,3236
chr2,241173195,241200527,NO,27332
chr2,219148832,219153193,NO,4361
chr11,76364213,76384579,NO,20366
chr6,31793544,31797792,NO,4248
chr4,186453344,186521491,NO,68147
chr6,126066419,126078178,NO,11759
chr8,38852867,38875531,NO,22664
chr13,42030596,42040653,NO,10057
chr5,149785503,149793786,NO,8283
chr21,44917617,44942876,NO,25259
chr11,101980075,101983746,NO,3671
chr15,100103694,100109641,NO,5947
chr8,1693042,1719780,NO,26738
chrX,12988414,12997472,NO,9058
chr11,57191290,57203088,NO,11798
chr9,77698083,77723105,NO,25022
chr1,1688740,1715186,NO,26446
chr7,129587492,129610407,NO,22915
chr2,161211993,161245917,NO,33924
chr17,40280026,40295427,NO,15401
chr19,49135674,49142632,NO,6958
chr14,60713948,60717219,NO,3271
chr20,25252774,25306369,NO,53595
chr6,111194905,111202884,NO,7979
chr20,30146969,30161985,NO,15016
chr2,46384321,46428720,NO,44399
chr4,77506449,77547155,NO,40706
chr4,146093013,146102801,NO,9788
chr4,148734102,148754632,NO,20530
chr7,30789870,30819447,NO,29577
chr9,35069865,35073576,NO,3711
chr7,100396889,100435465,NO,38576
chr1,35290599,35332672,NO,42073
chr20,32006595,32032914,NO,26319
chr1,42339870,42368719,NO,28849
chr3,11586211,11613214,NO,27003
chr2,42324065,42370490,NO,46425
chr3,101565521,101574365,NO,8844
chr14,50099812,50109196,NO,9384
chr1,201851596,201888057,NO,36461
chr19,41826907,41835410,NO,8503
chr1,169452321,169457553,NO,5232
chr19,52691671,52705319,NO,13648
chr10,105593338,105615620,NO,22282
chr11,8738532,8745684,NO,7152
chr3,169375780,169387272,NO,11492
chr11,62606222,62610670,NO,4448
chr7,101499239,101529565,NO,30326
chr8,41510882,41529475,NO,18593
chr16,30903766,30909113,NO,5347
chr5,141720852,141744698,NO,23846
chr3,133654401,133712416,NO,58015
chr16,31136930,31144196,NO,7266
chr16,4849834,4881927,NO,32093
chr19,50377198,50382302,NO,5104
chr10,72975700,73024010,NO,48310
chr9,131311730,131328060,NO,16330
chr19,14113321,14118319,NO,4998
chr10,3493417,3543261,NO,49844
chr6,32819648,32823172,NO,3524
chr14,23766881,23772528,NO,5647
chr8,22274191,22301884,NO,27693
chr19,48009767,48027552,NO,17785
chr1,9349726,9364959,NO,15233
chr6,30580433,30586863,NO,6430
chr4,56261238,56265645,NO,4407
chr7,128466476,128477437,NO,10961
chr4,185250168,185278472,NO,28304
chr22,39145855,39153515,NO,7660
chr18,12271249,12289404,NO,18155
chr14,100745590,100776848,NO,31258
chr16,89785285,89790906,NO,5621
chr8,42122520,42174511,NO,51991
chr4,8183315,8203493,NO,20178
chr6,41903204,41916037,NO,12833
chr19,17578931,17619772,NO,40841
chr22,30817579,30832554,NO,14975
chr18,21152950,21167732,NO,14782
chr1,224618396,224627236,NO,8840
chr1,183439295,183442722,NO,3427
chr5,38532118,38576849,NO,44731
chr9,99175750,99183734,NO,7984
chr12,6975582,6983451,NO,7869
chr21,27105201,27109116,NO,3915
chr5,79534658,79553997,NO,19339
chr17,76166701,76181699,NO,14998
chr1,205464038,205489512,NO,25474
chr11,85772925,85781922,NO,8997
chr20,277550,291506,NO,13956
chr2,109847206,109892915,NO,45709
chr2,70350042,70353400,NO,3358
chr2,161125103,161128755,NO,3652
chr3,149084820,149132848,NO,48028
chr1,207223301,207230646,NO,7345
chr10,13857401,13934563,NO,77162
chr14,100826061,100857315,NO,31254
chr19,38467924,38517468,NO,49544
chr21,43932773,43960390,NO,27617
chr21,47448031,47488273,NO,40242
chr11,10908304,10923053,NO,14749
chr1,154452448,154475630,NO,23182
chr5,141307330,141340682,NO,33352
chr10,35657235,35690470,NO,33235
chr10,104144464,104160083,NO,15619
chr7,150782115,150787879,NO,5764
chr12,50502844,50511469,NO,8625
chr14,93429733,93478043,NO,48310
chr10,97084349,97122019,NO,37670
chr7,100179155,100185117,NO,5962
chr20,32398838,32430663,NO,31825
chr2,217543227,217561610,NO,18383
chr2,65080292,65092868,NO,12576
chr16,50582360,50648419,NO,66059
chr20,34355273,34365344,NO,10071
chr6,43593285,43598655,NO,5370
chr15,72446496,72497020,NO,50524
chr15,45005578,45024182,NO,18604
chr19,13272853,13277428,NO,4575
chr2,86255034,86267481,NO,12447
chr22,19925163,19941995,NO,16832
chr1,151253215,151257232,NO,4017
chr1,156862624,156869998,NO,7374
chr20,36146738,36157147,NO,10409
chr1,33206510,33241698,NO,35188
chr4,90194798,90229688,NO,34890
chr3,127533729,127542946,NO,9217
chr11,64007062,64012036,NO,4974
chr6,20201036,20218488,NO,17452
chr3,194292062,194309782,NO,17720
chr15,67122166,67144644,NO,22478
chr22,45894471,45950624,NO,56153
chr16,29298310,29308048,NO,9738
chr3,10214830,10248134,NO,33304
chr10,106013802,106022423,NO,8621
chr2,43035797,43039243,NO,3446
chr5,159712375,159725863,NO,13488
chr3,37493091,37509169,NO,16078
chr10,102790519,102803580,NO,13061
chr5,131628467,131638040,NO,9573
chr17,33568446,33584376,NO,15930
chr19,55622629,55630582,NO,7953
chr10,115800850,115808603,NO,7753
chr10,70803582,70826470,NO,22888
chr17,7776468,7793675,NO,17207
chr1,236226819,236232641,NO,5822
chr1,47266002,47286835,NO,20833
chr9,124359786,124383281,NO,23495
chr22,19505745,19516075,NO,10330
chr18,34019337,34074155,NO,54818
chr11,93861124,93868948,NO,7824
chr4,99180384,99184097,NO,3713
chr17,54985502,54994150,NO,8648
chr2,33682545,33707925,NO,25380
chr17,799843,837127,NO,37284
chr4,146653257,146658432,NO,5175
chr22,36278485,36318450,NO,39965
chr2,62404980,62446290,NO,41310
chr18,77707132,77726037,NO,18905
chr1,87792976,87801717,NO,8741
chr8,49310423,49353229,NO,42806
chr3,179361861,179399997,NO,38136
chr14,103521029,103542547,NO,21518
chr1,244996535,245000092,NO,3557
chr19,15478220,15491750,NO,13530
chr20,33556128,33584239,NO,28111
chr12,7066668,7075071,NO,8403
chr7,73440803,73476961,NO,36158
chr1,43831093,43848740,NO,17647
chr3,184049292,184057239,NO,7947
chr6,31147794,31184751,NO,36957
chr2,48126960,48135032,NO,8072
chr7,134467234,134552097,NO,84863
chr9,80635131,80650525,NO,15394
chr4,41534410,41578095,NO,43685
chr10,101378977,101382226,NO,3249
chr3,152877813,152881658,NO,3845
chr9,133699455,133749201,NO,49746
chr22,39857290,39872031,NO,14741
chr17,41320710,41324761,NO,4051
chrX,153186507,153197094,NO,10587
chr15,69067613,69090286,NO,22673
chr3,129102208,129113889,NO,11681
chr11,93257014,93277267,NO,20253
chr10,61631918,61668690,NO,36772
chr13,45477015,45507802,NO,30787
chr5,95294007,95299009,NO,5002
chr17,15545334,15564032,NO,18698
chr3,46421956,46454451,NO,32495
chr17,1956472,1965733,NO,9261
chr12,48590984,48607317,NO,16333
chr7,138779177,138804196,NO,25019
chr5,16455658,16468894,NO,13236
chr1,94129864,94189151,NO,59287
chr2,128457765,128464762,NO,6997
chr17,76770687,76802403,NO,31716
chr17,749733,787310,NO,37577
chr17,38081873,38110386,NO,28513
chr9,2613574,2634638,NO,21064
chr6,151695040,151713673,NO,18633
chr11,69251194,69266187,NO,14993
chr1,95000375,95029198,NO,28823
chr15,68870004,68914192,NO,44188
chr17,63051320,63059148,NO,7828
chr6,138847978,138893952,NO,45974
chr19,47218592,47243390,NO,24798
chr20,36612151,36624654,NO,12503
chr17,79518204,79545344,NO,27140
chr19,3965673,3971833,NO,6160
chr2,109933444,109967442,NO,33998
chr11,34072271,34075417,NO,3146
chr2,234372108,234398229,NO,26121
chr11,69450759,69463525,NO,12766
chr3,40331753,40356714,NO,24961
chr20,61272736,61285258,NO,12522
chr17,43223058,43227964,NO,4906
chrX,38661916,38677380,NO,15464
chr13,28192228,28196901,NO,4673
chr11,66361881,66387009,NO,25128
chr6,114175635,114194844,NO,19209
chr15,75492189,75497876,NO,5687
chr4,108744776,108760350,NO,15574
chr9,111859318,111882564,NO,23246
chr10,92676363,92696478,NO,20115
chr6,116598303,116602265,NO,3962
chr4,184018222,184021596,NO,3374
chr13,30421540,30425158,NO,3618
chr17,73966112,73980132,NO,14020
chr12,14921685,14924640,NO,2955
chr13,114539814,114567614,NO,27800
chr9,102580677,102585749,NO,5072
chr16,28833293,28836497,NO,3204
chr17,73838062,73846468,NO,8406
chr11,111779930,111785724,NO,5794
chr6,30459004,30512571,NO,53567
chr14,38052387,38069687,NO,17300
chr2,235886806,235918434,NO,31628
chr10,75518475,75534225,NO,15750
chr2,71678394,71703567,NO,25173
chr17,61914034,61927291,NO,13257
chr8,145637807,145660246,NO,22439
chr1,3262953,3287652,NO,24699
chr5,133793417,133804192,NO,10775
chr12,96792197,96795405,NO,3208
chr6,33264361,33268295,NO,3934
chr1,154908023,154911978,NO,3955
chr3,119289902,119320639,NO,30737
chr1,36837529,36842241,NO,4712
chr6,136355635,136401370,NO,45735
chr17,42184083,42192630,NO,8547
chr1,68140046,68153354,NO,13308
chr7,100270596,100292631,NO,22035
chr17,43364476,43374659,NO,10183
chr3,37962174,38003827,NO,41653
chr17,43204182,43210931,NO,6749
chr2,54884739,54903684,NO,18945
chr14,100703879,100712947,NO,9068
chr5,169695688,169739979,NO,44291
chr1,211430503,211434794,NO,4291
chr9,100743226,100748106,NO,4880
chr19,52190103,52196131,NO,6028
chr6,32162020,32165724,NO,3704
chrX,18889229,18914841,NO,25612
chr16,57157173,57185723,NO,28550
chr17,79923541,79973503,NO,49962
chr4,88410060,88463264,NO,53204
chr3,48465965,48478288,NO,12323
chr6,137058294,137109288,NO,50994
chr6,39168394,39197840,NO,29446
chr3,32147367,32169836,NO,22469
chr17,27068498,27077201,NO,8703
chr11,47348111,47383393,NO,35282
chr3,37686945,37755820,NO,68875
chr5,167715000,167756548,NO,41548
chr16,88765057,88773839,NO,8782
chr9,112647672,112681541,NO,33869
chr3,128825074,128842833,NO,17759
chr7,139738472,139763675,NO,25203
chr20,35168741,35179829,NO,11088
chr3,4908325,4911259,NO,2934
chr1,94761871,94801574,NO,39703
chr15,44083543,44088000,NO,4457
chr5,10351787,10377508,NO,25721
chr9,130613617,130622032,NO,8415
chr10,33269082,33295451,NO,26369
chr5,139942866,139951818,NO,8952
chr1,3085322,3114308,NO,28986
chr14,61790426,61835447,NO,45021
chr8,22451935,22456683,NO,4748
chr12,93963146,93968001,NO,4855
chr14,24778433,24786467,NO,8034
chr1,160173731,160190076,NO,16345
chr9,112605807,112633161,NO,27354
chr16,69854577,69900145,NO,45568
chr1,145127693,145145502,NO,17809
chr9,92270015,92301256,NO,31241
chr19,1129736,1137251,NO,7515
chr17,48184753,48192670,NO,7917
chr2,45876377,45880297,NO,3920
chr3,9938127,9960128,NO,22001
chr17,16117845,16121326,NO,3481
chr7,130669591,130698467,NO,28876
chr4,74959905,74983685,NO,23780
chr11,64084133,64087733,NO,3600
chr1,202099267,202114978,NO,15711
chr1,236134426,236185353,NO,50927
chr1,208131607,208138726,NO,7119
chr1,61543306,61550695,NO,7389
chr20,34540391,34543412,NO,3021
chr1,236849759,236879949,NO,30190
chr2,99437524,99451037,NO,13513
chr20,1782871,1831415,NO,48544
chr7,150754499,150760950,NO,6451
chr9,112534018,112580996,NO,46978
chr5,173180246,173210277,NO,30031
chr11,67231038,67252844,NO,21806
chr1,61508414,61523370,NO,14956
chr18,12361691,12378435,NO,16744
chr3,73528989,73579387,NO,50398
chr16,68266988,68272401,NO,5413
chr6,144634040,144686367,NO,52327
chr20,23027853,23043468,NO,15615
chr1,2505927,2510797,NO,4870
chr16,4135231,4166560,NO,31329
chr13,114112322,114155413,NO,43091
chr11,116965015,116970908,NO,5893
chr3,51421551,51434458,NO,12907
chr22,28416274,28445161,NO,28887
chr19,54691787,54696432,NO,4645
chr12,49522850,49526206,NO,3356
chr8,29948768,29976407,NO,27639
chrX,49018998,49024649,NO,5651
chr8,71313595,71317166,NO,3571
chr6,29932066,29945561,NO,13495
chr1,15265917,15299129,NO,33212
chr1,165599310,165607866,NO,8556
chr15,81568373,81606333,NO,37960
chr17,73849291,73852765,NO,3474
chr19,1165956,1174755,NO,8799
chr9,35509933,35526381,NO,16448
chr2,61763078,61766841,NO,3763
chr18,12307130,12328315,NO,21185
chr19,51865689,51872437,NO,6748
chr7,43655111,43698896,NO,43785
chr7,112088227,112092061,NO,3834
chr11,65835107,65852189,NO,17082
chr7,50708458,50745000,NO,36542
chr1,150576595,150596038,NO,19443
chr20,30788566,30796979,NO,8413
chr9,130597305,130601959,NO,4654
chr10,75624565,75649248,NO,24683
chr9,128268251,128318906,NO,50655
chr5,138077419,138091740,NO,14321
chr9,92217982,92222766,NO,4784
chr17,76120109,76129493,NO,9384
chr12,1765865,1791155,NO,25290
chr4,7806194,7846672,NO,40478
chr3,43427414,43468972,NO,41558
chr10,31606820,31610803,NO,3983
chr16,86220235,86249222,NO,28987
chr5,134707132,134733015,NO,25883
chr16,30362871,30369577,NO,6706
chr9,131389324,131399851,NO,10527
chr1,1279544,1297905,NO,18361
chr1,166804827,166815978,NO,11151
chr1,2484971,2489791,NO,4820
chr11,3851915,3863396,NO,11481
chr17,62392103,62410862,NO,18759
chr2,106103461,106135856,NO,32395
chr15,99256069,99275767,NO,19698
chr17,1684380,1688162,NO,3782
chr11,65678615,65695907,NO,17292
chr15,79152134,79167311,NO,15177
chr12,129281100,129315017,NO,33917
chr10,134437418,134447603,NO,10185
chr19,1025698,1030475,NO,4777
chr1,214722599,214726480,NO,3881
chr2,43354112,43368115,NO,14003
chr5,80527200,80543102,NO,15902
chr2,3456729,3477199,NO,20470
chr17,15335006,15369283,NO,34277
chr1,23693741,23698253,NO,4512
chr11,2466225,2487690,NO,21465
chr17,4869299,4874387,NO,5088
chr3,184078614,184081897,NO,3283
chr20,58513024,58516693,NO,3669
chr19,13208153,13214919,NO,6766
chr14,73247570,73298406,NO,50836
chr13,42182957,42226651,NO,43694
chr15,85174192,85177996,NO,3804
chr22,39260302,39279131,NO,18829
chr14,69596151,69621091,NO,24940
chr8,18674395,18712739,NO,38344
chr21,35892774,35918447,NO,25673
chr4,159080198,159098099,NO,17901
chr8,37593369,37596303,NO,2934
chr2,69868035,69872712,NO,4677
chr16,66956738,66963240,NO,6502
chr16,15067726,15070922,NO,3196
chr1,95218488,95269892,NO,51404
chr17,74493048,74498630,NO,5582
chr8,124651659,124667901,NO,16242
chr6,157341701,157343894,NO,2193
chr22,29661249,29666393,NO,5144
chr1,24116580,24137944,NO,21364
chr5,78984609,79001984,NO,17375
chr14,102413612,102416137,NO,2525
chr4,84456123,84474426,NO,18303
chr2,132247233,132251807,NO,4574
chr5,180462920,180481490,NO,18570
chr2,238114819,238171944,NO,57125
chr11,10601408,10648274,NO,46866
chr11,78126345,78132417,NO,6072
chr15,48007943,48043327,NO,35384
chr17,73890863,73907376,NO,16513
chr6,118606112,118638698,NO,32586
chr18,74160263,74205526,NO,45263
chr13,31181991,31193160,NO,11169
chr11,95920947,95977624,NO,56677
chr16,70097813,70100848,NO,3035
chr1,27690061,27694920,NO,4859
chr7,14027539,14032469,NO,4930
chr19,7178744,7225023,NO,46279
chr22,39539598,39548761,NO,9163
chr17,26661111,26675072,NO,13961
chr8,93112938,93116413,NO,3475
chr12,46654183,46664044,NO,9861
chr13,77453637,77461965,NO,8328
chr10,25009932,25014351,NO,4419
chr6,46450673,46481899,NO,31226
chr1,162640445,162682912,NO,42467
chr1,201500223,201540827,NO,40604
chr11,19212620,19255168,NO,42548
chr17,57499857,57519042,NO,19185
chr9,139537626,139542351,NO,4725
chr12,7051460,7056529,NO,5069
chr11,130317863,130329047,NO,11184
chr17,27619001,27621945,NO,2944
chr19,8454248,8461734,NO,7486
chrX,23791038,23826257,NO,35219
chr22,38596820,38602391,NO,5571
chr22,42472980,42476873,NO,3893
chr3,61544811,61551016,NO,6205
chr16,67999380,68004055,NO,4675
chr16,50272897,50319007,NO,46110
chr13,31037294,31040467,NO,3173
chr2,26980925,26996194,NO,15269
chr22,38056226,38076428,NO,20202
chr10,129844836,129864569,NO,19733
chr11,67976692,67984502,NO,7810
chr21,35941729,35969330,NO,27601
chr19,1854091,1859819,NO,5728
chr7,1493379,1507564,NO,14185
chr12,112034841,112038301,NO,3460
chr6,148821968,148870158,NO,48190
chr7,6417412,6439501,NO,22089
chr5,38835808,38856936,NO,21128
chr1,1981880,1994918,NO,13038
chr5,137798822,137802982,NO,4160
chr6,44071765,44102547,NO,30782
chr8,42320661,42371444,NO,50783
chr3,38026644,38046799,NO,20155
chr17,7757555,7762515,NO,4960
chr10,102819927,102827850,NO,7923
chr16,66965758,66972307,NO,6549
chr17,37892130,37913164,NO,21034
chr12,120971809,120992776,NO,20967
chr16,85156992,85188033,NO,31041
chr8,22404915,22412272,NO,7357
chr12,6480944,6487254,NO,6310
chr1,208323820,208358820,NO,35000
chr3,170073421,170076691,NO,3270
chr5,56204294,56207144,NO,2850
chr4,10007068,10036396,NO,29328
chr20,42833084,42848822,NO,15738
chr9,113016749,113020661,NO,3912
chr5,60615336,60630064,NO,14728
chr6,26054234,26057817,NO,3583
chr12,59989276,59993270,NO,3994
chr5,178691671,178712973,NO,21302
chr20,39310414,39319560,NO,9146
chr12,1699560,1715885,NO,16325
chr17,34090933,34129324,NO,38391
chr18,48174378,48193029,NO,18651
chr20,3708075,3721954,NO,13879
chr1,61891888,61920437,NO,28549
chr10,88852562,88855802,NO,3240
chr7,73240826,73248326,NO,7500
chr16,88294657,88304342,NO,9685
chr6,2767258,2819994,NO,52736
chr1,43997063,44031553,NO,34490
chr6,4345363,4382068,NO,36705
chr9,132198370,132223948,NO,25578
chr15,38542684,38547145,NO,4461
chr4,129730376,129734273,NO,3897
chr16,58019017,58036711,NO,17694
chr17,27909448,27916633,NO,7185
chr11,64899850,64903927,NO,4077
chr1,214449732,214456789,NO,7057
chrX,57617288,57621128,NO,3840
chr1,201417023,201436570,NO,19547
chr12,6372947,6390584,NO,17637
chr4,149356553,149367510,NO,10957
chr3,4855375,4874003,NO,18628
chr1,221049417,221056656,NO,7239
chr3,16407221,16491688,NO,84467
chr2,206619388,206672489,NO,53101
chr18,61636595,61647685,NO,11090
chr7,48124144,48138066,NO,13922
chr4,1339354,1343752,NO,4398
chr19,59024421,59033535,NO,9114
chr2,219154254,219158405,NO,4151
chr5,139486241,139489125,NO,2884
chr8,145436475,145450220,NO,13745
chr6,33586749,33592899,NO,6150
chr8,95953605,95981127,NO,27522
chr1,40089904,40114461,NO,24557
chr16,87494368,87501337,NO,6969
chr5,167361187,167380801,NO,19614
chr1,85740439,85745756,NO,5317
chr17,17073494,17110729,NO,37235
chr22,18312761,18343740,NO,30979
chr16,67991267,67999245,NO,7978
chr6,147523038,147526205,NO,3167
chr13,45149308,45152818,NO,3510
chr1,228327008,228332343,NO,5335
chr12,11945973,11993699,NO,47726
chr8,130983532,131029619,NO,46087
chr22,27066710,27070890,NO,4180
chr1,153597698,153603549,NO,5851
chr3,129023198,129036323,NO,13125
chr6,32142934,32148664,NO,5730
chr17,46907725,46921303,NO,13578
chr5,162929431,162936774,NO,7343
chr6,15239848,15250330,NO,10482
chr1,112933176,112940030,NO,6854
chr3,105072239,105088795,NO,16556
chr11,1968454,1971940,NO,3486
chr6,56577663,56638127,NO,60464
chr19,17345681,17366761,NO,21080
chr16,57018953,57035597,NO,16644
chr14,92336019,92367962,NO,31943
chr5,53812733,53830850,NO,18117
chr9,97767235,97771162,NO,3927
chr17,7588520,7592571,NO,4051
chr5,142148900,142164293,NO,15393
chr11,60702595,60721751,NO,19156
chr4,26858382,26869996,NO,11614
chr16,67914773,67931646,NO,16873
chr18,32624352,32668483,NO,44131
chr19,44248558,44271636,NO,23078
chr16,30388387,30391150,NO,2763
chr19,45905009,45910454,NO,5445
chr9,101719675,101762039,NO,42364
chr13,60969880,60973548,NO,3668
chr6,3906007,3930341,NO,24334
chr16,79623411,79636696,NO,13285
chr6,128832221,128842757,NO,10536
chr2,161335682,161351427,NO,15745
chr12,56108784,56115892,NO,7108
chr8,145042887,145053152,NO,10265
chr7,32070999,32112555,NO,41556
chr16,84828106,84876140,NO,48034
chr2,20249233,20252906,NO,3673
chr10,35616525,35630471,NO,13946
chr5,148207806,148254977,NO,47171
chr20,3798625,3803068,NO,4443
chr11,85374106,85376502,NO,2396
chr9,35686378,35699809,NO,13431
chr18,56514256,56539118,NO,24862
chr22,21354191,21357849,NO,3658
chr4,160023137,160027481,NO,4344
chr10,99443088,99449915,NO,6827
chr20,304223,311391,NO,7168
chr16,2562751,2567844,NO,5093
chr20,55949297,55975288,NO,25991
chr17,25568185,25612499,NO,44314
chr1,46597317,46601563,NO,4246
chr12,123996645,124019431,NO,22786
chr3,193972907,193995938,NO,23031
chr3,52311117,52314868,NO,3751
chr8,127557165,127583784,NO,26619
chr4,1716432,1730475,NO,14043
chr16,575124,580850,NO,5726
chr10,75405853,75416652,NO,10799
chr16,23498425,23522468,NO,24043
chr1,225922908,225960292,NO,37384
chr2,237146152,237173658,NO,27506
chr17,8088831,8094408,NO,5577
chr2,46040083,46054864,NO,14781
chr4,95371976,95381415,NO,9439
chr3,194196699,194209996,NO,13297
chr17,62689986,62738966,NO,48980
chr12,104669619,104683616,NO,13997
chr12,123871800,123884317,NO,12517
chr16,25059666,25080356,NO,20690
chr19,18474018,18504969,NO,30951
chr7,150064833,150071168,NO,6335
chr22,46921493,46946964,NO,25471
chr2,219180499,219198436,NO,17937
chr17,37830430,37837673,NO,7243
chr6,34191004,34212787,NO,21783
chr14,92917757,92959419,NO,41662
chr16,31468172,31472138,NO,3966
chr1,155016958,155026711,NO,9753
chr2,61403365,61408462,NO,5097
chr7,66118213,66120920,NO,2707
chr17,4612850,4637410,NO,24560
chr8,135842239,135853995,NO,11756
chr7,56031393,56044575,NO,13182
chr3,37212053,37226187,NO,14134
chr13,110776975,110791655,NO,14680
chr3,4760803,4784476,NO,23673
chr15,93449313,93474420,NO,25107
chr9,132330014,132373671,NO,43657
chr7,139462456,139478817,NO,16361
chr5,158422296,158501024,NO,78728
chr20,57224245,57228382,NO,4137
chr12,49449285,49455409,NO,6124
chr1,27174804,27194685,NO,19881
chr5,73926121,73940329,NO,14208
chr20,49327436,49361723,NO,34287
chr10,11784346,11803197,NO,18851
chr3,156251604,156273807,NO,22203
chrX,152984841,152994142,NO,9301
chr4,185565518,185571902,NO,6384
chr3,196226661,196231669,NO,5008
chr3,128265934,128293143,NO,27209
chr1,92284745,92317653,NO,32908
chr9,35488863,35492648,NO,3785
chr1,84969314,84973135,NO,3821
chr1,206573857,206580179,NO,6322
chr19,49492650,49497995,NO,5345
chr5,133770815,133775675,NO,4860
chr2,39662138,39665675,NO,3537
chr20,61553573,61561225,NO,7652
chr19,35744115,35761696,NO,17581
chr17,19193110,19221602,NO,28492
chr22,32339257,32351611,NO,12354
chr10,105201302,105213094,NO,11792
chr12,93320336,93324324,NO,3988
chr19,42375384,42393138,NO,17754
chr20,39619263,39641915,NO,22652
chr8,41996970,42013881,NO,16911
chr19,41146192,41198720,NO,52528
chr17,77015758,77034955,NO,19197
chr12,94070261,94078755,NO,8494
chr6,121757312,121769399,NO,12087
chr12,14409622,14427293,NO,17671
chr19,36245102,36249699,NO,4597
chr19,10713103,10716048,NO,2945
chr10,50504122,50532318,NO,28196
chr10,99472489,99487009,NO,14520
chr1,26053422,26071853,NO,18431
chr16,2722372,2744399,NO,22027
chr3,14562353,14582266,NO,19913
chr11,133814498,133827960,NO,13462
chr19,42771667,42776234,NO,4567
chr5,92913687,92938658,NO,24971
chr16,29817773,29824691,NO,6918
chr19,48281061,48285559,NO,4498
chr7,2832433,2865857,NO,33424
chr19,5620837,5628116,NO,7279
chr17,1965752,1972755,NO,7003
chr3,122397130,122402356,NO,5226
chr3,149290624,149337510,NO,46886
chr20,20711556,20747504,NO,35948
chr7,129465048,129515983,NO,50935
chr4,26320418,26323920,NO,3502
chr7,2796224,2804025,NO,7801
chr16,75321661,75351668,NO,30007
chr15,99190022,99195594,NO,5572
chr3,128930370,128965010,NO,34640
chr1,25585743,25594970,NO,9227
chr17,42856121,42882672,NO,26551
chr1,207191513,207200198,NO,8685
chr2,219432156,219442755,NO,10599
chr11,19694720,19705411,NO,10691
chr12,107485227,107488388,NO,3161
chr1,10569913,10601785,NO,31872
chr8,141624561,141657085,NO,32524
chr19,2968810,2984571,NO,15761
chr8,145116952,145135880,NO,18928
chr2,85553065,85569103,NO,16038
chr6,150986810,151009184,NO,22374
chr19,16480653,16532421,NO,51768
chr10,91088565,91113214,NO,24649
chr17,43299174,43308409,NO,9235
chr12,122904868,122908628,NO,3760
chr5,180610942,180645856,NO,34914
chr20,39860395,39879289,NO,18894
chr2,98278141,98281683,NO,3542
chr1,121123639,121129938,NO,6299
chr10,111765393,111780632,NO,15239
chr10,22540218,22542989,NO,2771
chr5,148760642,148770354,NO,9712
chr5,158634383,158637856,NO,3473
chr13,30005459,30017323,NO,11864
chr1,45137508,45143792,NO,6284
chr20,39936609,39964730,NO,28121
chr19,52288275,52304532,NO,16257
chr1,93249339,93251681,NO,2342
chr17,80480871,80526758,NO,45887
chr2,120239665,120253984,NO,14319
chr9,27571282,27574468,NO,3186
chrX,148606361,148624567,NO,18206
chr2,64975568,64980352,NO,4784
chr4,152234658,152247659,NO,13001
chr1,201976034,201988668,NO,12634
chr2,145159567,145217925,NO,58358
chr8,22907142,22933495,NO,26353
chr17,25856319,25868676,NO,12357
chr20,25158214,25186706,NO,28492
chr8,1981939,2004330,NO,22391
chr10,76867545,76872615,NO,5070
chr13,27997829,28003282,NO,5453
chr1,164588212,164630021,NO,41809
chr4,148652315,148675790,NO,23475
chr17,37855612,37873843,NO,18231
chr17,41163655,41174747,NO,11092
chr16,67474653,67496556,NO,21903
chr2,230784596,230788258,NO,3662
chr17,12630175,12648387,NO,18212
chr22,30591260,30609908,NO,18648
chr16,30785571,30799466,NO,13895
chr11,16624536,16630162,NO,5626
chr17,7252264,7256377,NO,4113
chr1,249098633,249122116,NO,23483
chr11,67006230,67016910,NO,10680
chr2,71291192,71300437,NO,9245
chr7,35283984,35298989,NO,15005
chr1,184836093,184887498,NO,51405
chr4,121977883,121996363,NO,18480
chr20,60692891,60699652,NO,6761
chr4,53577845,53589673,NO,11828
chr8,74204938,74208423,NO,3485
chr18,20045321,20053547,NO,8226
chr17,38170316,38180775,NO,10459
chr17,3789790,3800568,NO,10778
chr1,26481150,26498392,NO,17242
chr16,281004,303432,NO,22428
chrX,57934219,57937766,NO,3547
chr12,120107319,120155058,NO,47739
chr17,58467521,58475886,NO,8365
chr7,150322994,150329993,NO,6999
chr14,94575566,94583151,NO,7585
chr12,132378926,132408210,NO,29284
chr15,63887179,63903427,NO,16248
chr17,75196776,75232207,NO,35431
chr7,47978790,47990947,NO,12157
chr14,105931014,105938032,NO,7018
chr13,52025120,52027391,NO,2271
chr3,152100474,152149189,NO,48715
chrX,24166653,24171684,NO,5031
chr2,30626425,30645972,NO,19547
chr2,109780846,109812529,NO,31683
chr19,48971640,49005158,NO,33518
chr11,16806244,16842864,NO,36620
chr10,76983262,77005740,NO,22478
chr4,141013260,141022573,NO,9313
chr2,85475123,85505572,NO,30449
chr6,90879039,90929769,NO,50730
chr13,37572468,37575695,NO,3227
chr8,23389484,23416825,NO,27341
chrX,48891364,48912516,NO,21152
chr9,6680472,6683798,NO,3326
chr7,100063085,100077636,NO,14551
chr8,145725878,145730693,NO,4815
chr18,2874699,2918031,NO,43332
chr19,295084,316227,NO,21143
chr19,32895120,32899206,NO,4086
chr22,31737763,31744234,NO,6471
chr10,17027417,17052529,NO,25112
chr3,48128153,48131315,NO,3162
chr6,109308937,109331604,NO,22667
chr1,203522094,203529058,NO,6964
chr15,70386938,70404754,NO,17816
chr16,4968294,4996327,NO,28033
chr19,13895873,13914455,NO,18582
chr1,150334935,150338495,NO,3560
chr19,49216795,49230734,NO,13939
chr5,88175555,88186215,NO,10660
chr10,6012729,6020720,NO,7991
chrX,52948694,52965522,NO,16828
chr12,72147762,72157972,NO,10210
chr16,1739054,1772716,NO,33662
chr3,49207294,49214022,NO,6728
chr16,2202525,2222441,NO,19916
chr11,130379724,130399475,NO,19751
chr2,219231210,219237000,NO,5790
chr1,111734172,111748353,NO,14181
chr10,93555985,93567520,NO,11535
chr2,102349140,102388178,NO,39038
chr3,124304886,124346802,NO,41916
chr19,37957156,37961191,NO,4035
chr10,104943841,104957587,NO,13746
chr19,51617128,51643131,NO,26003
chr12,52443532,52447930,NO,4398
chr18,3103661,3156679,NO,53018
chr9,5626672,5630323,NO,3651
chr20,17804048,17831559,NO,27511
chr21,45176132,45203893,NO,27761
chr16,30543870,30547766,NO,3896
chr15,57769520,57826319,NO,56799
chr19,10763477,10767034,NO,3557
chr8,19793973,19800960,NO,6987
chr17,48273424,48299955,NO,26531
chr20,17660290,17663840,NO,3550
chr2,130938014,130942607,NO,4593
chr19,47775548,47781582,NO,6034
chr21,46768653,46789379,NO,20726
chr14,24727380,24750970,NO,23590
chr9,97541144,97590520,NO,49376
chr14,91815332,91845039,NO,29707
chr1,934064,941337,NO,7273
chr9,107657882,107690745,NO,32863
chr11,66884783,66888874,NO,4091
chr21,44896129,44900668,NO,4539
chr20,48724178,48731223,NO,7045
chr22,46401835,46405218,NO,3383
chr16,69598838,69602257,NO,3419
chr17,7287436,7309613,NO,22177
chr15,89439669,89476472,NO,36803
chr14,21490055,21496358,NO,6303
chr11,61455724,61469437,NO,13713
chr20,5106372,5117059,NO,10687
chr11,352290,356683,NO,4393
chr11,9383610,9386954,NO,3344
chr7,90891982,90897424,NO,5442
chr10,29803837,29845904,NO,42067
chr1,151027498,151033224,NO,5726
chr1,160230050,160233300,NO,3250
chr1,8229307,8278143,NO,48836
chr8,119101721,119132542,NO,30821
chr17,37350502,37370017,NO,19515
chr2,204545261,204557592,NO,12331
chr1,205253158,205289389,NO,36231
chr18,56208230,56260646,NO,52416
chr3,127307447,127311329,NO,3882
chr3,172229507,172264747,NO,35240
chr21,34773110,34785877,NO,12767
chr17,38277040,38281312,NO,4272
chr1,206729660,206762275,NO,32615
chr14,76445113,76462749,NO,17636
chr16,67968319,67971826,NO,3507
chr1,237158887,237177501,NO,18614
chr15,75988535,76010210,NO,21675
chr12,33027629,33048059,NO,20430
chr11,605636,616855,NO,11219
chr6,35557193,35572162,NO,14969
chr9,114244121,114247143,NO,3022
chr11,60916773,60932940,NO,16167
chr6,27804113,27807393,NO,3280
chr11,114150746,114188813,NO,38067
chr1,11967721,11991794,NO,24073
chr4,8420458,8454349,NO,33891
chr5,150529718,150538483,NO,8765
chr17,47753429,47774473,NO,21044
chr12,3067350,3074535,NO,7185
chr12,108954183,108961436,NO,7253
chr20,61424469,61438445,NO,13976
chr16,28539668,28554507,NO,14839
chr2,71718777,71733778,NO,15001
chr3,17782102,17785135,NO,3033
chr19,4968126,4989470,NO,21344
chr6,43957046,43979895,NO,22849
chr1,9209272,9225737,NO,16465
chr2,47135942,47144295,NO,8353
chr17,40716970,40720225,NO,3255
chrX,153625225,153628826,NO,3601
chr12,56692355,56696508,NO,4153
chrX,135813295,135862097,NO,48802
chr9,139480727,139521091,NO,40364
chr14,88456886,88469210,NO,12324
chr20,52509391,52567143,NO,57752
chr1,228673922,228677124,NO,3202
chr1,244210097,244213989,NO,3892
chr9,129945477,129961855,NO,16378
chr18,77152912,77166891,NO,13979
chr16,58136489,58164039,NO,27550
chr14,102782673,102787423,NO,4750
chr10,134258489,134296512,NO,38023
chr3,57984293,58012668,NO,28375
chr8,48264931,48297584,NO,32653
chr11,66078929,66096675,NO,17746
chr5,98104447,98110970,NO,6523
chr15,81452386,81488051,NO,35665
chr16,10961901,10979879,NO,17978
chr6,35452205,35462680,NO,10475
chr2,112812512,112816787,NO,4275
chr11,128416483,128447099,NO,30616
chr1,236683637,236695930,NO,12293
chr6,17906626,17935889,NO,29263
chr17,41898659,41911277,NO,12618
chr19,55894622,55898523,NO,3901
chr4,119811239,119842782,NO,31543
chr3,71274698,71312533,NO,37835
chr4,146855360,146860406,NO,5046
chr19,46455584,46476715,NO,21131
chr10,5586797,5591603,NO,4806
chr9,130665468,130670607,NO,5139
chr18,48720904,48724101,NO,3197
chr7,152130803,152134441,NO,3638
chr22,19072622,19110951,NO,38329
chr7,36303787,36344377,NO,40590
chr1,29505716,29512953,NO,7237
chr5,56109985,56113288,NO,3303
chr10,92921074,92924882,NO,3808
chr4,140003601,140006275,NO,2674
chr19,18942248,18971348,NO,29100
chr1,155909179,155916676,NO,7497
chr7,55085209,55095215,NO,10006
chr3,176908588,176917687,NO,9099
chr22,29697617,29708084,NO,10467
chr7,154996429,155002120,NO,5691
chr16,30410058,30430269,NO,20211
chr7,66137346,66148349,NO,11003
chr9,97623669,97647691,NO,24022
chr12,20517950,20526459,NO,8509
chr5,172172432,172177893,NO,5461
chr5,54892524,54901112,NO,8588
chr6,164378877,164387849,NO,8972
chr3,38063109,38073771,NO,10662
chr14,21256694,21272022,NO,15328
chr11,8703088,8706567,NO,3479
chr22,50622010,50632054,NO,10044
chr12,52398909,52405415,NO,6506
chr12,56096229,56105022,NO,8793
chr15,91472809,91476393,NO,3584
chr5,141052275,141082664,NO,30389
chr20,49531851,49549032,NO,17181
chr7,158885356,158897827,NO,12471
chr2,38318507,38341995,NO,23488
chr16,30885470,30888709,NO,3239
chr3,38560981,38591176,NO,30195
chr19,40783950,40793212,NO,9262
chr4,54929321,54934133,NO,4812
chr5,123976846,124015316,NO,38470
chr8,129153997,129190892,NO,36895
chr5,71746356,71752643,NO,6287
chr15,100012250,100027964,NO,15714
chr7,100141442,100147150,NO,5708
chr6,26532987,26555357,NO,22370
chr7,92461614,92466522,NO,4908
chr1,28184556,28214503,NO,29947
chr6,56534386,56558624,NO,24238
chr15,85453879,85471671,NO,17792
chr17,81129954,81152460,NO,22506
chr15,91425269,91429977,NO,4708
chr9,35746855,35751434,NO,4579
chr5,172259362,172265955,NO,6593
chr9,72870666,72878943,NO,8277
chr17,1546695,1550563,NO,3868
chr2,39721714,39752482,NO,30768
chr22,40578906,40617470,NO,38564
chr1,203432261,203457539,NO,25278
chr16,10917815,10923592,NO,5777
chr11,107985503,107995837,NO,10334
chr10,65458650,65482897,NO,24247
chr6,148743118,148793639,NO,50521
chr13,74703902,74710917,NO,7015
chr11,832039,835722,NO,3683
chr18,11993270,12027552,NO,34282
chr7,37479415,37489026,NO,9611
chr19,530730,536112,NO,5382
chr11,693234,697035,NO,3801
chrX,13096244,13145721,NO,49477
chr12,15101281,15115158,NO,13877
chr11,818261,822860,NO,4599
chr6,32809750,32813789,NO,4039
chr11,94499781,94510247,NO,10466
chr17,73265815,73274903,NO,9088
chr12,52434983,52440525,NO,5542
chr1,26346111,26366341,NO,20230
chr7,140323679,140342133,NO,18454
chr1,120168867,120181781,NO,12914
chr16,1651082,1666809,NO,15727
chr12,11902497,11920190,NO,17693
chr19,50369037,50374406,NO,5369
chr9,139607045,139618600,NO,11555
chr9,136918547,136944262,NO,25715
chr2,220138143,220146072,NO,7929
chr21,46432005,46477402,NO,45397
chr10,111636287,111663876,NO,27589
chr3,122785382,122816485,NO,31103
chr1,205768725,205796756,NO,28031
chr10,134384292,134408467,NO,24175
chr14,23304578,23309173,NO,4595
chr11,47995162,48055911,NO,60749
chr1,2514792,2519209,NO,4417
chr19,41813494,41817199,NO,3705
chr22,33140543,33162718,NO,22175
chr3,122674613,122698761,NO,24148
chr2,28017700,28024323,NO,6623
chr5,114878422,114894381,NO,15959
chr7,123277243,123306473,NO,29230
chr14,35450032,35452963,NO,2931
chr6,33165344,33170609,NO,5265
chr10,32038108,32050371,NO,12263
chr22,38789610,38797696,NO,8086
chr6,18371707,18433668,NO,61961
chr9,35811054,35815942,NO,4888
chr11,2825676,2852872,NO,27196
chr19,8570530,8592483,NO,21953
chr20,60715732,60720107,NO,4375
chr21,39630407,39699296,NO,68889
chr20,33850806,33867175,NO,16369
chr20,5130832,5179685,NO,48853
chr9,130606598,130613430,NO,6832
chr22,41952319,41971815,NO,19496
chr5,66298940,66312042,NO,13102
chr17,4899891,4904518,NO,4627
chr4,119946179,119975820,NO,29641
chr14,105431792,105441373,NO,9581
chr10,24495394,24505537,NO,10143
chr22,41612592,41659371,NO,46779
chr3,48539449,48543184,NO,3735
chr1,173989943,173993004,NO,3061
chr12,120728297,120731419,NO,3122
chr5,148828851,148834104,NO,5253
chr16,67875155,67878785,NO,3630
chr19,56812589,56827716,NO,15127
chr12,94098192,94138430,NO,40238
chr18,22928235,22932777,NO,4542
chr2,101416901,101462744,NO,45843
chr1,149978562,149990569,NO,12007
chr3,57928442,57970161,NO,41719
chr10,99298407,99311085,NO,12678
chr10,135070796,135075598,NO,4802
chr6,3824675,3842547,NO,17872
chr17,46021690,46036399,NO,14709
chr18,13216828,13224624,NO,7796
chr15,45453753,45462026,NO,8273
chr9,95946060,95971228,NO,25168
chr7,22600330,22631261,NO,30931
chr4,3372719,3392101,NO,19382
chr8,143740081,143760549,NO,20468
chr9,136841915,136859064,NO,17149
chr13,77890560,77904562,NO,14002
chr2,96851608,96872384,NO,20776
chr16,67424481,67448811,NO,24330
chr1,59039309,59059436,NO,20127
chr12,122063583,122075938,NO,12355
chr2,85808570,85814084,NO,5514
chr12,31475689,31480091,NO,4402
chr6,43662759,43694239,NO,31480
chr12,6872325,6878429,NO,6104
chr8,145732100,145735746,NO,3646
chr20,57578593,57586943,NO,8350
chrX,52921396,52928020,NO,6624
chr6,11411089,11438675,NO,27586
chr11,130344028,130358912,NO,14884
chr2,101921833,101925874,NO,4041
chr19,34285266,34295930,NO,10664
chr11,17228107,17231943,NO,3836
chr5,78803520,78811107,NO,7587
chr19,44028910,44040299,NO,11389
chr6,163755003,163760926,NO,5923
chr3,11758326,11763140,NO,4814
chr17,3862340,3893173,NO,30833
chr5,176843229,176859667,NO,16438
chr1,202074668,202083803,NO,9135
chr3,194403316,194412757,NO,9441
chr3,37803525,37815116,NO,11591
chr3,52007361,52015753,NO,8392
chr6,144533823,144540083,NO,6260
chr13,98084456,98087643,NO,3187
chr1,6407850,6421111,NO,13261
chr17,62078225,62103549,NO,25324
chr3,182962847,182983667,NO,20820
chr7,115991380,115998493,NO,7113
chr18,20136078,20143816,NO,7738
chr3,25467856,25476027,NO,8171
chr13,30968946,31004992,NO,36046
chr22,29419180,29441133,NO,21953
chr9,139794526,139798853,NO,4327
chr3,62119388,62148695,NO,29307
chr2,89123017,89129440,NO,6423
chr9,123630158,123657597,NO,27439
chr6,10510671,10534524,NO,23853
chr17,4267773,4270742,NO,2969
chr1,153512737,153519535,NO,6798
chr7,151564550,151575033,NO,10483
chr16,4673667,4677139,NO,3472
chr16,23132350,23157296,NO,24946
chr4,53507066,53526743,NO,19677
chr3,12994129,13009855,NO,15726
chr14,94851846,94862907,NO,11061
chr14,75399008,75410114,NO,11106
chr10,114709296,114716928,NO,7632
chr7,44787323,44809916,NO,22593
chr8,144677516,144683125,NO,5609
chr5,78279328,78282233,NO,2905
chr5,58332943,58338987,NO,6044
chr17,78427529,78430066,NO,2537
chr12,110370689,110405942,NO,35253
chr15,59968828,59982433,NO,13605
chr16,75025615,75060181,NO,34566
chr9,136704950,136739034,NO,34084
chr11,64509095,64514975,NO,5880
chr9,130529007,130534517,NO,5510
chr3,46130233,46186215,NO,55982
chr15,93179448,93211277,NO,31829
chr10,73838833,73871313,NO,32480
chr19,35605392,35617184,NO,11792
chr11,47289322,47294228,NO,4906
chr10,6233322,6264415,NO,31093
chr17,74486218,74490675,NO,4457
chr10,124123349,124135594,NO,12245
chr14,69503710,69527372,NO,23662
chr9,131702252,131711118,NO,8866
chr7,30323440,30326032,NO,2592
chr15,26093849,26149352,NO,55503
chr2,69371028,69408654,NO,37626
chr3,191045951,191049163,NO,3212
chr17,62980234,62986070,NO,5836
chrX,52985774,52992560,NO,6786
chr1,85778897,85797112,NO,18215
chr16,3995799,4014934,NO,19135
chr11,44963140,45003045,NO,39905
chr1,46805021,46808550,NO,3529
chr12,122580707,122593444,NO,12737
chr15,85924865,85965037,NO,40172
chr17,17130935,17141455,NO,10520
chr19,1153567,1157764,NO,4197
chr11,71932962,71937215,NO,4253
chr2,24305326,24308713,NO,3387
chr18,56553934,56612799,NO,58865
chr19,50092711,50097887,NO,5176
chr10,88962921,88976803,NO,13882
chr6,41751261,41756058,NO,4797
chr13,99736181,99740877,NO,4696
chr2,231183081,231200728,NO,17647
chr1,183536181,183580070,NO,43889
chr10,126599730,126607348,NO,7618
chr5,108083310,108085638,NO,2328
chr22,41416788,41419790,NO,3002
chr8,62621434,62634661,NO,13227
chr11,125961956,125987103,NO,25147
chr19,56164716,56167539,NO,2823
chr4,144105086,144108319,NO,3233
chr11,67346653,67354737,NO,8084
chr9,130544687,130549398,NO,4711
chr2,102312563,102327720,NO,15157
chr8,144288115,144303302,NO,15187
chr17,9142234,9149266,NO,7032
chr22,46407763,46411330,NO,3567
chr2,241307637,241315122,NO,7485
chr11,9622406,9661682,NO,39276
chr9,139977294,139984818,NO,7524
chr14,25510708,25520848,NO,10140
chr2,66800499,66811135,NO,10636
chr19,47103377,47107757,NO,4380
chr7,129989561,130015198,NO,25637
chr1,222814772,222818566,NO,3794
chr1,6638033,6643024,NO,4991
chr19,1263880,1267646,NO,3766
chr4,76436898,76440601,NO,3703
chr10,14578272,14630968,NO,52696
chr1,65466509,65469424,NO,2915
chr6,167363008,167374043,NO,11035
chr16,1457585,1482953,NO,25368
chr17,65372546,65387354,NO,14808
chr10,52749857,52761039,NO,11182
chr20,32580136,32583752,NO,3616
chr2,159886056,159921719,NO,35663
chr2,131861306,131864664,NO,3358
chr5,43601520,43605299,NO,3779
chr12,105061162,105077156,NO,15994
chr5,176919036,176925740,NO,6704
chr17,4738827,4764813,NO,25986
chr2,191390771,191401644,NO,10873
chr19,41801352,41806955,NO,5603
chr19,41711816,41733142,NO,21326
chr18,807874,815137,NO,7263
chr6,129965016,130014924,NO,49908
chr13,32826792,32846051,NO,19259
chr2,24712313,24716013,NO,3700
chr3,172030138,172043184,NO,13046
chr15,25199664,25203327,NO,3663
chr3,160471912,160474826,NO,2914
chr14,34528276,34536460,NO,8184
chr5,79476569,79513710,NO,37141
chr12,112553870,112568116,NO,14246
chr8,28203449,28208203,NO,4754
chr3,69369931,69427096,NO,57165
chr12,12937015,12942019,NO,5004
chr11,72316529,72347348,NO,30819
chr1,66798925,66819626,NO,20701
chr11,46293136,46314175,NO,21039
chr1,59603840,59622253,NO,18413
chr7,151214775,151218299,NO,3524
chr13,20692124,20724709,NO,32585
chr13,110432926,110440523,NO,7597
chr10,7439100,7453530,NO,14430
chr1,61622312,61655145,NO,32833
chr11,43941240,43967717,NO,26477
chr7,135335525,135367907,NO,32382
chr17,2609637,2628162,NO,18525
chr7,155087862,155091851,NO,3989
chr14,21536689,21541725,NO,5036
chr22,23860419,23878331,NO,17912
chr1,209789588,209823610,NO,34022
chr1,160981737,160989066,NO,7329
chr2,161144815,161190443,NO,45628
chr10,75665562,75680391,NO,14829
chr17,46662032,46673002,NO,10970
chr6,125282622,125286214,NO,3592
chr1,145469681,145475483,NO,5802
chr5,36648332,36692739,NO,44407
chr15,31725127,31746571,NO,21444
chr17,4888921,4892988,NO,4067
chr3,156533517,156536536,NO,3019
chr6,26203933,26207005,NO,3072
chr4,82390401,82394728,NO,4327
chr2,9769445,9779798,NO,10353
chrX,48416937,48435097,NO,18160
chr19,45970307,45974154,NO,3847
chr14,105045291,105055000,NO,9709
chr8,61563459,61566761,NO,3302
chr5,68787750,68815062,NO,27312
chr2,12947311,12976510,NO,29199
chr1,155289772,155296313,NO,6541
chr3,184279369,184302838,NO,23469
chr4,141157696,141174729,NO,17033
chr1,32799730,32820363,NO,20633
chr15,63187435,63194675,NO,7240
chr4,25653555,25668206,NO,14651
chr17,47799309,47833494,NO,34185
chr15,77710704,77714039,NO,3335
chr5,138461891,138486940,NO,25049
chr11,64560524,64572867,NO,12343
chr16,3505950,3510376,NO,4426
chr20,343675,363742,NO,20067
chr2,16831509,16847024,NO,15515
chr2,46479510,46505670,NO,26160
chr20,44597892,44601767,NO,3875
chr19,3667924,3672949,NO,5025
chr3,197473383,197479349,NO,5966
chr19,40926367,40929650,NO,3283
chr8,125721417,125741656,NO,20239
chr4,38051521,38085019,NO,33498
chr2,74197026,74215444,NO,18418
chr16,14725676,14729256,NO,3580
chr14,50504517,50529679,NO,25162
chr2,238222698,238236356,NO,13658
chr3,63896954,63899482,NO,2528
chr19,56109333,56113100,NO,3767
chr16,48569377,48592847,NO,23470
chr3,58026528,58046070,NO,19542
chr16,19702255,19723214,NO,20959
chr12,56364984,56374960,NO,9976
chr1,19391532,19414700,NO,23168
chr1,32711987,32718932,NO,6945
chr3,16551085,16558785,NO,7700
chr10,3132353,3150650,NO,18297
chr11,923691,953878,NO,30187
chr2,3580148,3585191,NO,5043
chr6,7537500,7562214,NO,24714
chr12,49497281,49505451,NO,8170
chr8,30012577,30033289,NO,20712
chr2,29232148,29240377,NO,8229
chr3,42139277,42173054,NO,33777
chrX,47075481,47080191,NO,4710
chr16,473632,476867,NO,3235
chr11,66111804,66116339,NO,4535
chr6,36789920,36835539,NO,45619
chr17,1067734,1107658,NO,39924
chr1,43809612,43816449,NO,6837
chr11,125033160,125051708,NO,18548
chr4,140654832,140662751,NO,7919
chr16,29983870,29990979,NO,7109
chr22,20189722,20195445,NO,5723
chr2,27543431,27547152,NO,3721
chr2,99951779,99954961,NO,3182
chr20,45882343,45908213,NO,25870
chr8,38691498,38732980,NO,41482
chr22,31432496,31453554,NO,21058
chr17,17672812,17689789,NO,16977
chr11,46140269,46144411,NO,4142
chr16,29831278,29837896,NO,6618
chr20,56007499,56027865,NO,20366
chr5,172311290,172316094,NO,4804
chr11,130270021,130305200,NO,35179
chr19,40948279,40951366,NO,3087
chr3,37532519,37553450,NO,20931
chr4,154404350,154420620,NO,16270
chr15,30916546,30919265,NO,2719
chr1,2228046,2235173,NO,7127
chr16,2940537,2956582,NO,16045
chr11,111845230,111873656,NO,28426
chr11,560885,573824,NO,12939
chr9,136782618,136826604,NO,43986
chr19,8046511,8067909,NO,21398
chr3,188040753,188068401,NO,27648
chr5,1798775,1805465,NO,6690
chr12,52624235,52630912,NO,6677
chr13,25084711,25087472,NO,2761
chr7,111843895,111847737,NO,3842
chr16,68017111,68040414,NO,23303
chr9,19229553,19232054,NO,2501
chr9,4293471,4300178,NO,6707
chr7,76008255,76033756,NO,25501
chr19,49116527,49123997,NO,7470
chr7,134570597,134592898,NO,22301
chr3,18464408,18467940,NO,3532
chr17,59386194,59423549,NO,37355
chr19,47287101,47300068,NO,12967
chr11,95887270,95902943,NO,15673
chr6,37095770,37106267,NO,10497
chr17,76729361,76756270,NO,26909
chr20,54991988,55019821,NO,27833
chr12,94160157,94180367,NO,20210
chrX,39867458,39874827,NO,7369
chr13,107213952,107226741,NO,12789
chr22,17648277,17654076,NO,5799
chr16,81632462,81668578,NO,36116
chr17,27051200,27056622,NO,5422
chr6,16236879,16259104,NO,22225
chr14,91609609,91638521,NO,28912
chr17,16767216,16771394,NO,4178
chr14,66973679,66976422,NO,2743
chr6,32982755,32998299,NO,15544
chr11,94882161,94885600,NO,3439
chr20,35200052,35204310,NO,4258
chr17,38219106,38222736,NO,3630
chr6,6871442,6894680,NO,23238
chr17,9936615,9973704,NO,37089
chr6,64344982,64347088,NO,2106
chr17,28555174,28590345,NO,35171
chr17,48498456,48529894,NO,31438
chr1,94556293,94563100,NO,6807
chr1,151103294,151132240,NO,28946
chr1,2207104,2211860,NO,4756
chr7,75616832,75624973,NO,8141
chr3,138552367,138554565,NO,2198
chr3,25490135,25515365,NO,25230
chr22,43684260,43694807,NO,10547
chr3,43788865,43815519,NO,26654
chr11,59304839,59334165,NO,29326
chr11,63972867,63976987,NO,4120
chr3,140953024,140962763,NO,9739
chrX,148569370,148587444,NO,18074
chr2,19546901,19559321,NO,12420
chr3,52523294,52531046,NO,7752
chr9,140276619,140286111,NO,9492
chr11,63990376,63995461,NO,5085
chr20,43985601,43989719,NO,4118
chr15,51056432,51061389,NO,4957
chr19,18430232,18435140,NO,4908
chr2,73290931,73299740,NO,8809
chr18,32696998,32719971,NO,22973
chr5,176722650,176735300,NO,12650
chr3,71176126,71185036,NO,8910
chr10,104179569,104183419,NO,3850
chr19,2768699,2776812,NO,8113
chr1,150520908,150527004,NO,6096
chr17,74357762,74383325,NO,25563
chr18,74533120,74536364,NO,3244
chr11,312983,317081,NO,4098
chr6,79785688,79789108,NO,3420
chr9,130211101,130226928,NO,15827
chr12,28342787,28345042,NO,2255
chr4,6689474,6699262,NO,9788
chr3,156888725,156894338,NO,5613
chr6,34662573,34688642,NO,26069
chr15,100243008,100258344,NO,15336
chr15,22903845,22925760,NO,21915
chr2,66695003,66736280,NO,41277
chr3,49026378,49029567,NO,3189
chr1,183236485,183273321,NO,36836
chr14,75981176,76010063,NO,28887
chr14,100606767,100614060,NO,7293
chr1,60168806,60210478,NO,41672
chr2,208195276,208204198,NO,8922
chr10,31263899,31308138,NO,44239
chr12,54744091,54769749,NO,25658
chr13,99597986,99634261,NO,36275
chr5,71781401,71814815,NO,33414
chr17,36946376,36956790,NO,10414
chr19,17402775,17417667,NO,14892
chr2,27591888,27595705,NO,3817
chr10,63656530,63664130,NO,7600
chrX,153712390,153719856,NO,7466
chr6,139455699,139459036,NO,3337
chr17,25885619,25906049,NO,20430
chr2,26929367,26959646,NO,30279
chr2,63807987,63818939,NO,10952
chr5,100235508,100240603,NO,5095
chr8,103114328,103137296,NO,22968
chrX,109244818,109270097,NO,25279
chr12,123463941,123470794,NO,6853
chr22,19552971,19567568,NO,14597
chr8,75162414,75196849,NO,34435
chr1,184923123,184944340,NO,21217
chr8,19909669,19945063,NO,35394
chr11,73690684,73695612,NO,4928
chr11,406127,418241,NO,12114
chr19,10336354,10349481,NO,13127
chr14,100679871,100689874,NO,10003
chr1,24341673,24349837,NO,8164
chr4,126235127,126243862,NO,8735
chr12,120516700,120564938,NO,48238
chr1,2013349,2044237,NO,30888
chr7,129778668,129792491,NO,13823
chr11,117006993,117017639,NO,10646
chr3,24535321,24538376,NO,3055
chr19,55995705,56029333,NO,33628
chr8,80672842,80682761,NO,9919
chr2,18739873,18742619,NO,2746
chr14,32669987,32673805,NO,3818
chr13,29289117,29298354,NO,9237
chr15,57178313,57180537,NO,2224
chr6,7042534,7063491,NO,20957
chr7,22893082,22907859,NO,14777
chr13,47126666,47129422,NO,2756
chr1,19969257,19979328,NO,10071
chr22,25781285,25815838,NO,34553
chr3,58559884,58572146,NO,12262
chr11,64071126,64075346,NO,4220
chr5,107004258,107009624,NO,5366
chr6,2900417,2904770,NO,4353
chr6,31788700,31791437,NO,2737
chr18,2960538,2998856,NO,38318
chr17,63451776,63483629,NO,31853
chr10,30929243,30941644,NO,12401
chr5,172084972,172090073,NO,5101
chr8,26239793,26243554,NO,3761
chr10,114801574,114831786,NO,30212
chr14,103859293,103875665,NO,16372
chr19,56146003,56148442,NO,2439
chr11,70048713,70051530,NO,2817
chr6,126265541,126280952,NO,15411
chr19,49315017,49323569,NO,8552
chr19,42923852,42946361,NO,22509
chr20,34672864,34695035,NO,22171
chr5,108062092,108064818,NO,2726
chr9,34663695,34666779,NO,3084
chr2,241499372,241502144,NO,2772
chr22,20007714,20017666,NO,9952
chr16,11762489,11775799,NO,13310
chr5,148344486,148360175,NO,15689
chr5,989688,1006506,NO,16818
chr7,65234854,65236702,NO,1848
chrX,327772,335374,NO,7602
chr5,148283159,148295457,NO,12298
chr12,12008144,12039131,NO,30987
chr7,150776328,150781200,NO,4872
chr10,76581070,76586783,NO,5713
chr22,38613614,38620008,NO,6394
chr20,33140852,33170362,NO,29510
chr3,99579106,99600264,NO,21158
chr14,105553013,105561184,NO,8171
chr11,117850168,117884060,NO,33892
chr7,64540724,64542572,NO,1848
chr1,33720416,33724927,NO,4511
chr15,74330853,74344998,NO,14145
chr8,58978699,59021777,NO,43078
chr18,33962733,33984515,NO,21782
chr14,104015607,104020702,NO,5095
chr6,4017868,4019885,NO,2017
chr1,9179311,9195408,NO,16097
chr2,179342665,179345975,NO,3310
chr18,3012212,3062274,NO,50062
chr3,126463647,126474288,NO,10641
chr10,69892928,69916135,NO,23207
chr10,179903,182852,NO,2949
chr17,7122232,7126829,NO,4597
chrX,3732150,3734993,NO,2843
chr16,53163154,53166114,NO,2960
chr14,24550033,24565146,NO,15113
chr7,30176642,30225069,NO,48427
chr7,44524286,44538744,NO,14458
chr21,36199602,36219486,NO,19884
chr17,12568199,12595037,NO,26838
chr3,107135255,107151325,NO,16070
chr22,50049802,50062939,NO,13137
chr18,20714395,20724822,NO,10427
chr1,154296572,154326453,NO,29881
chr19,12655192,12670778,NO,15586
chr19,13105342,13110162,NO,4820
chr10,99330112,99336437,NO,6325
chr22,37997146,38007557,NO,10411
chr19,15532298,15564361,NO,32063
chr8,142009949,142016011,NO,6062
chr7,44717370,44742206,NO,24836
chr12,57520332,57528514,NO,8182
chr1,178020069,178031040,NO,10971
chr11,118044816,118066984,NO,22168
chr12,111355307,111372485,NO,17178
chr7,150149796,150182689,NO,32893
chr1,1067593,1099532,NO,31939
chr15,99485769,99499790,NO,14021
chr12,56222027,56226490,NO,4463
chr1,15851030,15854118,NO,3088
chr2,86105816,86118346,NO,12530
chr2,110433216,110460433,NO,27217
chr4,77214026,77230192,NO,16166
chr5,148574664,148607490,NO,32826
chr2,27650727,27653915,NO,3188
chr19,18266109,18285663,NO,19554
chr6,33555712,33559819,NO,4107
chr17,56411710,56417849,NO,6139
chr11,65323899,65329134,NO,5235
chr12,118558657,118577912,NO,19255
chr6,136417914,136441459,NO,23545
chr21,44742670,44793954,NO,51284
chr6,33216059,33218831,NO,2772
chr2,38300440,38305170,NO,4730
chr8,28557712,28570113,NO,12401
chr2,208481943,208492448,NO,10505
chr7,135424546,135460209,NO,35663
chr1,59010436,59013096,NO,2660
chr16,30912822,30916406,NO,3584
chr14,33002300,33035327,NO,33027
chr1,65382558,65428626,NO,46068
chr3,194585887,194606232,NO,20345
chr17,61551979,61577450,NO,25471
chr6,34854891,34858249,NO,3358
chr8,22433729,22440200,NO,6471
chr16,85492473,85526969,NO,34496
chr13,107172508,107189019,NO,16511
chr3,123991421,123997959,NO,6538
chr9,130635261,130641271,NO,6010
chr1,21835846,21880557,NO,44711
chr7,27161447,27165868,NO,4421
chr22,46813064,46862719,NO,49655
chr12,11804491,11828250,NO,23759
chr18,53053800,53091148,NO,37348
chr9,12774730,12785985,NO,11255
chr19,1881664,1885597,NO,3933
chr16,82660199,82668707,NO,8508
chr16,84627269,84641698,NO,14429
chr16,30581041,30584080,NO,3039
chr14,32962052,32980517,NO,18465
chr20,33483611,33511594,NO,27983
chr15,34657011,34660861,NO,3850
chr10,62040301,62065443,NO,25142
chr5,138262192,138291179,NO,28987
chr17,47892717,47929463,NO,36746
chr19,8514667,8555878,NO,41211
chr1,32165398,32181670,NO,16272
chr15,78167508,78185106,NO,17598
chr9,107752738,107756725,NO,3987
chr6,37069524,37072077,NO,2553
chr1,155161631,155166404,NO,4773
chr13,33682048,33702689,NO,20641
chr11,62365554,62370968,NO,5414
chr16,86103097,86124218,NO,21121
chr11,1846812,1857095,NO,10283
chr7,157128575,157131850,NO,3275
chr16,73017546,73035407,NO,17861
chr11,60678078,60683787,NO,5709
chr5,131720969,131726556,NO,5587
chr6,106944545,106969043,NO,24498
chr15,71143887,71160394,NO,16507
chr1,78533827,78580269,NO,46442
chr7,75501299,75536244,NO,34945
chr14,105524836,105537483,NO,12647
chr2,69781930,69831696,NO,49766
chr6,28862968,28865394,NO,2426
chr3,146256903,146262932,NO,6029
chr3,129158000,129163514,NO,5514
chr6,3022835,3027524,NO,4689
chr16,27502386,27534697,NO,32311
chr15,93139545,93163599,NO,24054
chr14,103056471,103069441,NO,12970
chr2,217398096,217420726,NO,22630
chr2,61990651,61992236,NO,1585
chr3,50659077,50669808,NO,10731
chr2,27494151,27516712,NO,22561
chr3,15122832,15145236,NO,22404
chr9,123833614,123838170,NO,4556
chr8,121820597,121825234,NO,4637
chr1,164669161,164695342,NO,26181
chr10,93997691,94001545,NO,3854
chr4,148400942,148419985,NO,19043
chr1,56876693,56922910,NO,46217
chr13,32999751,33003850,NO,4099
chr9,34650652,34655791,NO,5139
chr15,35084173,35103850,NO,19677
chr20,37427642,37459061,NO,31419
chr15,38360596,38366240,NO,5644
chr11,76509029,76550138,NO,41109
chr10,91234264,91243363,NO,9099
chr3,184031777,184035956,NO,4179
chr17,73526763,73568132,NO,41369
chr3,58146661,58187128,NO,40467
chr2,208631388,208636299,NO,4911
chr12,109585798,109602253,NO,16455
chr9,132645966,132653097,NO,7131
chr11,46258327,46265583,NO,7256
chr19,33666676,33669341,NO,2665
chr9,136995864,137002408,NO,6544
chr10,75789045,75819179,NO,30134
chr12,123916611,123934468,NO,17857
chr5,142053311,142079038,NO,25727
chr2,65286611,65308962,NO,22351
chr1,113497673,113501018,NO,3345
chr14,38722618,38725891,NO,3273
chr15,79268852,79291743,NO,22891
chr2,224795096,224810387,NO,15291
chr12,56472532,56482823,NO,10291
chr16,2261528,2265724,NO,4196
chr1,16499367,16509624,NO,10257
chr19,51001092,51005926,NO,4834
chr16,57332533,57351732,NO,19199
chr19,709090,728849,NO,19759
chr14,24815779,24839128,NO,23349
chr5,148783254,148791247,NO,7993
chr2,102720211,102743830,NO,23619
chr4,3482209,3489189,NO,6980
chr17,42401244,42411998,NO,10754
chr16,67706163,67720163,NO,14000
chr11,16997360,17019585,NO,22225
chr2,47038497,47046399,NO,7902
chr19,1213171,1215875,NO,2704
chr17,62280258,62318999,NO,38741
chr22,29298878,29331871,NO,32993
chr5,66478116,66541195,NO,63079
chr16,31127729,31132224,NO,4495
chr19,3807459,3819619,NO,12160
chr1,235242109,235247917,NO,5808
chr3,48720830,48733246,NO,12416
chr12,13042872,13063726,NO,20854
chr6,118827471,118876560,NO,49089
chr16,31880059,31892382,NO,12323
chr14,75800156,75810002,NO,9846
chr17,73072896,73076273,NO,3377
chr17,45343365,45358409,NO,15044
chr2,241834119,241854202,NO,20083
chr10,31417207,31447343,NO,30136
chr11,86258729,86271261,NO,12532
chr22,18049271,18063704,NO,14433
chr19,49954454,49958225,NO,3771
chr16,50186037,50189865,NO,3828
chr1,212731197,212740991,NO,9794
chr9,100316710,100334274,NO,17564
chr17,65416889,65440861,NO,23972
chr5,172067506,172076296,NO,8790
chr6,56702861,56717505,NO,14644
chr14,91782898,91798380,NO,15482
chr19,3980557,3987161,NO,6604
chr17,27965940,27973655,NO,7715
chr7,106058837,106071367,NO,12530
chr2,192097120,192116257,NO,19137
chr5,81145435,81154003,NO,8568
chr4,6985599,6994595,NO,8996
chr10,116470879,116482822,NO,11943
chr1,68188646,68226157,NO,37511
chr5,138725499,138732969,NO,7470
chr20,569477,593521,NO,24044
chr2,1589890,1611447,NO,21557
chr17,4841144,4845056,NO,3912
chr22,28111057,28125791,NO,14734
chr19,1874708,1877130,NO,2422
chr8,13122846,13134929,NO,12083
chr8,55365392,55380185,NO,14793
chr20,1873716,1880576,NO,6860
chr6,112032044,112076111,NO,44067
chr2,134875965,134879676,NO,3711
chr17,43247338,43254019,NO,6681
chr4,120048824,120070927,NO,22103
chr19,13110168,13115730,NO,5562
chr6,123109447,123119954,NO,10507
chr11,63325841,63343211,NO,17370
chr1,24421341,24453627,NO,32286
chr16,29825046,29828837,NO,3791
chr20,35571188,35581016,NO,9828
chr6,157007139,157009815,NO,2676
chr20,48383331,48408242,NO,24911
chr2,68545155,68547872,NO,2717
chr9,129125795,129156488,NO,30693
chr19,45945604,45948668,NO,3064
chr5,139926039,139930933,NO,4894
chr7,149411209,149428529,NO,17320
chr5,66326863,66360456,NO,33593
chr14,25409059,25456163,NO,47104
chr11,64869093,64885821,NO,16728
chr12,45617791,45639070,NO,21279
chr6,30844912,30854906,NO,9994
chr1,237334707,237384049,NO,49342
chr16,81710800,81732680,NO,21880
chr7,136552864,136573251,NO,20387
chr11,68881750,68892003,NO,10253
chr8,141697271,141735897,NO,38626
chr19,36389046,36395849,NO,6803
chr6,132269695,132276618,NO,6923
chr21,44526659,44530212,NO,3553
chr2,20549663,20552734,NO,3071
chrX,64807959,64829605,NO,21646
chr9,96927554,96930086,NO,2532
chr21,44859039,44868384,NO,9345
chr1,204250541,204266274,NO,15733
chr13,114516019,114525547,NO,9528
chr10,81316074,81321364,NO,5290
chr5,42949165,42952546,NO,3381
chr6,154829408,154838002,NO,8594
chr11,128198551,128213509,NO,14958
chr1,212390973,212430372,NO,39399
chr11,63296336,63307173,NO,10837
chr7,30879583,30889004,NO,9421
chr19,5685803,5693663,NO,7860
chr5,38463607,38470319,NO,6712
chr15,79042607,79055071,NO,12464
chr17,73583426,73587429,NO,4003
chr2,100808106,100815834,NO,7728
chr9,14011861,14032575,NO,20714
chr11,94276412,94279114,NO,2702
chr16,29605713,29623469,NO,17756
chr10,94448443,94452488,NO,4045
chr7,44348346,44374055,NO,25709
chr2,65526322,65547312,NO,20990
chr4,17578209,17582541,NO,4332
chr5,188994,217040,NO,28046
chr4,41420249,41441682,NO,21433
chr3,105540084,105555914,NO,15830
chr22,23619907,23633006,NO,13099
chr17,47268939,47271581,NO,2642
chr9,95714965,95739029,NO,24064
chr1,53573616,53613110,NO,39494
chr6,146864014,146866855,NO,2841
chr14,34402275,34420493,NO,18218
chr18,56657771,56673476,NO,15705
chr1,53647969,53664521,NO,16552
chr10,99167010,99188710,NO,21700
chr21,43343594,43354260,NO,10666
chr3,114328323,114346148,NO,17825
chr8,144697563,144701048,NO,3485
chr8,8745570,8752104,NO,6534
chr6,109265113,109273343,NO,8230
chr11,9709212,9742502,NO,33290
chr1,205594998,205602062,NO,7064
chr7,148761,151365,NO,2604
chr10,78189263,78215963,NO,26700
chr1,183838772,183853123,NO,14351
chr5,159686518,159699645,NO,13127
chr14,24614004,24617933,NO,3929
chr12,821993,836807,NO,14814
chr2,179723768,179740256,NO,16488
chr8,145057905,145061887,NO,3982
chr19,34751684,34766011,NO,14327
chr6,74276635,74296637,NO,20002
chr22,38020464,38031653,NO,11189
chr10,18749926,18776307,NO,26381
chr1,31218259,31232137,NO,13878
chr6,26024818,26028024,NO,3206
chr2,236401579,236431931,NO,30352
chr20,57265730,57269233,NO,3503
chr6,19834110,19852326,NO,18216
chr11,117679555,117696882,NO,17327
chr1,52829842,52834913,NO,5071
chr15,71570464,71596629,NO,26165
chr2,98774076,98781412,NO,7336
chr2,131127922,131131774,NO,3852
chr16,11172077,11202408,NO,30331
chr19,56115578,56118654,NO,3076
chr19,18759100,18772520,NO,13420
chr2,102842597,102868380,NO,25783
chr6,119661143,119672097,NO,10954
chr3,197280628,197283275,NO,2647
chr7,128046773,128050789,NO,4016
chr16,4662384,4666404,NO,4020
chr9,36485763,36489487,NO,3724
chr4,37971765,37993458,NO,21693
chr16,7380300,7395776,NO,15476
chr18,7366125,7373454,NO,7329
chr2,85803257,85807785,NO,4528
chr14,91863356,91885525,NO,22169
chr1,214485158,214511712,NO,26554
chr2,99410338,99423690,NO,13352
chr20,47420673,47449647,NO,28974
chr6,5995701,6009902,NO,14201
chr15,42873101,42900813,NO,27712
chr18,59398697,59416824,NO,18127
chr12,2721453,2751488,NO,30035
chr16,4725849,4733013,NO,7164
chr9,133320199,133334931,NO,14732
chr1,151482866,151493460,NO,10594
chr15,65030242,65048006,NO,17764
chr7,44083270,44086802,NO,3532
chr19,13134717,13139860,NO,5143
chr20,62603345,62613219,NO,9874
chr1,116290880,116309673,NO,18793
chr2,28555746,28590300,NO,34554
chr15,86020227,86048550,NO,28323
chr6,150488496,150508123,NO,19627
chr13,44867437,44885905,NO,18468
chr8,22420509,22425014,NO,4505
chr17,73086731,73090635,NO,3904
chr10,122721329,122740558,NO,19229
chr18,77265777,77268701,NO,2924
chr1,3228604,3245676,NO,17072
chr1,41324735,41343889,NO,19154
chr9,35603029,35606538,NO,3509
chr6,31587095,31590810,NO,3715
chr1,147207367,147254244,NO,46877
chr2,191884781,191886866,NO,2085
chr14,55114626,55121892,NO,7266
chr1,51777997,51797884,NO,19887
chr17,48111215,48117658,NO,6443
chr1,236046003,236110407,NO,64404
chr7,98693176,98726197,NO,33021
chr18,7605564,7627918,NO,22354
chr8,134067199,134094982,NO,27783
chr6,10720113,10725692,NO,5579
chr7,905054,914013,NO,8959
chr19,10664280,10679868,NO,15588
chr20,23593905,23618847,NO,24942
chr5,179218556,179224339,NO,5783
chr9,129091241,129111760,NO,20519
chr2,198049618,198081852,NO,32234
chr1,94018242,94054991,NO,36749
chr7,150100726,150104657,NO,3931
chr11,45938716,45942406,NO,3690
chr6,129810230,129822932,NO,12702
chr7,95174545,95180696,NO,6151
chr14,65170478,65189948,NO,19470
chr10,20104148,20118319,NO,14171
chr6,108994198,109021687,NO,27489
chr19,49399150,49412519,NO,13369
chr1,94072621,94105162,NO,32541
chr20,4017793,4046141,NO,28348
chr3,49725845,49729510,NO,3665
chr9,127540939,127563654,NO,22715
chr22,34290134,34319060,NO,28926
chr1,66730550,66745023,NO,14473
chr1,161087070,161091630,NO,4560
chr11,47235310,47242167,NO,6857
chr19,7597588,7610181,NO,12593
chr5,170845259,170878793,NO,33534
chr2,11003931,11015698,NO,11767
chr5,180049493,180076804,NO,27311
chr17,37617058,37619752,NO,2694
chr15,65064306,65069492,NO,5186
chr2,102409714,102460990,NO,51276
chr3,56944850,56964456,NO,19606
chr16,4098436,4115753,NO,17317
chr1,228334220,228340397,NO,6177
chr9,110494720,110531147,NO,36427
chr7,22241319,22262516,NO,21197
chr2,69979113,70027087,NO,47974
chr19,4695023,4717854,NO,22831
chr19,49858496,49867561,NO,9065
chr4,89518524,89538472,NO,19948
chr12,20589181,20619235,NO,30054
chr2,64994309,64996219,NO,1910
chr4,185454533,185459647,NO,5114
chr3,107241115,107244908,NO,3793
chr3,172390355,172427258,NO,36903
chr2,197094595,197141217,NO,46622
chr1,178062059,178067895,NO,5836
chr1,28827586,28837864,NO,10278
chr17,75317610,75322646,NO,5036
chr19,46851676,46860053,NO,8377
chr3,49303873,49317749,NO,13876
chr6,43019663,43022687,NO,3024
chr1,8875413,8883150,NO,7737
chr11,94656522,94672550,NO,16028
chr4,41205442,41219241,NO,13799
chr17,1477090,1481971,NO,4881
chr15,68206785,68221574,NO,14789
chr4,169632157,169665850,NO,33693
chr17,40462375,40482079,NO,19704
chr3,50604156,50608749,NO,4593
chr19,13146451,13152352,NO,5901
chr3,50337002,50339127,NO,2125
chr9,92754467,92770394,NO,15927
chr19,15946647,15948380,NO,1733
chr7,44294956,44300467,NO,5511
chr11,6656132,6672826,NO,16694
chr3,115376629,115386016,NO,9387
chr8,145488347,145499834,NO,11487
chr2,62519373,62537224,NO,17851
chr1,158968917,158985972,NO,17055
chr16,2057166,2060897,NO,3731
chr1,92244391,92271622,NO,27231
chr10,6288677,6322671,NO,33994
chr1,29210824,29226318,NO,15494
chr18,55435825,55461213,NO,25388
chr11,66033945,66037425,NO,3480
chr2,219268684,219272550,NO,3866
chr9,139578993,139584313,NO,5320
chr5,176557910,176562525,NO,4615
chr19,58912178,58921205,NO,9027
chr5,158521852,158528819,NO,6967
chr3,126700727,126722560,NO,21833
chr8,25099618,25111147,NO,11529
chr6,159124103,159137811,NO,13708
chr10,81369443,81374647,NO,5204
chr6,56404779,56420830,NO,16051
chr14,103991986,103996627,NO,4641
chr6,36874271,36896693,NO,22422
chr12,53296930,53302910,NO,5980
chr16,30816421,30826502,NO,10081
chr19,1243464,1247048,NO,3584
chr11,62194928,62213346,NO,18418
chr8,145319261,145330722,NO,11461
chr12,133064621,133084494,NO,19873
chr7,73283594,73310025,NO,26431
chr22,36592491,36610180,NO,17689
chr6,44024557,44043680,NO,19123
chr8,66654210,66679239,NO,25029
chr17,62151167,62198922,NO,47755
chr3,134165163,134203017,NO,37854
chr2,100006483,100022364,NO,15881
chr21,33891413,33898135,NO,6722
chr20,60808847,60822780,NO,13933
chr6,16128603,16134388,NO,5785
chr11,65636786,65641779,NO,4993
chr17,7216366,7219976,NO,3610
chr13,49065442,49081759,NO,16317
chr4,2536614,2539699,NO,3085
chr16,28610167,28624397,NO,14230
chr3,174154288,174160114,NO,5826
chr9,570006,594555,NO,24549
chr10,975807,1002382,NO,26575
chr3,128398648,128400654,NO,2006
chr7,1115565,1136820,NO,21255
chr1,161482707,161511141,NO,28434
chr7,98739149,98742639,NO,3490
chr19,18313670,18317198,NO,3528
chr1,8108090,8158362,NO,50272
chr1,230239595,230250606,NO,11011
chr4,57842330,57845880,NO,3550
chr3,194979222,194985223,NO,6001
chr6,12957337,12964364,NO,7027
chr10,13388078,13392650,NO,4572
chr2,73333735,73341147,NO,7412
chr12,50091768,50101493,NO,9725
chr9,71576213,71598477,NO,22264
chr19,56151105,56156247,NO,5142
chr16,30003671,30008541,NO,4870
chr19,39887662,39891092,NO,3430
chr9,13264845,13280327,NO,15482
chr9,132144503,132147697,NO,3194
chr7,36074806,36086303,NO,11497
chrX,153743235,153759872,NO,16637
chr7,155595603,155603709,NO,8106
chr22,46456834,46461522,NO,4688
chr19,14886825,14896799,NO,9974
chr5,177539942,177552759,NO,12817
chr20,48502746,48527515,NO,24769
chr4,169409956,169446290,NO,36334
chr3,37901013,37906077,NO,5064
chr17,28926616,28928825,NO,2209
chr19,24215922,24218075,NO,2153
chr16,89299985,89329147,NO,29162
chr2,121226890,121234209,NO,7319
chr11,7532406,7535952,NO,3546
chr19,50706264,50719612,NO,13348
chr12,81470840,81475073,NO,4233
chr9,139235116,139241286,NO,6170
chr8,27455330,27475351,NO,20021
chr21,18982976,18986061,NO,3085
chr13,45006616,45012086,NO,5470
chrX,12964437,12975389,NO,10952
chr22,41683805,41705123,NO,21318
chr9,114811188,114837676,NO,26488
chr21,34657815,34674900,NO,17085
chr11,62378532,62382584,NO,4052
chr20,33891759,33915346,NO,23587
chr3,16091617,16111535,NO,19918
chr18,11946491,11955704,NO,9213
chr2,11883665,11895234,NO,11569
chr15,82336395,82340387,NO,3992
chr3,51713579,51722196,NO,8617
chr1,147009956,147016010,NO,6054
chr17,27892797,27897044,NO,4247
chr11,128760076,128779853,NO,19777
chr5,955932,965447,NO,9515
chr5,39419905,39425837,NO,5932
chr22,26922877,26948884,NO,26007
chr19,44171474,44179562,NO,8088
chrX,46432622,46449505,NO,16883
chrX,152739310,152762399,NO,23089
chr11,7592957,7600476,NO,7519
chr11,76154054,76157367,NO,3313
chr10,35733921,35744008,NO,10087
chr20,44461162,44464965,NO,3803
chr14,93186028,93203679,NO,17651
chr10,89987031,90017656,NO,30625
chr6,706682,714381,NO,7699
chrX,20270537,20286964,NO,16427
chr22,43186631,43216406,NO,29775
chr11,11632656,11645424,NO,12768
chr10,116508347,116540637,NO,32290
chr19,14544199,14547017,NO,2818
chr7,2427615,2452459,NO,24844
chr2,172378272,172381279,NO,3007
chr19,9895445,9904478,NO,9033
chr7,33030823,33040447,NO,9624
chr5,172139963,172145398,NO,5435
chr2,109189926,109212389,NO,22463
chr6,76190659,76205673,NO,15014
chr16,84316837,84338058,NO,21221
chr20,61146093,61153960,NO,7867
chr6,32631816,32637698,NO,5882
chr1,109636754,109647432,NO,10678
chr12,131464038,131495662,NO,31624
chr18,10029904,10061096,NO,31192
chr5,171528947,171561321,NO,32374
chr1,144533092,144540663,NO,7571
chr15,42303909,42358156,NO,54247
chr22,39178010,39186119,NO,8109
chr1,9488303,9503447,NO,15144
chr3,8544092,8549188,NO,5096
chr12,64474078,64484725,NO,10647
chr7,30834706,30857742,NO,23036
chr17,73291043,73323065,NO,32022
chr19,45298865,45325174,NO,26309
chr1,8566857,8588223,NO,21366
chr1,45096688,45099812,NO,3124
chr9,128235159,128249715,NO,14556
chr1,26826546,26828931,NO,2385
chr10,4680160,4706950,NO,26790
chr10,5326004,5341813,NO,15809
chr13,34115253,34118223,NO,2970
chr16,14087785,14110073,NO,22288
chr14,105782918,105805689,NO,22771
chr5,172158118,172161539,NO,3421
chr17,40434852,40442374,NO,7522
chr15,71620183,71631813,NO,11630
chr2,97149476,97169303,NO,19827
chr21,44845558,44849546,NO,3988
chr20,19782636,19817061,NO,34425
chr1,109718604,109741352,NO,22748
chr17,6451232,6479371,NO,28139
chr10,112134776,112187410,NO,52634
chr5,14250143,14270557,NO,20414
chr2,237475818,237487473,NO,11655
chr1,180125249,180145645,NO,20396
chr15,92592323,92619174,NO,26851
chr8,145529904,145548535,NO,18631
chr10,3107984,3116011,NO,8027
chr1,183773465,183791360,NO,17895
chr1,54868019,54879927,NO,11908
chr1,228394124,228402503,NO,8379
chr14,95980106,95987154,NO,7048
chr13,27535853,27558901,NO,23048
chr15,39870970,39875398,NO,4428
chr15,75197118,75200272,NO,3154
chr15,75155574,75163942,NO,8368
chrX,119683277,119696934,NO,13657
chr3,63945704,63968167,NO,22463
chr6,170451110,170468926,NO,17816
chr10,131743476,131758887,NO,15411
chr5,780074,786211,NO,6137
chr9,20683156,20685359,NO,2203
chr4,680293,694052,NO,13759
chr22,41047268,41066235,NO,18967
chr9,112950000,112971101,NO,21101
chr8,118990865,119047194,NO,56329
chr14,89768089,89772152,NO,4063
chr4,1193300,1197680,NO,4380
chr11,130506350,130525304,NO,18954
chr10,103719927,103746844,NO,26917
chr13,50189565,50228184,NO,38619
chr2,48332885,48341103,NO,8218
chr3,42205424,42237759,NO,32335
chr1,184451115,184473890,NO,22775
chr2,64870024,64877371,NO,7347
chr18,9707137,9713388,NO,6251
chr2,69054621,69064750,NO,10129
chr9,14198162,14223444,NO,25282
chr2,64629863,64633886,NO,4023
chr15,93567972,93574248,NO,6276
chr15,86292422,86330170,NO,37748
chr11,68767446,68783150,NO,15704
chr16,25117545,25123768,NO,6223
chr5,148864289,148869599,NO,5310
chr11,65768831,65772135,NO,3304
chr12,10515570,10519525,NO,3955
chr17,44655988,44658123,NO,2135
chr13,24120992,24136378,NO,15386
chr5,126111891,126114876,NO,2985
chr4,41121881,41157214,NO,35333
chr12,56518966,56525097,NO,6131
chr9,109678338,109692639,NO,14301
chr5,173368711,173401115,NO,32404
chr2,207938317,207962448,NO,24131
chr22,19584060,19610816,NO,26756
chr19,42745837,42749709,NO,3872
chr7,27147145,27151492,NO,4347
chr12,111798986,111807373,NO,8387
chr22,46741427,46751081,NO,9654
chr9,110399015,110402020,NO,3005
chr5,16127516,16156144,NO,28628
chr2,64070846,64103774,NO,32928
chr16,85385622,85410541,NO,24919
chr7,55754898,55764133,NO,9235
chr13,95200566,95202895,NO,2329
chr20,35224132,35236778,NO,12646
chr10,45913134,45917827,NO,4693
chr22,38198187,38203198,NO,5011
chr22,24680654,24701462,NO,20808
chr10,1015560,1032740,NO,17180
chr9,124408789,124426272,NO,17483
chr20,387671,390865,NO,3194
chr15,63484231,63540201,NO,55970
chr6,53223021,53226416,NO,3395
chr17,36101740,36106630,NO,4890
chr12,110462182,110487123,NO,24941
chr8,128888708,128939956,NO,51248
chr22,46507465,46513531,NO,6066
chr2,46343110,46370082,NO,26972
chr22,46391109,46395933,NO,4824
chr12,123458431,123461809,NO,3378
chrX,114794411,114797420,NO,3009
chr3,49937124,49944458,NO,7334
chr17,77804895,77814289,NO,9394
chr4,79472375,79491070,NO,18695
chr17,17396610,17411207,NO,14597
chr7,66055936,66058285,NO,2349
chr19,35528691,35534116,NO,5425
chr8,11424601,11447961,NO,23360
chr3,14411500,14420597,NO,9097
chr7,55244683,55262715,NO,18032
chr19,7681883,7686799,NO,4916
chr1,16968693,16993905,NO,25212
chr19,3602943,3611988,NO,9045
chr12,123726935,123757195,NO,30260
chr9,131445635,131449306,NO,3671
chr4,924057,927145,NO,3088
chr13,42613483,42616522,NO,3039
chr16,11390440,11407391,NO,16951
chr16,4232646,4234821,NO,2175
chr15,92551781,92573558,NO,21777
chrX,2402045,2419713,NO,17668
chr16,30132616,30135322,NO,2706
chr2,60757234,60780712,NO,23478
chr9,97387083,97418592,NO,31509
chr1,70686663,70688010,NO,1347
chr5,40676600,40682976,NO,6376
chr7,112615135,112636255,NO,21120
chr7,65957438,65959564,NO,2126
chr16,57498697,57520383,NO,21686
chr10,115704209,115721543,NO,17334
chr8,145201584,145205012,NO,3428
chr10,35929795,35933183,NO,3388
chr7,42927293,42929057,NO,1764
chr17,29814317,29838083,NO,23766
chr12,2075944,2105180,NO,29236
chr20,48323158,48341899,NO,18741
chr11,63683321,63688984,NO,5663
chr1,32527806,32541659,NO,13853
chr4,147145564,147166957,NO,21393
chr19,40314287,40325662,NO,11375
chrX,68113197,68116321,NO,3124
chr11,64947918,64951945,NO,4027
chr1,180493676,180512309,NO,18633
chr17,47642959,47654933,NO,11974
chr15,102285366,102287481,NO,2115
chr19,36192806,36210708,NO,17902
chr4,124746680,124756135,NO,9455
chr14,23789144,23792417,NO,3273
chr6,34623815,34640343,NO,16528
chr2,74666234,74669928,NO,3694
chr19,13140154,13146401,NO,6247
chr2,169374920,169386950,NO,12030
chr6,1382124,1397039,NO,14915
chr5,90575150,90577635,NO,2485
chr17,27942075,27952775,NO,10700
chr3,69787297,69800762,NO,13465
chr11,65306759,65309867,NO,3108
chr19,7981920,7994830,NO,12910
chr3,5163628,5166041,NO,2413
chr3,168861335,168870592,NO,9257
chr17,81006068,81012877,NO,6809
chr1,184355182,184360859,NO,5677
chr9,137532535,137555425,NO,22890
chr20,326587,329667,NO,3080
chr10,72082975,72124506,NO,41531
chr10,77031752,77057334,NO,25582
chr11,130734185,130753056,NO,18871
chr6,46011260,46030777,NO,19517
chr2,120183441,120212168,NO,28727
chr14,59720250,59743494,NO,23244
chr2,238187410,238210174,NO,22764
chr12,123847953,123850801,NO,2848
chr19,10442905,10464886,NO,21981
chr19,8404971,8408559,NO,3588
chr8,22550803,22574021,NO,23218
chr2,70321063,70323495,NO,2432
chr3,73595986,73622619,NO,26633
chr9,74381581,74385002,NO,3421
chr6,3340842,3364423,NO,23581
chr2,36656473,36688744,NO,32271
chr2,97571898,97583019,NO,11121
chr1,203475750,203483189,NO,7439
chr10,121354517,121357271,NO,2754
chr9,97850687,97856838,NO,6151
chr4,57772745,57776060,NO,3315
chr22,24638439,24644056,NO,5617
chr6,109774358,109787818,NO,13460
chr17,43656093,43664078,NO,7985
chr8,141473691,141490975,NO,17284
chr8,142067380,142107024,NO,39644
chr19,4799904,4829727,NO,29823
chr16,68278240,68282340,NO,4100
chr22,28058149,28067963,NO,9814
chr1,28284942,28288958,NO,4016
chr11,34645375,34677011,NO,31636
chrX,63423494,63427708,NO,4214
chr15,41055249,41063081,NO,7832
chr11,45229241,45237681,NO,8440
chr11,113741663,113747212,NO,5549
chr19,17514259,17524575,NO,10316
chr22,46431728,46433579,NO,1851
chr16,4048824,4072100,NO,23276
chr7,128093588,128096731,NO,3143
chr3,27524429,27528335,NO,3906
chr1,29562785,29566916,NO,4131
chr11,114109509,114132120,NO,22611
chr11,112813282,112834792,NO,21510
chr16,30958967,30963205,NO,4238
chr1,42189463,42218440,NO,28977
chr10,101722799,101767519,NO,44720
chr2,208337259,208370336,NO,33077
chr3,128326285,128351057,NO,24772
chr6,89732982,89747362,NO,14380
chr11,44004013,44015602,NO,11589
chr20,17573191,17597096,NO,23905
chr1,218518073,218525366,NO,7293
chr21,37691837,37694595,NO,2758
chr16,29815209,29817555,NO,2346
chr9,130523296,130527124,NO,3828
chr3,171461465,171495516,NO,34051
chr1,27728040,27735117,NO,7077
chr22,39825736,39829293,NO,3557
chr2,192161846,192210462,NO,48616
chr16,685715,688576,NO,2861
chr8,49425806,49428905,NO,3099
chr6,33243452,33247928,NO,4476
chr1,110325536,110347141,NO,21605
chr10,111827483,111842067,NO,14584
chr5,10577365,10608776,NO,31411
chr17,44337130,44345315,NO,8185
chr20,3790266,3793371,NO,3105
chr1,227001711,227016189,NO,14478
chr15,91191371,91209492,NO,18121
chr17,4123456,4152257,NO,28801
chr7,158653475,158659327,NO,5852
chr12,9260940,9288401,NO,27461
chr4,55080299,55100718,NO,20419
chr7,100484203,100489001,NO,4798
chr1,206668328,206688037,NO,19709
chr7,4652155,4682639,NO,30484
chr12,94654278,94662063,NO,7785
chrX,73510390,73513649,NO,3259
chr15,44168817,44187925,NO,19108
chr7,65607873,65618440,NO,10567
chr17,45299971,45318684,NO,18713
chr2,97302096,97304716,NO,2620
chr21,30110570,30144488,NO,33918
chr6,2873194,2878199,NO,5005
chr6,134272237,134275094,NO,2857
chr8,81778943,81787468,NO,8525
chr16,57404970,57415674,NO,10704
chr19,5717907,5721133,NO,3226
chrX,149103746,149109972,NO,6226
chr15,64979608,64993367,NO,13759
chr22,50975575,50978805,NO,3230
chr6,159289954,159291867,NO,1913
chrX,117852365,117864949,NO,12584
chr9,34242695,34256922,NO,14227
chr2,129119799,129139154,NO,19355
chr1,151913418,151919812,NO,6394
chr9,107617859,107642894,NO,25035
chr5,172740936,172756780,NO,15844
chr16,16070100,16092810,NO,22710
chr5,394630,408470,NO,13840
chr17,19627307,19633503,NO,6196
chr17,40117415,40126204,NO,8789
chr3,38675530,38691716,NO,16186
chr13,109894608,109934794,NO,40186
chr10,6091326,6129220,NO,37894
chr14,90978741,91013308,NO,34567
chr1,237255977,237275595,NO,19618
chr1,112901141,112904258,NO,3117
chr12,56913590,56922090,NO,8500
chr9,72657532,72696523,NO,38991
chr3,120273396,120279193,NO,5797
chr14,34824662,34849267,NO,24605
chr22,37696295,37706656,NO,10361
chrX,70585016,70588212,NO,3196
chr12,56035138,56053969,NO,18831
chr5,140936885,140944542,NO,7657
chrX,56790156,56810415,NO,20259
chr3,71472091,71496905,NO,24814
chrX,68148369,68158846,NO,10477
chr11,76782413,76794707,NO,12294
chr5,132103005,132114142,NO,11137
chr11,2708231,2723250,NO,15019
chr22,45620930,45643279,NO,22349
chr1,95319597,95350533,NO,30936
chr13,27835956,27850603,NO,14647
chr1,43734521,43741402,NO,6881
chr2,85816945,85819495,NO,2550
chr11,10951910,10956120,NO,4210
chr9,100904358,100913023,NO,8665
chr6,151361446,151393005,NO,31559
chr7,150412029,150420262,NO,8233
chr12,51417428,51420805,NO,3377
chr16,84107877,84143808,NO,35931
chr7,76588880,76595982,NO,7102
chr17,16188803,16191462,NO,2659
chr11,12910043,12923325,NO,13282
chr12,1902520,1923224,NO,20704
chr7,26436809,26440122,NO,3313
chr11,62264437,62280214,NO,15777
chr1,165853343,165885479,NO,32136
chr8,8914591,8954235,NO,39644
chr1,92021219,92051562,NO,30343
chr18,33037862,33070581,NO,32719
chr11,133902351,133921154,NO,18803
chr4,170146035,170190541,NO,44506
chr17,1973170,1976469,NO,3299
chr8,141598565,141609484,NO,10919
chr2,30911419,30918271,NO,6852
chr2,39349824,39352647,NO,2823
chr21,43681181,43690282,NO,9101
chr4,140682290,140686546,NO,4256
chr13,98627474,98630031,NO,2557
chr15,91444932,91447599,NO,2667
chr5,148439643,148445265,NO,5622
chr11,67372110,67382500,NO,10390
chr6,31801683,31805524,NO,3841
chr11,794535,798552,NO,4017
chr12,56957908,56965908,NO,8000
chr12,104849994,104859287,NO,9293
chr1,46377568,46395464,NO,17896
chr22,36230302,36246769,NO,16467
chr6,152689861,152703198,NO,13337
chr9,71114373,71130926,NO,16553
chr9,20619644,20623614,NO,3970
chr14,68698802,68717890,NO,19088
chr22,45712098,45733979,NO,21881
chr2,202073782,202119941,NO,46159
chr1,67007934,67030332,NO,22398
chr22,19970288,19990139,NO,19851
chr3,156323318,156362126,NO,38808
chr8,102503573,102514994,NO,11421
chr3,29320574,29327531,NO,6957
chr1,8002065,8015025,NO,12960
chr1,145381990,145398109,NO,16119
chr1,182112438,182119655,NO,7217
chr1,33921038,33940872,NO,19834
chr5,149037792,149074483,NO,36691
chr3,12837456,12853048,NO,15592
chr15,42443773,42452528,NO,8755
chr8,22441990,22449219,NO,7229
chr8,61591298,61593478,NO,2180
chr6,15420765,15454557,NO,33792
chr4,77576688,77631655,NO,54967
chr15,31554901,31560706,NO,5805
chr11,72483728,72501791,NO,18063
chr4,154143044,154145669,NO,2625
chr5,177663121,177669418,NO,6297
chr17,1529341,1533796,NO,4455
chr1,17758555,17768807,NO,10252
chr12,56240652,56243770,NO,3118
chr3,64195177,64208648,NO,13471
chr1,27753402,27758659,NO,5257
chr17,1943799,1947381,NO,3582
chr7,143597092,143603080,NO,5988
chr11,133989214,133996406,NO,7192
chr15,69580406,69598688,NO,18282
chr1,214186600,214205116,NO,18516
chr22,37617876,37641621,NO,23745
chr19,57872440,57875829,NO,3389
chr6,157143473,157170316,NO,26843
chr18,3622290,3625635,NO,3345
chr1,15478455,15486192,NO,7737
chr12,123955685,123976264,NO,20579
chr9,139741901,139754532,NO,12631
chr3,48633114,48639457,NO,6343
chr3,12964205,12981024,NO,16819
chr2,241517421,241520865,NO,3444
chr1,2138180,2142695,NO,4515
chr13,45964910,45989588,NO,24678
chr5,158931195,158946297,NO,15102
chr5,142381085,142404195,NO,23110
chr19,12831307,12835208,NO,3901
chr5,41404938,41419468,NO,14530
chr10,70844853,70851121,NO,6268
chr13,51804446,51846230,NO,41784
chr19,59054517,59058280,NO,3763
chrX,114816826,114851835,NO,35009
chr2,169488885,169501444,NO,12559
chr3,99758759,99796334,NO,37575
chr1,2185872,2189120,NO,3248
chr3,105507219,105521628,NO,14409
chr1,78294804,78301167,NO,6363
chr1,25941868,25969888,NO,28020
chr11,67206038,67212187,NO,6149
chr16,15674836,15702129,NO,27293
chr4,1542101,1551595,NO,9494
chr5,14862835,14873327,NO,10492
chr5,175839207,175844247,NO,5040
chr11,325550,327904,NO,2354
chr18,25751540,25758804,NO,7264
chr1,27069514,27081448,NO,11934
chr15,78555686,78559543,NO,3857
chrX,15315827,15330050,NO,14223
chr16,1346690,1362889,NO,16199
chr2,110743343,110746199,NO,2856
chr7,35075129,35088555,NO,13426
chr19,17664014,17671769,NO,7755
chr6,72097930,72122716,NO,24786
chr17,40713317,40716785,NO,3468
chr1,12396315,12406408,NO,10093
chr1,150238590,150242411,NO,3821
chr6,3795783,3809696,NO,13913
chr1,150253030,150256321,NO,3291
chr11,67797345,67802247,NO,4902
chr19,34849199,34862568,NO,13369
chr14,56584225,56587634,NO,3409
chr2,232046326,232057853,NO,11527
chr9,127623130,127626637,NO,3507
chr19,34796161,34823618,NO,27457
chr17,60702567,60710649,NO,8082
chr3,167741075,167752868,NO,11793
chr19,2663578,2696121,NO,32543
chr8,145515235,145517291,NO,2056
chr11,125114137,125134999,NO,20862
chr6,29719518,29721393,NO,1875
chr2,109250231,109257355,NO,7124
chr10,31071669,31075576,NO,3907
chr12,11854099,11885851,NO,31752
chr5,125839130,125862040,NO,22910
chr12,51315945,51329591,NO,13646
chr1,15735857,15744521,NO,8664
chr19,49255143,49300027,NO,44884
chr1,52102265,52133048,NO,30783
chr17,44449524,44451469,NO,1945
chr7,50774932,50807927,NO,32995
chr16,21518102,21530199,NO,12097
chr2,190538249,190540159,NO,1910
chr11,2798997,2803564,NO,4567
chr13,24624498,24651168,NO,26670
chr1,247493990,247497233,NO,3243
chr12,53487512,53493453,NO,5941
chr1,230341185,230368690,NO,27505
chr5,142421197,142446745,NO,25548
chr10,43950100,43952227,NO,2127
chr6,41525551,41546437,NO,20886
chr11,46934053,46943119,NO,9066
chr19,45593996,45603817,NO,9821
chr1,21010123,21023995,NO,13872
chr2,173291573,173304096,NO,12523
chr20,49257966,49280406,NO,22440
chr8,8646014,8668828,NO,22814
chr2,69532660,69538272,NO,5612
chr5,114749636,114762769,NO,13133
chr14,24628787,24633012,NO,4225
chr15,35982299,35999024,NO,16725
chr9,139218394,139224324,NO,5930
chr7,31913784,31931068,NO,17284
chr15,71528114,71547570,NO,19456
chr1,16698129,16724475,NO,26346
chr5,137160787,137175427,NO,14640
chr3,195269247,195273379,NO,4132
chr7,75071035,75072780,NO,1745
chr4,123072834,123074407,NO,1573
chr3,46599174,46608642,NO,9468
chr9,82185742,82197122,NO,11380
chr3,45154292,45181541,NO,27249
chr6,36087863,36100603,NO,12740
chr11,73090149,73100015,NO,9866
chr6,52281426,52289090,NO,7664
chr2,70358670,70361861,NO,3191
chr5,176943049,176946074,NO,3025
chr22,38665591,38670114,NO,4523
chr16,84208904,84219453,NO,10549
chr7,123172251,123173330,NO,1079
chr9,115608810,115630978,NO,22168
chr10,6204542,6215550,NO,11008
chr14,89017287,89023349,NO,6062
chr1,144593169,144594926,NO,1757
chr4,1185060,1189171,NO,4111
chr3,97540043,97542836,NO,2793
chr14,35754751,35763865,NO,9114
chr16,29125752,29144465,NO,18713
chr3,149245374,149272365,NO,26991
chr8,10485862,10495851,NO,9989
chr22,19157867,19163037,NO,5170
chr15,58622249,58626016,NO,3767
chr5,102090042,102108007,NO,17965
chr17,35847906,35851805,NO,3899
chr1,32965446,32969233,NO,3787
chr1,148555475,148557253,NO,1778
chrX,153275858,153287177,NO,11319
chr3,16327591,16380140,NO,52549
chr6,33544365,33548672,NO,4307
chr15,64230348,64239913,NO,9565
chr5,90606704,90610485,NO,3781
chr1,30994621,31001328,NO,6707
chr8,97280804,97306112,NO,25308
chrX,134476613,134479675,NO,3062
chr6,116571689,116575991,NO,4302
chr4,108912855,108922165,NO,9310
chr1,16531776,16553885,NO,22109
chr16,75549855,75551588,NO,1733
chr22,35767505,35781140,NO,13635
chr15,99319603,99345468,NO,25865
chr8,125854469,125861720,NO,7251
chr12,110545588,110550330,NO,4742
chr4,141903082,141926807,NO,23725
chr10,133809746,133815199,NO,5453
chr20,34652017,34653974,NO,1957
chrX,9800043,9835754,NO,35711
chr19,40938246,40940653,NO,2407
chr7,22472516,22486317,NO,13801
chr19,46219458,46224679,NO,5221
chr19,41856349,41862318,NO,5969
chr1,23770531,23807875,NO,37344
chr18,60381575,60385203,NO,3628
chr10,114119241,114129999,NO,10758
chr17,42198782,42201985,NO,3203
chr9,89560007,89564216,NO,4209
chr8,145149089,145153709,NO,4620
chr22,25081698,25096641,NO,14943
chr15,39745418,39783969,NO,38551
chr18,43986511,44000011,NO,13500
chr6,170250759,170263331,NO,12572
chr4,108774214,108785923,NO,11709
chr13,72438107,72441988,NO,3881
chr19,42702742,42712862,NO,10120
chr19,13971439,13973473,NO,2034
chr2,8674033,8687090,NO,13057
chr14,104006291,104010900,NO,4609
chr6,39780197,39792371,NO,12174
chr8,61816266,61824961,NO,8695
chr13,40751841,40781174,NO,29333
chr16,1979129,2001618,NO,22489
chr16,88876316,88879309,NO,2993
chr6,10583117,10611096,NO,27979
chr17,48551637,48561175,NO,9538
chr16,71517656,71519159,NO,1503
chr17,7162053,7167228,NO,5175
chr5,137069383,137074484,NO,5101
chr12,122458787,122468907,NO,10120
chr14,81635592,81637408,NO,1816
chr20,62127641,62134008,NO,6367
chr16,30932322,30934829,NO,2507
chr22,38844143,38852188,NO,8045
chr1,48935614,48938697,NO,3083
chr14,91261527,91274251,NO,12724
chr7,90223881,90227020,NO,3139
chr19,3034341,3037136,NO,2795
chr20,43270593,43275800,NO,5207
chr7,30065676,30069172,NO,3496
chr2,46218934,46243500,NO,24566
chr16,4815310,4819611,NO,4301
chr10,21454220,21464530,NO,10310
chr14,95648537,95658549,NO,10012
chr19,56055858,56076342,NO,20484
chr9,130622322,130625813,NO,3491
chr5,146782987,146808331,NO,25344
chr21,34569073,34588896,NO,19823
chr9,2559068,2571875,NO,12807
chr19,13115800,13121983,NO,6183
chr2,242478560,242503936,NO,25376
chr12,32973410,32996804,NO,23394
chr5,172225547,172229131,NO,3584
chr13,97761772,97795096,NO,33324
chr5,133571524,133592007,NO,20483
chr16,55510422,55537884,NO,27462
chr9,71993545,72013298,NO,19753
chr1,167190103,167192171,NO,2068
chr17,4691891,4694465,NO,2574
chr13,49877479,49889034,NO,11555
chr9,127414135,127423210,NO,9075
chr19,54703845,54707928,NO,4083
chr16,67894191,67898368,NO,4177
chr19,45186422,45199429,NO,13007
chr9,129718522,129749120,NO,30598
chr3,14272748,14277878,NO,5130
chr7,45016928,45021654,NO,4726
chr8,94942765,94956764,NO,13999
chr14,71786199,71788811,NO,2612
chr10,31092077,31110743,NO,18666
chr10,134821818,134827758,NO,5940
chr4,52708224,52711531,NO,3307
chr6,6654183,6663468,NO,9285
chr6,31525178,31529329,NO,4151
chr9,95360318,95382731,NO,22413
chr5,66562933,66566469,NO,3536
chr6,16318362,16323751,NO,5389
chr20,5037251,5071337,NO,34086
chr11,57332952,57337519,NO,4567
chrX,153647486,153660548,NO,13062
chr9,136324219,136327932,NO,3713
chr8,94910181,94926358,NO,16177
chr17,7183490,7199986,NO,16496
chr19,11642863,11651776,NO,8913
chr16,1819471,1824398,NO,4927
chr6,37207301,37213672,NO,6371
chr1,164531708,164572669,NO,40961
chr7,76228927,76243596,NO,14669
chr2,111877700,111881164,NO,3464
chr17,7451515,7455315,NO,3800
chr1,64503297,64510233,NO,6936
chr17,27043580,27048235,NO,4655
chr6,43056274,43066240,NO,9966
chr5,58419782,58424981,NO,5199
chr5,79022159,79040843,NO,18684
chr17,56428922,56431580,NO,2658
chr8,134401739,134420349,NO,18610
chr19,39852521,39864457,NO,11936
chr3,11224634,11249828,NO,25194
chr1,237051804,237060559,NO,8755
chr21,30374597,30375900,NO,1303
chr4,3462542,3469056,NO,6514
chr3,40493756,40495529,NO,1773
chr3,15297159,15314898,NO,17739
chr17,26970839,26974230,NO,3391
chr1,149215124,149225127,NO,10003
chr17,40900794,40915911,NO,15117
chr8,22457058,22460412,NO,3354
chr8,142030957,142049642,NO,18685
chr22,50181956,50195897,NO,13941
chr3,110788857,110791961,NO,3104
chr19,2149439,2152629,NO,3190
chr11,67183118,67189348,NO,6230
chr1,8175440,8198690,NO,23250
chr15,71477507,71495814,NO,18307
chr6,133133671,133136521,NO,2850
chr3,8484674,8502469,NO,17795
chr2,6996199,7006932,NO,10733
chr5,111068819,111086167,NO,17348
chr5,167772918,167793786,NO,20868
chr18,77213096,77226170,NO,13074
chr21,42790410,42796336,NO,5926
chr3,43203836,43237446,NO,33610
chr4,154386472,154389561,NO,3089
chr17,43410170,43424384,NO,14214
chr9,91634883,91654258,NO,19375
chr1,64385863,64395510,NO,9647
chr8,220378,229703,NO,9325
chr11,74406814,74409158,NO,2344
chr7,42275311,42279172,NO,3861
chr2,65599105,65624835,NO,25730
chrX,53008161,53025756,NO,17595
chr11,62556194,62560528,NO,4334
chr7,27140141,27144952,NO,4811
chr21,42732113,42741926,NO,9813
chr22,40881253,40908166,NO,26913
chr11,47926848,47946345,NO,19497
chr22,46770523,46776623,NO,6100
chr10,30475021,30478705,NO,3684
chr1,2157787,2159392,NO,1605
chr12,8111794,8125242,NO,13448
chr19,1204996,1208427,NO,3431
chr3,37567199,37598571,NO,31372
chr19,42460774,42464245,NO,3471
chr1,154528632,154532581,NO,3949
chr5,170171903,170185722,NO,13819
chr7,683889,714909,NO,31020
chr3,111452762,111459372,NO,6610
chr13,107332394,107367501,NO,35107
chr15,58538147,58554169,NO,16022
chr7,131303608,131315578,NO,11970
chr6,138423115,138429497,NO,6382
chr19,8942063,8944080,NO,2017
chr10,125850767,125866589,NO,15822
chr5,88121313,88137255,NO,15942
chr2,96095412,96102284,NO,6872
chr2,134917949,134939125,NO,21176
chr17,65235125,65257087,NO,21962
chr3,183723693,183736608,NO,12915
chr19,47759012,47762044,NO,3032
chr12,98884741,98898357,NO,13616
chr17,21064752,21090424,NO,25672
chr4,75858043,75874045,NO,16002
chr1,41174360,41181517,NO,7157
chr10,94350540,94353390,NO,2850
chr5,138749407,138759922,NO,10515
chr8,146052760,146055894,NO,3134
chr9,71144775,71175913,NO,31138
chr13,99216457,99225083,NO,8626
chr19,37708359,37710328,NO,1969
chr1,31295828,31297940,NO,2112
chr4,169971163,170001863,NO,30700
chr10,8096606,8106235,NO,9629
chr11,94464071,94485776,NO,21705
chr5,172009716,172014579,NO,4863
chr20,809573,828206,NO,18633
chr10,92718940,92730568,NO,11628
chr8,125573685,125587272,NO,13587
chr5,9542870,9548340,NO,5470
chr4,186203271,186226560,NO,23289
chr3,45051835,45055260,NO,3425
chr6,76138934,76160058,NO,21124
chr2,9447049,9471411,NO,24362
chr11,102176386,102191839,NO,15453
chr11,61678923,61692261,NO,13338
chr9,91789290,91795980,NO,6690
chr1,171613970,171625602,NO,11632
chr9,74919026,74931282,NO,12256
chr12,22091822,22095758,NO,3936
chr20,33110484,33118063,NO,7579
chr11,118305163,118309795,NO,4632
chr9,112232040,112241276,NO,9236
chr3,37056799,37073805,NO,17006
chr5,172877693,172885019,NO,7326
chr2,114111860,114124156,NO,12296
chr11,85851514,85886434,NO,34920
chr19,2949087,2954211,NO,5124
chr3,41011921,41018181,NO,6260
chr4,154571888,154582646,NO,10758
chr1,36737968,36766914,NO,28946
chr4,186936140,186953137,NO,16997
chr17,61742676,61759523,NO,16847
chr22,43138835,43151202,NO,12367
chr8,13006994,13026533,NO,19539
chr2,28883560,28906992,NO,23432
chr5,16537641,16549156,NO,11515
chr15,62724710,62765604,NO,40894
chr5,754618,762862,NO,8244
chr11,826634,830918,NO,4284
chr2,96305948,96312811,NO,6863
chr4,142052109,142056117,NO,4008
chr14,24604419,24608000,NO,3581
chr3,138633518,138635320,NO,1802
chrX,1600181,1621729,NO,21548
chr21,40326224,40338637,NO,12413
chr1,8711681,8731336,NO,19655
chr15,101978568,102000839,NO,22271
chr4,129207569,129210478,NO,2909
chr20,17614414,17643739,NO,29325
chr2,85831506,85836949,NO,5443
chr14,22950967,22966911,NO,15944
chr5,172323199,172326454,NO,3255
chr3,111621404,111643728,NO,22324
chr20,48643582,48665401,NO,21819
chr6,168431986,168447505,NO,15519
chr1,2241424,2246558,NO,5134
chr4,186123080,186126109,NO,3029
chr10,104039695,104060797,NO,21102
chr1,68679198,68698903,NO,19705
chr17,79993328,79996239,NO,2911
chr12,50633823,50670146,NO,36323
chr17,16438594,16440826,NO,2232
chr8,145986144,145996592,NO,10448
chr7,105856113,105860326,NO,4213
chr2,74755662,74759052,NO,3390
chr5,64330483,64334438,NO,3955
chr14,32885956,32904070,NO,18114
chr12,12577782,12603463,NO,25681
chr4,30718721,30725044,NO,6323
chr15,41135232,41140402,NO,5170
chr1,160085108,160103462,NO,18354
chr17,41790724,41798604,NO,7880
chr15,83775655,83783306,NO,7651
chr3,121313592,121321329,NO,7737
chr21,42872626,42880964,NO,8338
chr15,99708202,99722233,NO,14031
chr17,19013300,19014994,NO,1694
chr1,23748234,23752153,NO,3919
chr7,102055884,102072918,NO,17034
chr3,5052338,5079885,NO,27547
chrX,7026814,7062810,NO,35996
chr2,61921241,61941644,NO,20403
chr13,48683475,48702123,NO,18648
chr3,142888979,142898085,NO,9106
chr10,73438204,73456031,NO,17827
chr12,7044227,7048840,NO,4613
chr7,150371975,150386201,NO,14226
chr13,50654133,50657524,NO,3391
chr18,25689943,25708925,NO,18982
chr11,73728471,73734733,NO,6262
chr5,142507853,142536668,NO,28815
chrX,68047752,68052959,NO,5207
chr19,1064669,1070025,NO,5356
chr11,77869703,77882397,NO,12694
chr19,927223,941797,NO,14574
chr14,73166637,73184155,NO,17518
chr5,16490583,16507060,NO,16477
chr2,158681602,158710680,NO,29078
chr20,30424679,30434343,NO,9664
chr6,28103917,28106146,NO,2229
chr3,123953196,123970153,NO,16957
chr17,48171571,48175316,NO,3745
chr17,66049082,66086846,NO,37764
chr1,17088399,17108783,NO,20384
chr14,91077247,91113133,NO,35886
chr1,171079517,171112720,NO,33203
chr7,28447372,28451115,NO,3743
chr12,56511516,56514603,NO,3087
chr1,144884879,144894170,NO,9291
chr5,32016463,32043751,NO,27288
chr19,19171747,19180534,NO,8787
chr3,73159614,73160336,NO,722
chr11,3167366,3184520,NO,17154
chr1,145541171,145544127,NO,2956
chr14,54419191,54423965,NO,4774
chr2,135016132,135039031,NO,22899
chr1,234936014,234956336,NO,20322
chr22,40652503,40686857,NO,34354
chr1,40847060,40857479,NO,10419
chr7,27152515,27156324,NO,3809
chr6,28321320,28324859,NO,3539
chr20,23400119,23402399,NO,2280
chr16,86600406,86620004,NO,19598
chr6,159270537,159276278,NO,5741
chr11,2903618,2914740,NO,11122
chr2,10983366,10988445,NO,5079
chr14,64321822,64343055,NO,21233
chr1,44704662,44729789,NO,25127
chr1,1242323,1246084,NO,3761
chr22,30216741,30230662,NO,13921
chr15,100650632,100672535,NO,21903
chr16,57562849,57571133,NO,8284
chrX,47655215,47668169,NO,12954
chr1,224685237,224692681,NO,7444
chr11,86450307,86455206,NO,4899
chr3,126629538,126652086,NO,22548
chr8,95270987,95275727,NO,4740
chr10,11916076,11919611,NO,3535
chr19,33865923,33895407,NO,29484
chr6,6851098,6858310,NO,7212
chr9,35755975,35758122,NO,2147
chr7,76067026,76075930,NO,8904
chr12,52584439,52589660,NO,5221
chr1,72747598,72750753,NO,3155
chr9,522279,552497,NO,30218
chr9,84301585,84305406,NO,3821
chr17,40703939,40707766,NO,3827
chr5,79421237,79443703,NO,22466
chr10,3867452,3878425,NO,10973
chr2,128784229,128786903,NO,2674
chr8,144649608,144657166,NO,7558
chr13,100147716,100151995,NO,4279
chr17,1550600,1552370,NO,1770
chr9,35832118,35848532,NO,16414
chr3,125341132,125368257,NO,27125
chr18,52612793,52628879,NO,16086
chr18,33888800,33909583,NO,20783
chr6,143247401,143248859,NO,1458
chr10,104208765,104212002,NO,3237
chr11,70243624,70247283,NO,3659
chr15,62681923,62696140,NO,14217
chr7,94020972,94026002,NO,5030
chr6,164121886,164134417,NO,12531
chr6,32904319,32913378,NO,9059
chr17,46100601,46104619,NO,4018
chr19,13277484,13280279,NO,2795
chr4,7957838,7980698,NO,22860
chr2,241523869,241527341,NO,3472
chrX,24042445,24044608,NO,2163
chr17,43448156,43458604,NO,10448
chr8,97505328,97508332,NO,3004
chr7,73506541,73509887,NO,3346
chr3,42770173,42788981,NO,18808
chr20,5623378,5640806,NO,17428
chr13,98943662,98969454,NO,25792
chr2,7131985,7153174,NO,21189
chr18,45665191,45694152,NO,28961
chr6,31625977,31629328,NO,3351
chrX,43551161,43570496,NO,19335
chr16,695326,699917,NO,4591
chr7,57379737,57397327,NO,17590
chr18,33160615,33163672,NO,3057
chr4,152953239,152961698,NO,8459
chr9,97779504,97782945,NO,3441
chr15,81501315,81529113,NO,27798
chr14,61746021,61748640,NO,2619
chr7,15724307,15728470,NO,4163
chr11,118098508,118113416,NO,14908
chr4,140868372,140910962,NO,42590
chr6,13006040,13027320,NO,21280
chr21,43012713,43037206,NO,24493
chr9,130952857,130956360,NO,3503
chr22,46543160,46546495,NO,3335
chr21,34732918,34756190,NO,23272
chr2,16789869,16809524,NO,19655
chr21,37521890,37530091,NO,8201
chr1,161695279,161710616,NO,15337
chr2,99070509,99082622,NO,12113
chr2,120988237,121003684,NO,15447
chr3,64330297,64351926,NO,21629
chr9,132388181,132390610,NO,2429
chr7,105704633,105713176,NO,8543
chr7,1546343,1554430,NO,8087
chr19,50190104,50194489,NO,4385
chr6,31668604,31671755,NO,3151
chr21,44875428,44882558,NO,7130
chr10,116003325,116032343,NO,29018
chr2,86175994,86183886,NO,7892
chr6,32094685,32098337,NO,3652
chr10,639442,672391,NO,32949
chrX,50381677,50390160,NO,8483
chr10,50384714,50403834,NO,19120
chr10,88470123,88472511,NO,2388
chr4,95427684,95456853,NO,29169
chr1,202994889,203010001,NO,15112
chr9,27335339,27354408,NO,19069
chr8,123934044,123949888,NO,15844
chr11,61354324,61367640,NO,13316
chr9,117373142,117382277,NO,9135
chr2,27272394,27275624,NO,3230
chr7,106836899,106874111,NO,37212
chrX,118615021,118638170,NO,23149
chr2,86221354,86227095,NO,5741
chr11,48071619,48089181,NO,17562
chr13,111853799,111872980,NO,19181
chr15,69754017,69761956,NO,7939
chr14,65535975,65549297,NO,13322
chr1,42127087,42131287,NO,4200
chr19,12549732,12552538,NO,2806
chr6,42396093,42422055,NO,25962
chr2,74599702,74615398,NO,15696
chr17,18574356,18576753,NO,2397
chr1,36785709,36790596,NO,4887
chr9,140301438,140312573,NO,11135
chr1,155155927,155161124,NO,5197
chrX,40118977,40127490,NO,8513
chr2,9314676,9332378,NO,17702
chr6,118691300,118699831,NO,8531
chr2,85826668,85831481,NO,4813
chr12,88938722,88974798,NO,36076
chr10,101677573,101693096,NO,15523
chr11,3011599,3013961,NO,2362
chr3,44480486,44483255,NO,2769
chr2,241372991,241378394,NO,5403
chr12,93566657,93586456,NO,19799
chr22,18474465,18484861,NO,10396
chr9,136111613,136128823,NO,17210
chr3,50392746,50397786,NO,5040
chr4,148693039,148715222,NO,22183
chr2,37550402,37553311,NO,2909
chr5,34478764,34512705,NO,33941
chr17,61773919,61779959,NO,6040
chr6,144063307,144081446,NO,18139
chrX,47003225,47007130,NO,3905
chr18,52895873,52933696,NO,37823
chr2,64487820,64516515,NO,28695
chr15,77196520,77198670,NO,2150
chr5,31853225,31862052,NO,8827
chr12,48108655,48112909,NO,4254
chr15,68130863,68134055,NO,3192
chr6,42053561,42072560,NO,18999
chr9,130095248,130114575,NO,19327
chr17,74552609,74554885,NO,2276
chr12,48221791,48223779,NO,1988
chr4,2413441,2420483,NO,7042
chr12,93516033,93532523,NO,16490
chr11,78500014,78513898,NO,13884
chr3,10052101,10058548,NO,6447
chr2,106043962,106052327,NO,8365
chr1,202003112,202028132,NO,25020
chr6,53161758,53168765,NO,7007
chr10,35015760,35058507,NO,42747
chr13,49141680,49154142,NO,12462
chr13,111826850,111838896,NO,12046
chr12,117255970,117257750,NO,1780
chr11,71790539,71793727,NO,3188
chr11,57265836,57270221,NO,4385
chr14,68925429,68944507,NO,19078
chr19,42277469,42315428,NO,37959
chr9,103188417,103192141,NO,3724
chr19,39923569,39927550,NO,3981
chr17,80692680,80696783,NO,4103
chrX,154254540,154257823,NO,3283
chr1,153669427,153672200,NO,2773
chr20,1913606,1928562,NO,14956
chr1,54953106,54955705,NO,2599
chr20,62669575,62674133,NO,4558
chr11,116705384,116708552,NO,3168
chr5,132164485,132177141,NO,12656
chr6,26194898,26197902,NO,3004
chr8,124168667,124174065,NO,5398
chr2,37423084,37424655,NO,1571
chr4,185666866,185678653,NO,11787
chr19,54873815,54900800,NO,26985
chr10,77187440,77192051,NO,4611
chr17,48240993,48245109,NO,4116
chr15,81315404,81331899,NO,16495
chr1,29448058,29452315,NO,4257
chr3,61832024,61840101,NO,8077
chr12,52518440,52522123,NO,3683
chr5,179084321,179085973,NO,1652
chr4,1201276,1207260,NO,5984
chr5,145438424,145453478,NO,15054
chr3,187664118,187684698,NO,20580
chr13,47169221,47191996,NO,22775
chr13,51085852,51104127,NO,18275
chr19,6735289,6737768,NO,2479
chr19,1019014,1022784,NO,3770
chr20,32259903,32264594,NO,4691
chr17,37299349,37310995,NO,11646
chr11,69294319,69312872,NO,18553
chr11,69352665,69356777,NO,4112
chr1,16573370,16593291,NO,19921
chr9,139255003,139258533,NO,3530
chr11,121968019,121979014,NO,10995
chr19,13199346,13206027,NO,6681
chr7,57410196,57432081,NO,21885
chr1,95412234,95455943,NO,43709
chr8,99370323,99395932,NO,25609
chr17,73029450,73033277,NO,3827
chr6,35435281,35438695,NO,3414
chr9,80460515,80479858,NO,19343
chr7,149467822,149474847,NO,7025
chr22,29197411,29216284,NO,18873
chr18,60087863,60119057,NO,31194
chr11,12402326,12434365,NO,32039
chr19,41632739,41642904,NO,10165
chr8,56882698,56904270,NO,21572
chr22,23646596,23649398,NO,2802
chr2,235860609,235870139,NO,9530
chr5,177969081,177974632,NO,5551
chr7,2252710,2278205,NO,25495
chr16,67890515,67893274,NO,2759
chr1,183203181,183214932,NO,11751
chr2,232406049,232422826,NO,16777
chr19,3698347,3713695,NO,15348
chr1,162599825,162605044,NO,5219
chr16,3903959,3927372,NO,23413
chr16,7412747,7428766,NO,16019
chr16,69105622,69135328,NO,29706
chr5,142580219,142609593,NO,29374
chr12,32551542,32553715,NO,2173
chr1,224642111,224647859,NO,5748
chr18,57168098,57184475,NO,16377
chr8,22417424,22420481,NO,3057
chr10,89417021,89421630,NO,4609
chr14,100252462,100276901,NO,24439
chr1,109358949,109374375,NO,15426
chr1,113524991,113542028,NO,17037
chr2,45986128,46003252,NO,17124
chr2,40571140,40588981,NO,17841
chr3,187895507,187898575,NO,3068
chr10,72645267,72648902,NO,3635
chr7,157182378,157199361,NO,16983
chr17,45763892,45785131,NO,21239
chr12,610725,619824,NO,9099
chr19,6742714,6745937,NO,3223
chr2,9517174,9547435,NO,30261
chr17,41654569,41670352,NO,15783
chr16,65153898,65158359,NO,4461
chr9,136403236,136431402,NO,28166
chr17,76036376,76038107,NO,1731
chr16,31482313,31485948,NO,3635
chr16,69427871,69452146,NO,24275
chr2,27300685,27305329,NO,4644
chr14,23005629,23031800,NO,26171
chr3,64874682,64908029,NO,33347
chr5,156008353,156024294,NO,15941
chr7,150437131,150453860,NO,16729
chr13,30496323,30500889,NO,4566
chr21,44596340,44599790,NO,3450
chr8,26713471,26724992,NO,11521
chr7,92346209,92362247,NO,16038
chrX,48533960,48536654,NO,2694
chr22,29619387,29629775,NO,10388
chr14,94208382,94239352,NO,30970
chr1,101703559,101708658,NO,5099
chr14,45602867,45605919,NO,3052
chr12,7059365,7064695,NO,5330
chr10,23383698,23386656,NO,2958
chr1,27698723,27703227,NO,4504
chr10,80690870,80705500,NO,14630
chr8,145030087,145032496,NO,2409
chr8,134142280,134164100,NO,21820
chr2,71805494,71843619,NO,38125
chr3,37926730,37948790,NO,22060
chr1,27353413,27362851,NO,9438
chr12,48128433,48132814,NO,4381
chrX,71340414,71346582,NO,6168
chr13,103450730,103453563,NO,2833
chr18,13562461,13585495,NO,23034
chr14,24599520,24602734,NO,3214
chr5,156690385,156699643,NO,9258
chrX,149671559,149678058,NO,6499
chr11,67311990,67332200,NO,20210
chr10,7375568,7407911,NO,32343
chr9,123487322,123500696,NO,13374
chr7,45268346,45283417,NO,15071
chr19,58815534,58817863,NO,2329
chr11,12451693,12458607,NO,6914
chr13,78488556,78494381,NO,5825
chr11,1927714,1950098,NO,22384
chr11,62161912,62170775,NO,8863
chr12,49203940,49210067,NO,6127
chr10,99354583,99357859,NO,3276
chr2,131144947,131149731,NO,4784
chr3,9795977,9822541,NO,26564
chr12,53717418,53720116,NO,2698
chrX,3615438,3632516,NO,17078
chr19,7545001,7560348,NO,15347
chr9,96896404,96904925,NO,8521
chr11,118977014,118987656,NO,10642
chr3,47050230,47061274,NO,11044
chr7,25880143,25897314,NO,17171
chr19,3949107,3952534,NO,3427
chr4,2963056,2966422,NO,3366
chr12,69998686,70018324,NO,19638
chr2,109228733,109235134,NO,6401
chr5,115895397,115911107,NO,15710
chr7,93543510,93556728,NO,13218
chr9,34646034,34649258,NO,3224
chr1,223239330,223255199,NO,15869
chr14,100658397,100660863,NO,2466
chr5,140010049,140013292,NO,3243
chr6,158980337,158994251,NO,13914
chr20,48603464,48607960,NO,4496
chr18,46115158,46127730,NO,12572
chr13,24182394,24204351,NO,21957
chr1,184580372,184603115,NO,22743
chr5,133459795,133467957,NO,8162
chr2,46187639,46194518,NO,6879
chr12,52472761,52477427,NO,4666
chr13,80704539,80716059,NO,11520
chr6,32119000,32123575,NO,4575
chr22,36418579,36426104,NO,7525
chr10,34976210,35001732,NO,25522
chr21,35500169,35505284,NO,5115
chr14,25345026,25391367,NO,46341
chr13,34184312,34186838,NO,2526
chr16,86375628,86386286,NO,10658
chrX,47432036,47445646,NO,13610
chr12,96557035,96565123,NO,8088
chr1,212808228,212813090,NO,4862
chr6,17957267,17985973,NO,28706
chr1,35253222,35264615,NO,11393
chr15,44067453,44070292,NO,2839
chr3,15104538,15107281,NO,2743
chr13,32454235,32471033,NO,16798
chr5,54732540,54743021,NO,10481
chr14,91126797,91144199,NO,17402
chr6,27445865,27447699,NO,1834
chr21,35303773,35322034,NO,18261
chr19,6371944,6374583,NO,2639
chr20,44406465,44413223,NO,6758
chr7,44111390,44114610,NO,3220
chr1,3445421,3460748,NO,15327
chr20,30594512,30600466,NO,5954
chr7,2902387,2904380,NO,1993
chr21,34799386,34817836,NO,18450
chr9,130390987,130407655,NO,16668
chr4,57331582,57334663,NO,3081
chr6,157455433,157470615,NO,15182
chr22,20116193,20126184,NO,9991
chr10,24527403,24552409,NO,25006
chrX,49010993,49014155,NO,3162
chr17,78037783,78045831,NO,8048
chr10,131933936,131936964,NO,3028
chr1,202427639,202435873,NO,8234
chr17,75825406,75838999,NO,13593
chr3,38758310,38768482,NO,10172
chr10,88492054,88514668,NO,22614
chr10,62655332,62673650,NO,18318
chr11,15985947,15991247,NO,5300
chr1,153892256,153902121,NO,9865
chr16,12172427,12187462,NO,15035
chr4,111116863,111120209,NO,3346
chr16,15753982,15770030,NO,16048
chr18,52986292,52991138,NO,4846
chr21,45502425,45509048,NO,6623
chrX,73754694,73757755,NO,3061
chrX,10133290,10158247,NO,24957
chr17,5486572,5490016,NO,3444
chr13,75939284,75959944,NO,20660
chr14,103983275,103989958,NO,6683
chr22,38704215,38707982,NO,3767
chr2,219146042,219148734,NO,2692
chr3,4533758,4547107,NO,13349
chr8,145687235,145691132,NO,3897
chr7,73154630,73161171,NO,6541
chr3,171170954,171179362,NO,8408
chr12,16753302,16763415,NO,10113
chr17,75596274,75600142,NO,3868
chr13,40073389,40106566,NO,33177
chr1,113931131,113934759,NO,3628
chr17,73125347,73128442,NO,3095
chr1,151417226,151432744,NO,15518
chr10,45869622,45877465,NO,7843
chr10,81738922,81743055,NO,4133
chr5,172434590,172463788,NO,29198
chr9,132723926,132728825,NO,4899
chr17,41722728,41743870,NO,21142
chr18,13374682,13383699,NO,9017
chr13,34212631,34219773,NO,7142
chr17,56160805,56163051,NO,2246
chr2,219123172,219127154,NO,3982
chr20,20064753,20070086,NO,5333
chr17,15861519,15871848,NO,10329
chr7,142959782,142962541,NO,2759
chr17,55432668,55457429,NO,24761
chr5,179060694,179062226,NO,1532
chr16,67948775,67954325,NO,5550
chr17,48177085,48181441,NO,4356
chr17,60725069,60732383,NO,7314
chr22,29949092,29960537,NO,11445
chr1,201138996,201154201,NO,15205
chr19,9419608,9421320,NO,1712
chr12,46843721,46868663,NO,24942
chr17,72207582,72212269,NO,4687
chr17,4490354,4514994,NO,24640
chr17,78932396,78944472,NO,12076
chr15,83208188,83210484,NO,2296
chr22,42055507,42065962,NO,10455
chr16,87517334,87527891,NO,10557
chr13,51258144,51272886,NO,14742
chr8,38384130,38387051,NO,2921
chr13,107569025,107572855,NO,3830
chr7,37381947,37395913,NO,13966
chr1,232940156,232942640,NO,2484
chr20,30913753,30928082,NO,14329
chr1,28570425,28576905,NO,6480
chr1,244012038,244014901,NO,2863
chr15,101655622,101668895,NO,13273
chr7,65497276,65516360,NO,19084
chr4,23930891,23947676,NO,16785
chr16,87540708,87553376,NO,12668
chr4,3108744,3125519,NO,16775
chr12,52425801,52428476,NO,2675
chr16,19424145,19448862,NO,24717
chr11,126180731,126189864,NO,9133
chr16,428793,434678,NO,5885
chr11,1900624,1904377,NO,3753
chr17,75953538,75957041,NO,3503
chr6,19803911,19806172,NO,2261
chr11,124587259,124597783,NO,10524
chr5,141805415,141826930,NO,21515
chr7,44321801,44333992,NO,12191
chr19,5826487,5829654,NO,3167
chr9,139937066,139941278,NO,4212
chr19,7098511,7100021,NO,1510
chr19,53399503,53401872,NO,2369
chr22,30194059,30198418,NO,4359
chr9,133027871,133052740,NO,24869
chr8,30659715,30668059,NO,8344
chr4,123819,126161,NO,2342
chr10,91263151,91281530,NO,18379
chr5,83677654,83681534,NO,3880
chr9,127580445,127598686,NO,18241
chr9,14237080,14257396,NO,20316
chr18,72781854,72784703,NO,2849
chr4,114388694,114393390,NO,4696
chr5,177756926,177759874,NO,2948
chr11,8885275,8894074,NO,8799
chr12,123427158,123432811,NO,5653
chr2,135423866,135429556,NO,5690
chrX,53709170,53711784,NO,2614
chr2,113955895,113978479,NO,22584
chr6,12287444,12296740,NO,9296
chr6,25991845,25993778,NO,1933
chr7,113724221,113728624,NO,4403
chr12,125092846,125112039,NO,19193
chr1,41567649,41576201,NO,8552
chr16,31151408,31154626,NO,3218
chr17,8278503,8280734,NO,2231
chr1,167061665,167076872,NO,15207
chr20,45027451,45032001,NO,4550
chr7,16687957,16709223,NO,21266
chr9,97765991,97767225,NO,1234
chr2,235952331,235973111,NO,20780
chr1,203369942,203379209,NO,9267
chr11,61620861,61656505,NO,35644
chr9,140021239,140025309,NO,4070
chr18,29945972,29963483,NO,17511
chr17,27036871,27039757,NO,2886
chr17,43170084,43171978,NO,1894
chr11,130765587,130769432,NO,3845
chr1,61580836,61598933,NO,18097
chr1,46491106,46507267,NO,16161
chr17,17319046,17325159,NO,6113
chr2,234283941,234297380,NO,13439
chr17,65465075,65487922,NO,22847
chr12,89766301,89785478,NO,19177
chr2,75786860,75798934,NO,12074
chr8,142215659,142220184,NO,4525
chr7,75795249,75796784,NO,1535
chr2,55450211,55457002,NO,6791
chr17,66191575,66210014,NO,18439
chr8,80695501,80697086,NO,1585
chr9,71939283,71941901,NO,2618
chr1,109814691,109821089,NO,6398
chr17,53784243,53806921,NO,22678
chr11,129991376,130001050,NO,9674
chr7,6294952,6309547,NO,14595
chr10,3892451,3903447,NO,10996
chr15,101254073,101266090,NO,12017
chr15,73975633,73989737,NO,14104
chr1,217251120,217265606,NO,14486
chr2,99119567,99125955,NO,6388
chr7,151479515,151495147,NO,15632
chr17,42142795,42145489,NO,2694
chr3,187936739,187939809,NO,3070
chr17,61704077,61725020,NO,20943
chrX,128891892,128912044,NO,20152
chr17,47710401,47724953,NO,14552
chr9,100870584,100884578,NO,13994
chr6,34239695,34268676,NO,28981
chr8,49454698,49470310,NO,15612
chr11,64124361,64127618,NO,3257
chr1,59478639,59486798,NO,8159
chr6,53516123,53538646,NO,22523
chr2,96378115,96386725,NO,8610
chr2,113914391,113939896,NO,25505
chr10,104987669,105002052,NO,14383
chr12,122883582,122886088,NO,2506
chr3,184522473,184540342,NO,17869
chr1,214161045,214171440,NO,10395
chr2,153191156,153194184,NO,3028
chr18,3195003,3218348,NO,23345
chr3,171800130,171826626,NO,26496
chr17,78860,98391,NO,19531
chr6,43081536,43092693,NO,11157
chr10,112616992,112625736,NO,8744
chr20,23227257,23251843,NO,24586
chr2,129058202,129081298,NO,23096
chr20,42565677,42589331,NO,23654
chr17,15393424,15428876,NO,35452
chr5,71603220,71605089,NO,1869
chr9,136565804,136581646,NO,15842
chr2,85381442,85403870,NO,22428
chr4,129751819,129769039,NO,17220
chr6,129452852,129462541,NO,9689
chr1,112529680,112535555,NO,5875
chr20,35964247,35987078,NO,22831
chr16,72881068,72893553,NO,12485
chr7,25005253,25021845,NO,16592
chr3,111793824,111811777,NO,17953
chr3,160518749,160528356,NO,9607
chr3,37091002,37099068,NO,8066
chrX,153304906,153316688,NO,11782
chr1,42636319,42646155,NO,9836
chr5,55775409,55778422,NO,3013
chr14,75690235,75706494,NO,16259
chr22,50218590,50227554,NO,8964
chr13,58204773,58209427,NO,4654
chr2,239347531,239360413,NO,12882
chr19,50014350,50017995,NO,3645
chr7,44119361,44122852,NO,3491
chr16,19392506,19408427,NO,15921
chr6,143163784,143168767,NO,4983
chr4,160148387,160173618,NO,25231
chr15,90366385,90382580,NO,16195
chr15,52579211,52586502,NO,7291
chr8,93020258,93034352,NO,14094
chr10,99647177,99652664,NO,5487
chr12,52239836,52246458,NO,6622
chr7,44612060,44614714,NO,2654
chr8,49493558,49503624,NO,10066
chr8,131368827,131371667,NO,2840
chr16,1558313,1563291,NO,4978
chr5,131407113,131423186,NO,16073
chr16,4742205,4746397,NO,4192
chr9,140116698,140118901,NO,2203
chr12,31883544,31902968,NO,19424
chr12,125322311,125354213,NO,31902
chr4,72095835,72107977,NO,12142
chr1,32704597,32707701,NO,3104
chr19,47660239,47663027,NO,2788
chr16,72961146,72981411,NO,20265
chr16,81894709,81901431,NO,6722
chr22,38622406,38625803,NO,3397
chr8,99176379,99197391,NO,21012
chr4,114461269,114478864,NO,17595
chr11,75176539,75188941,NO,12402
chr3,183414969,183417726,NO,2757
chr19,49990081,49994667,NO,4586
chr14,31888678,31890519,NO,1841
chr11,115371462,115375242,NO,3780
chr15,41951795,41954749,NO,2954
chr1,15929374,15930896,NO,1522
chr4,3042466,3044497,NO,2031
chr17,42172361,42174089,NO,1728
chr12,122709724,122710865,NO,1141
chr2,91843714,91848323,NO,4609
chr14,21564206,21568244,NO,4038
chr6,149774780,149777064,NO,2284
chr5,176934658,176938924,NO,4266
chr9,33391574,33425766,NO,34192
chr2,56410757,56414438,NO,3681
chr16,70413885,70416321,NO,2436
chr21,30516628,30555998,NO,39370
chr20,62520794,62529621,NO,8827
chr1,39721369,39738335,NO,16966
chr1,112125292,112137375,NO,12083
chr1,222987277,222991323,NO,4046
chr20,32375131,32385060,NO,9929
chr17,59327132,59338920,NO,11788
chr2,174049711,174075520,NO,25809
chr4,119667392,119694260,NO,26868
chr10,81106973,81109821,NO,2848
chr19,34395528,34398536,NO,3008
chr9,99374099,99382580,NO,8481
chr21,46969721,46983169,NO,13448
chr7,105313790,105332789,NO,18999
chr5,176880950,176890131,NO,9181
chr15,55532404,55575828,NO,43424
chr1,151281688,151287568,NO,5880
chr16,82731968,82750270,NO,18302
chr5,140977090,140985770,NO,8680
chr17,28666798,28673423,NO,6625
chr11,66138305,66141601,NO,3296
chr10,71480937,71491945,NO,11008
chr5,81630006,81654527,NO,24521
chr3,177461656,177477776,NO,16120
chr4,16846613,16869137,NO,22524
chr7,77648096,77650136,NO,2040
chr1,148927979,148932599,NO,4620
chr1,47220591,47235467,NO,14876
chr15,69366181,69375676,NO,9495
chr7,27168133,27171560,NO,3427
chr5,172316860,172320404,NO,3544
chr17,80446363,80456124,NO,9761
chr5,172121072,172124948,NO,3876
chr6,33046511,33049963,NO,3452
chr4,8316953,8343846,NO,26893
chr9,15293257,15298334,NO,5077
chr6,31461344,31464148,NO,2804
chr2,227496212,227539728,NO,43516
chr19,42254192,42263426,NO,9234
chr9,102115094,102131907,NO,16813
chr19,6739668,6741804,NO,2136
chr13,48718623,48736328,NO,17705
chr20,48552219,48555862,NO,3643
chr12,12959792,12974441,NO,14649
chr19,35702453,35716279,NO,13826
chr14,91224116,91227044,NO,2928
chr19,36229948,36232584,NO,2636
chr6,35326548,35339604,NO,13056
chr17,36068083,36077932,NO,9849
chr16,69362227,69365424,NO,3197
chr19,36133850,36136889,NO,3039
chr7,149191293,149195434,NO,4141
chr14,36684022,36708235,NO,24213
chr2,169652495,169662771,NO,10276
chr11,33951372,33959679,NO,8307
chr6,25004311,25036618,NO,32307
chr7,80402660,80421386,NO,18726
chr1,44494434,44513992,NO,19558
chr17,75723198,75735817,NO,12619
chr15,71968806,71985285,NO,16479
chr3,11315315,11333932,NO,18617
chr7,43940636,43946808,NO,6172
chr4,6324928,6328750,NO,3822
chr2,31459214,31464375,NO,5161
chr1,180529237,180535510,NO,6273
chr7,27178056,27181193,NO,3137
chrX,118108299,118111716,NO,3417
chr12,68757051,68762383,NO,5332
chr2,169049278,169080481,NO,31203
chr9,134109065,134114711,NO,5646
chr3,42740782,42745233,NO,4451
chr9,6703271,6705051,NO,1780
chr11,16944546,16959011,NO,14465
chr18,53252604,53257862,NO,5258
chr4,152719513,152730065,NO,10552
chr10,132098476,132100496,NO,2020
chr11,19974564,19985190,NO,10626
chr14,51232836,51260075,NO,27239
chr22,29591246,29601870,NO,10624
chr16,21271865,21290059,NO,18194
chr7,65445061,65447996,NO,2935
chr3,45065691,45069891,NO,4200
chr3,173112497,173116438,NO,3941
chr1,64162771,64165882,NO,3111
chr1,23497775,23505509,NO,7734
chr9,110904118,110914135,NO,10017
chr1,216773192,216775332,NO,2140
chrX,53252000,53255249,NO,3249
chr14,73926707,73934699,NO,7992
chr13,81042697,81052422,NO,9725
chr17,27134751,27140309,NO,5558
chr1,235176988,235184664,NO,7676
chr1,55340476,55354248,NO,13772
chr8,54433475,54437932,NO,4457
chr1,36946700,36954337,NO,7637
chr2,38373340,38387504,NO,14164
chrX,66998908,67004831,NO,5923
chr3,171996579,172010393,NO,13814
chr3,188399637,188430509,NO,30872
chr2,28924823,28941035,NO,16212
chr19,1862896,1865646,NO,2750
chr8,13219260,13225650,NO,6390
chr6,166073808,166078220,NO,4412
chr9,93878274,93881939,NO,3665
chr1,147070265,147073097,NO,2832
chr14,100533143,100546310,NO,13167
chr14,100480986,100499114,NO,18128
chrX,19586965,19611220,NO,24255
chr17,28087026,28088935,NO,1909
chr4,140822628,140844329,NO,21701
chr14,21923245,21925124,NO,1879
chr14,23833144,23836916,NO,3772
chr19,40916027,40920108,NO,4081
chr17,78805263,78808835,NO,3572
chr3,72304300,72324826,NO,20526
chr1,230958965,230963248,NO,4283
chr1,182557497,182569090,NO,11593
chr3,15672155,15689939,NO,17784
chr11,7616186,7627778,NO,11592
chr10,123931277,123960135,NO,28858
chr14,77181271,77193721,NO,12450
chr3,194798979,194804309,NO,5330
chr10,28965764,28969291,NO,3527
chr17,72742595,72746896,NO,4301
chr19,42027444,42038713,NO,11269
chr1,184119744,184134135,NO,14391
chr19,34310132,34312615,NO,2483
chr16,4703747,4706755,NO,3008
chr19,13049373,13052133,NO,2760
chr17,15301932,15319240,NO,17308
chr22,18514565,18551870,NO,37305
chr17,41934046,41952392,NO,18346
chr13,22243011,22250314,NO,7303
chr19,46894780,46917498,NO,22718
chr2,191835638,191846817,NO,11179
chr2,5764583,5771099,NO,6516
chr11,65867821,65895376,NO,27555
chr7,150253358,150268367,NO,15009
chr13,32724256,32744004,NO,19748
chr4,10173610,10188325,NO,14715
chr1,161581082,161592578,NO,11496
chr19,1097618,1100347,NO,2729
chr4,154474620,154495070,NO,20450
chr8,272612,279753,NO,7141
chr17,1977568,1980925,NO,3357
chr19,46874313,46878811,NO,4498
chr2,238314011,238322969,NO,8958
chr5,31670740,31693486,NO,22746
chr19,340510,344717,NO,4207
chr3,37629708,37637740,NO,8032
chr4,96460067,96471873,NO,11806
chr1,25565615,25567601,NO,1986
chr19,50860238,50863901,NO,3663
chr10,97849179,97850710,NO,1531
chr19,39920876,39922394,NO,1518
chr11,36471179,36478713,NO,7534
chr18,55710713,55720663,NO,9950
chr1,43917299,43921273,NO,3974
chr6,159537577,159548318,NO,10741
chr8,28911708,28925018,NO,13310
chr19,2719544,2724171,NO,4627
chr19,42004034,42008230,NO,4196
chr7,150810048,150814486,NO,4438
chr16,88151731,88154734,NO,3003
chr17,1688704,1691742,NO,3038
chr13,75976959,75993465,NO,16506
chr9,131464396,131468682,NO,4286
chr16,68316607,68320974,NO,4367
chr16,374332,378435,NO,4103
chr16,30750092,30754096,NO,4004
chr5,142301935,142312340,NO,10405
chr3,167581307,167595402,NO,14095
chr2,71503425,71509774,NO,6349
chr17,59273507,59300548,NO,27041
chr9,97817427,97821853,NO,4426
chr7,32194110,32204000,NO,9890
chr20,17875481,17892177,NO,16696
chr8,102372684,102399683,NO,26999
chr2,1655280,1662299,NO,7019
chr2,113383850,113399587,NO,15737
chr1,13861204,13871041,NO,9837
chr3,51571862,51574060,NO,2198
chr3,197438841,197446026,NO,7185
chr19,52205225,52208755,NO,3530
chr5,136954985,136959450,NO,4465
chr3,36933169,36954170,NO,21001
chr1,40039444,40042773,NO,3329
chr22,22189074,22216184,NO,27110
chr6,139598326,139611605,NO,13279
chr11,126335218,126350955,NO,15737
chr20,3763043,3767447,NO,4404
chr19,18155503,18169600,NO,14097
chr4,47826227,47840208,NO,13981
chr7,131265393,131272663,NO,7270
chr4,144832725,144833626,NO,901
chr8,94710333,94713807,NO,3474
chr1,110751677,110755612,NO,3935
chr14,23286634,23289725,NO,3091
chr17,2025626,2028181,NO,2555
chr11,66821447,66825667,NO,4220
chr3,64250980,64254371,NO,3391
chr2,64419236,64441432,NO,22196
chr18,46205673,46215080,NO,9407
chr7,149319248,149322610,NO,3362
chr21,37485117,37503126,NO,18009
chr2,97425806,97440194,NO,14388
chr22,18573709,18575680,NO,1971
chr2,204488424,204522262,NO,33838
chr5,65891514,65897723,NO,6209
chr1,114521423,114528185,NO,6762
chr8,56850711,56858880,NO,8169
chr16,66952892,66956729,NO,3837
chrX,139013875,139016378,NO,2503
chr6,170574499,170600209,NO,25710
chr1,231112588,231128374,NO,15786
chr16,66773458,66776911,NO,3453
chr5,151118938,151128310,NO,9372
chr13,40975550,40984744,NO,9194
chr2,20265450,20275169,NO,9719
chr3,170136577,170144308,NO,7731
chr10,64374261,64398524,NO,24263
chr2,219133829,219138198,NO,4369
chr1,230320929,230328191,NO,7262
chr12,57823100,57825504,NO,2404
chr16,84547874,84583606,NO,35732
chr4,169685787,169702873,NO,17086
chr19,55667347,55671872,NO,4525
chr12,76368038,76377359,NO,9321
chr8,82191894,82194836,NO,2942
chr13,76006037,76033853,NO,27816
chr22,23597344,23607061,NO,9717
chr22,47330279,47339804,NO,9525
chr12,122006574,122029386,NO,22812
chr11,35373488,35389428,NO,15940
chr17,39683072,39687577,NO,4505
chr1,15322307,15349872,NO,27565
chr9,97784828,97787215,NO,2387
chr20,1446180,1449249,NO,3069
chr5,70220165,70221866,NO,1701
chr6,41019532,41024026,NO,4494
chrX,69696881,69702198,NO,5317
chr7,64496068,64507391,NO,11323
chr21,47607151,47623858,NO,16707
chr6,20402018,20405138,NO,3120
chr12,52590881,52593930,NO,3049
chr12,6937297,6943673,NO,6376
chr7,32127907,32142759,NO,14852
chr1,167682442,167684795,NO,2353
chr1,46668410,46672396,NO,3986
chr19,35451521,35455549,NO,4028
chr19,12098028,12100004,NO,1976
chr2,96346317,96353814,NO,7497
chr18,47812508,47814862,NO,2354
chr16,83835655,83848520,NO,12865
chr7,151036605,151047649,NO,11044
chr7,73685870,73694868,NO,8998
chr7,116213571,116232984,NO,19413
chr16,88715664,88719588,NO,3924
chr22,46462284,46464189,NO,1905
chr16,54516573,54538883,NO,22310
chr6,126101339,126102868,NO,1529
chr18,72211895,72215670,NO,3775
chr10,44357688,44375181,NO,17493
chr1,2219994,2223311,NO,3317
chr12,133174969,133181522,NO,6553
chr15,100154205,100171497,NO,17292
chr14,105880897,105897535,NO,16638
chr5,179718321,179721226,NO,2905
chr19,1590606,1592911,NO,2305
chr22,36357328,36371134,NO,13806
chr9,5489556,5502542,NO,12986
chr1,36814880,36818776,NO,3896
chr12,4139495,4143334,NO,3839
chr17,74538983,74543908,NO,4925
chr2,242784691,242808522,NO,23831
chr7,32624872,32629831,NO,4959
chrX,149861247,149873405,NO,12158
chr2,40736106,40742622,NO,6516
chr22,28837571,28839948,NO,2377
chr2,38081770,38086546,NO,4776
chr18,42279422,42306274,NO,26852
chr12,3947827,3948788,NO,961
chr1,151340023,151345511,NO,5488
chr19,13185802,13191164,NO,5362
chr16,79801335,79805156,NO,3821
chr17,34039645,34045032,NO,5387
chr21,39713275,39728984,NO,15709
chr4,140729180,140738087,NO,8907
chr17,48127735,48131632,NO,3897
chr14,102171838,102198843,NO,27005
chr2,97453422,97459620,NO,6198
chr12,57482718,57485651,NO,2933
chr11,66622203,66625416,NO,3213
chr1,155579248,155582165,NO,2917
chr10,122829603,122857052,NO,27449
chr1,205547976,205553418,NO,5442
chr1,155714797,155717745,NO,2948
chr20,35372478,35386537,NO,14059
chr2,114080534,114096621,NO,16087
chr6,134212033,134217744,NO,5711
chr9,78504431,78507591,NO,3160
chr21,43719276,43723437,NO,4161
chr17,4802689,4813562,NO,10873
chr6,17472585,17493171,NO,20586
chr21,36418889,36424298,NO,5409
chr15,80771944,80796733,NO,24789
chr10,24746615,24757790,NO,11175
chr4,84538737,84551956,NO,13219
chr1,1778771,1805313,NO,26542
chr7,12754820,12767881,NO,13061
chr19,13943632,13945849,NO,2217
chr14,50787385,50813298,NO,25913
chr17,27916679,27920195,NO,3516
chr5,56988312,56996780,NO,8468
chr3,187900009,187904406,NO,4397
chr11,125242479,125247619,NO,5140
chr11,123228494,123246671,NO,18177
chr1,161052050,161057758,NO,5708
chr11,56967986,56987561,NO,19575
chr4,1293897,1304886,NO,10989
chr14,73358458,73362271,NO,3813
chr19,17827903,17833308,NO,5405
chr11,86184011,86196201,NO,12190
chr17,2906015,2908993,NO,2978
chr14,107251512,107254353,NO,2841
chr7,5393815,5411467,NO,17652
chr12,92933190,92955329,NO,22139
chr16,55406393,55424870,NO,18477
chr2,61886656,61899643,NO,12987
chr6,152486745,152494940,NO,8195
chr3,149686640,149701407,NO,14767
chr6,134837757,134862045,NO,24288
chr21,27297338,27311477,NO,14139
chr21,46546120,46555665,NO,9545
chr21,38822636,38836294,NO,13658
chr8,21989512,22000594,NO,11082
chr7,46639266,46644628,NO,5362
chr11,111169104,111173783,NO,4679
chr9,108281711,108282785,NO,1074
chr15,86210656,86218086,NO,7430
chr19,45220753,45229393,NO,8640
chr15,66111922,66134121,NO,22199
chr20,32250600,32252972,NO,2372
chr17,25782441,25801807,NO,19366
chr22,29525332,29549612,NO,24280
chr1,225629727,225639251,NO,9524
chr9,114423383,114426131,NO,2748
chr19,14670508,14674653,NO,4145
chr4,100563848,100580762,NO,16914
chr13,45899010,45909259,NO,10249
chr9,110346287,110352065,NO,5778
chr3,177493878,177501787,NO,7909
chr10,25236509,25248488,NO,11979
chr1,915324,918670,NO,3346
chr1,23426105,23449194,NO,23089
chr12,19291893,19308407,NO,16514
chrX,39745300,39768525,NO,23225
chr3,30467629,30496717,NO,29088
chr1,1259505,1262292,NO,2787
chr19,45954155,45956092,NO,1937
chr10,73930822,73947324,NO,16502
chr4,77659061,77679173,NO,20112
chr1,234778670,234820232,NO,41562
chr12,92896671,92901152,NO,4481
chr4,184908031,184910494,NO,2463
chr6,134368566,134382503,NO,13937
chr12,32701401,32722682,NO,21281
chr11,64012162,64014328,NO,2166
chr15,40338720,40341114,NO,2394
chr2,106893896,106901220,NO,7324
chr5,172215024,172219121,NO,4097
chr7,73095370,73098665,NO,3295
chr22,18259765,18270949,NO,11184
chr12,48275892,48295994,NO,20102
chr5,141765591,141784770,NO,19179
chr19,47679463,47695070,NO,15607
chr1,155212473,155215396,NO,2923
chrX,20379362,20393570,NO,14208
chr10,4282852,4287463,NO,4611
chr10,49513954,49515889,NO,1935
chr2,9878252,9915116,NO,36864
chr17,75280910,75284883,NO,3973
chr19,20162137,20164005,NO,1868
chr3,64171953,64177012,NO,5059
chr18,46515903,46525457,NO,9554
chr16,19887908,19896230,NO,8322
chr1,15503709,15515456,NO,11747
chr6,157040406,157043044,NO,2638
chr19,10393726,10398885,NO,5159
chr3,49064750,49067842,NO,3092
chr14,101824974,101836972,NO,11998
chr2,99484451,99487703,NO,3252
chr19,3054274,3060348,NO,6074
chr1,161186186,161188192,NO,2006
chr20,2504817,2506554,NO,1737
chr15,39916532,39922015,NO,5483
chr13,34082688,34085039,NO,2351
chr5,14671956,14685386,NO,13430
chr14,105713806,105717337,NO,3531
chr12,70927274,70944503,NO,17229
chr17,43220222,43222834,NO,2612
chr9,80559144,80576660,NO,17516
chr1,22578858,22586355,NO,7497
chr10,69522922,69524961,NO,2039
chr19,17457641,17469839,NO,12198
chr15,45737167,45749821,NO,12654
chr8,143819559,143836706,NO,17147
chr20,50246030,50249392,NO,3362
chr15,81019867,81040792,NO,20925
chr3,65982120,66007972,NO,25852
chr17,19992955,19999612,NO,6657
chr2,223917272,223922752,NO,5480
chr16,73177855,73218314,NO,40459
chr11,75129621,75139926,NO,10305
chr1,247373162,247375273,NO,2111
chr13,114739855,114747258,NO,7403
chr19,37803186,37809485,NO,6299
chr11,61212410,61217138,NO,4728
chr3,16510154,16532186,NO,22032
chr5,176963630,176974283,NO,10653
chr8,22019074,22024320,NO,5246
chr10,22895111,22920690,NO,25579
chr12,2603150,2612069,NO,8919
chr16,17460742,17499887,NO,39145
chr8,10631122,10647970,NO,16848
chr20,61199479,61201996,NO,2517
chr8,26116210,26125649,NO,9439
chr2,73051018,73053482,NO,2464
chr19,38852647,38867577,NO,14930
chr20,37494695,37505168,NO,10473
chr15,100047079,100053062,NO,5983
chr16,89418351,89430858,NO,12507
chr18,20184055,20193751,NO,9696
chr11,47520906,47540777,NO,19871
chr11,2117691,2131513,NO,13822
chr6,109170865,109173128,NO,2263
chr11,72946600,72952465,NO,5865
chr2,238057677,238080382,NO,22705
chr7,32020035,32035935,NO,15900
chr8,134685918,134703181,NO,17263
chr11,111795746,111798561,NO,2815
chr10,80300768,80313153,NO,12385
chr3,12180186,12191178,NO,10992
chr10,75715926,75727285,NO,11359
chr5,60559442,60600768,NO,41326
chr16,74480263,74484594,NO,4331
chr5,10329323,10334334,NO,5011
chr6,42104130,42111045,NO,6915
chr2,239772159,239780171,NO,8012
chr17,40175085,40177922,NO,2837
chr2,159571803,159582102,NO,10299
chr1,170630873,170635238,NO,4365
chr6,29893503,29895586,NO,2083
chr7,134404030,134428079,NO,24049
chr9,75139681,75155628,NO,15947
chr4,56038213,56051758,NO,13545
chr3,12620801,12636293,NO,15492
chr2,110969080,110970580,NO,1500
chr16,2567856,2571695,NO,3839
chr8,143688946,143702581,NO,13635
chr12,113734501,113738401,NO,3900
chr19,58665328,58667056,NO,1728
chr4,114555804,114568150,NO,12346
chr1,201604844,201620514,NO,15670
chr7,55954510,55956381,NO,1871
chr21,44201229,44204818,NO,3589
chrX,45608916,45631400,NO,22484
chrX,153604752,153607340,NO,2588
chr2,208090289,208105044,NO,14755
chr8,102037638,102040414,NO,2776
chr14,24858164,24871958,NO,13794
chr3,4801132,4815648,NO,14516
chr21,43171027,43187491,NO,16464
chr5,126252905,126258155,NO,5250
chr17,74400983,74429021,NO,28038
chr10,21178892,21185381,NO,6489
chr1,27624291,27628139,NO,3848
chr13,31310701,31319418,NO,8717
chr7,28142437,28148572,NO,6135
chr8,145746768,145749306,NO,2538
chr19,1872309,1874532,NO,2223
chr7,97792616,97809362,NO,16746
chr17,62057446,62063657,NO,6211
chr1,155828471,155831267,NO,2796
chr9,456120,472022,NO,15902
chr16,66637460,66640676,NO,3216
chr10,73118965,73138811,NO,19846
chr10,80561447,80565572,NO,4125
chr2,46635109,46638267,NO,3158
chr16,2092935,2095199,NO,2264
chr5,179104820,179106652,NO,1832
chr14,104283966,104295285,NO,11319
chr2,232347227,232349132,NO,1905
chr22,26965933,26983490,NO,17557
chr3,141514706,141518094,NO,3388
chr2,228189172,228191109,NO,1937
chr17,64669928,64674012,NO,4084
chr22,28171277,28182417,NO,11140
chr11,8728286,8733007,NO,4721
chr9,139873301,139877819,NO,4518
chr19,8302853,8316596,NO,13743
chr11,65155583,65159086,NO,3503
chr1,15585428,15589248,NO,3820
chr5,154061841,154072563,NO,10722
chr5,67095818,67112020,NO,16202
chr18,46422711,46430110,NO,7399
chr7,148761699,148769887,NO,8188
chr12,96438261,96448146,NO,9885
chr7,28994798,29000812,NO,6014
chr1,6061391,6089330,NO,27939
chr3,123750945,123753735,NO,2790
chr6,43459454,43468783,NO,9329
chr6,56234671,56240701,NO,6030
chr16,89508385,89521035,NO,12650
chr4,37664209,37669336,NO,5127
chr11,3144550,3149823,NO,5273
chr1,223189294,223197327,NO,8033
chr11,111793588,111795741,NO,2153
chr2,121953746,121970139,NO,16393
chr9,140119063,140122484,NO,3421
chr1,2168009,2172734,NO,4725
chr5,153852145,153857937,NO,5792
chr17,79103466,79107939,NO,4473
chr17,17266325,17281907,NO,15582
chr1,167511652,167525589,NO,13937
chr7,6257678,6272915,NO,15237
chr1,46631844,46633767,NO,1923
chr11,125196879,125218900,NO,22021
chr1,9459391,9474234,NO,14843
chr2,112103506,112115279,NO,11773
chr22,27028245,27041852,NO,13607
chr17,6655016,6657596,NO,2580
chr19,46143900,46146166,NO,2266
chr9,118916667,118920419,NO,3752
chr5,14584085,14595644,NO,11559
chr9,116216490,116218982,NO,2492
chr11,129185124,129195149,NO,10025
chr19,8426551,8429702,NO,3151
chr8,127508704,127514590,NO,5886
chr21,46327056,46347248,NO,20192
chr6,53912980,53924280,NO,11300
chr2,222381629,222395713,NO,14084
chr16,89589700,89608634,NO,18934
chr2,191325166,191343353,NO,18187
chr22,47365613,47368630,NO,3017
chr7,63766603,63768774,NO,2171
chr8,8188259,8205568,NO,17309
chr12,113795725,113798464,NO,2739
chr15,71649021,71678090,NO,29069
chr15,58749397,58769017,NO,19620
chr9,94244751,94252566,NO,7815
chr4,139831314,139834553,NO,3239
chr22,46675105,46687124,NO,12019
chr20,35941996,35945734,NO,3738
chrX,48447945,48451083,NO,3138
chr1,27152398,27161300,NO,8902
chr18,55783610,55787870,NO,4260
chr5,31630557,31646396,NO,15839
chr3,185373082,185378515,NO,5433
chr14,32923081,32942144,NO,19063
chr1,202372438,202381947,NO,9509
chr8,103024032,103056167,NO,32135
chr16,11588284,11592327,NO,4043
chr20,6032252,6040774,NO,8522
chr18,46499683,46503248,NO,3565
chr11,1318644,1329463,NO,10819
chr12,29878094,29894822,NO,16728
chr3,125800451,125803698,NO,3247
chr2,113996834,114000009,NO,3175
chr21,44157840,44168230,NO,10390
chr1,120673877,120687793,NO,13916
chr7,45197356,45202646,NO,5290
chr15,37306083,37313619,NO,7536
chr11,13318326,13361551,NO,43225
chr6,140370649,140401159,NO,30510
chr2,201241213,201247550,NO,6337
chr16,83934415,83961096,NO,26681
chr4,129473537,129475824,NO,2287
chr11,44834251,44857063,NO,22812
chr12,53264445,53269448,NO,5003
chr6,152415457,152434141,NO,18684
chr20,6681219,6689810,NO,8591
chr9,115912818,115917706,NO,4888
chr2,87892642,87904419,NO,11777
chr3,64134666,64138043,NO,3377
chr17,46620257,46623459,NO,3202
chr16,72046318,72051541,NO,5223
chr12,57544137,57547636,NO,3499
chr1,228973037,228975338,NO,2301
chr5,122426425,122436013,NO,9588
chr6,42243035,42261367,NO,18332
chrX,49641883,49645069,NO,3186
chr5,74348097,74350675,NO,2578
chr17,55676689,55684017,NO,7328
chr3,48775528,48785676,NO,10148
chr3,49451880,49458221,NO,6341
chr1,46648229,46651459,NO,3230
chr10,22629035,22630540,NO,1505
chr17,43359487,43362843,NO,3356
chr7,137604716,137644410,NO,39694
chr7,72394996,72396607,NO,1611
chr19,21767836,21788429,NO,20593
chr8,23074823,23079191,NO,4368
chr19,574439,578109,NO,3670
chr1,53165888,53169580,NO,3692
chr18,22861994,22880332,NO,18338
chr3,27663512,27675109,NO,11597
chr7,157147002,157152705,NO,5703
chr2,192729195,192732746,NO,3551
chr3,128804025,128809823,NO,5798
chr8,126648595,126657154,NO,8559
chr1,2128280,2131466,NO,3186
chr4,166142206,166145107,NO,2901
chr19,1360153,1374753,NO,14600
chr1,118148582,118150732,NO,2150
chr6,40867191,40875881,NO,8690
chr16,856983,858370,NO,1387
chr12,94980543,94988906,NO,8363
chr2,47496185,47502226,NO,6041
chr16,2131068,2142344,NO,11276
chr12,1313554,1330361,NO,16807
chr19,32841627,32865196,NO,23569
chr20,33525822,33542040,NO,16218
chr16,57093989,57096718,NO,2729
chr3,23851300,23853067,NO,1767
chr9,27527559,27540600,NO,13041
chr12,49959086,49962780,NO,3694
chr6,112192304,112195502,NO,3198
chr3,171956906,171979372,NO,22466
chr15,71032801,71044668,NO,11867
chr14,89805423,89834478,NO,29055
chr1,151801501,151805741,NO,4240
chr16,87588395,87616827,NO,28432
chr12,54118709,54122377,NO,3668
chr3,194818046,194840734,NO,22688
chr11,61520092,61536999,NO,16907
chr11,3880181,3902314,NO,22133
chr19,31830043,31842726,NO,12683
chr19,10116035,10120325,NO,4290
chr7,23286179,23288375,NO,2196
chr5,66460349,66463169,NO,2820
chr11,63931426,63934396,NO,2970
chr8,126568256,126592444,NO,24188
chr15,64752078,64756331,NO,4253
chr11,82744273,82764393,NO,20120
chr3,71149828,71162457,NO,12629
chr11,12064588,12067160,NO,2572
chrX,153578492,153586226,NO,7734
chr16,23434272,23445683,NO,11411
chr14,102229835,102250438,NO,20603
chr14,25472985,25479612,NO,6627
chr10,4321210,4327767,NO,6557
chr16,15126701,15135744,NO,9043
chr9,140246273,140250411,NO,4138
chr6,158652293,158663844,NO,11551
chr14,68604316,68613325,NO,9009
chr9,71745075,71769625,NO,24550
chr8,48384530,48395446,NO,10916
chr20,34462654,34475788,NO,13134
chr6,32202420,32223920,NO,21500
chr4,55934242,55946872,NO,12630
chr6,143192723,143206942,NO,14219
chr1,8761023,8764060,NO,3037
chr9,116936735,116944469,NO,7734
chr8,18597406,18614797,NO,17391
chr15,65588529,65604636,NO,16107
chr7,27189726,27193075,NO,3349
chr11,70327650,70329693,NO,2043
chr1,184794993,184808302,NO,13309
chr13,40025956,40037466,NO,11510
chr11,73490024,73491279,NO,1255
chr3,186903389,186906301,NO,2912
chr14,23512790,23518431,NO,5641
chr17,45277611,45285012,NO,7401
chr15,30762540,30763670,NO,1130
chr1,43670762,43673838,NO,3076
chr7,70158049,70161775,NO,3726
chr5,66584931,66611751,NO,26820
chr1,55529227,55533479,NO,4252
chr21,46828577,46833854,NO,5277
chr13,99561211,99582988,NO,21777
chr7,22153908,22178114,NO,24206
chr6,152617850,152623824,NO,5974
chr7,2149347,2157180,NO,7833
chr7,116072885,116088535,NO,15650
chr9,129622235,129625135,NO,2900
chr12,52672904,52675660,NO,2756
chr9,139246651,139249699,NO,3048
chr12,27332002,27348646,NO,16644
chr10,912141,924890,NO,12749
chr1,225654492,225656594,NO,2102
chr1,16211980,16220454,NO,8474
chr14,34487454,34505899,NO,18445
chr14,69726071,69735833,NO,9762
chr17,48253985,48256695,NO,2710
chr6,160450473,160477230,NO,26757
chr15,32828457,32829568,NO,1111
chr12,124468314,124483749,NO,15435
chr12,93984776,93997375,NO,12599
chr1,90222256,90229387,NO,7131
chr6,35048331,35061177,NO,12846
chr1,198899073,198906867,NO,7794
chr3,126184581,126192938,NO,8357
chr3,177534369,177549189,NO,14820
chr7,27156325,27160013,NO,3688
chr15,37326580,37351172,NO,24592
chr19,11487474,11493051,NO,5577
chr16,68448237,68452106,NO,3869
chr11,71780276,71781986,NO,1710
chr7,37424629,37449451,NO,24822
chrX,13391553,13397792,NO,6239
chr4,41622322,41659513,NO,37191
chr1,234630603,234636431,NO,5828
chr19,38422423,38439677,NO,17254
chr12,15306727,15334158,NO,27431
chr4,124467001,124477767,NO,10766
chr5,167424555,167434296,NO,9741
chr11,130541747,130548249,NO,6502
chr22,21291157,21312626,NO,21469
chr16,12154742,12158421,NO,3679
chr6,88423921,88442413,NO,18492
chr15,56534970,56538539,NO,3569
chr12,7241647,7246016,NO,4369
chr10,103695002,103700068,NO,5066
chr3,48170942,48194027,NO,23085
chr19,45824213,45828051,NO,3838
chr1,228288871,228292250,NO,3379
chr9,97805803,97808643,NO,2840
chr18,21101452,21133245,NO,31793
chr3,11536551,11556567,NO,20016
chr21,40822179,40825818,NO,3639
chr5,14003505,14012213,NO,8708
chr2,134894055,134898342,NO,4287
chr22,46454374,46455702,NO,1328
chr1,218337163,218340162,NO,2999
chr19,488245,490139,NO,1894
chr7,63353339,63387806,NO,34467
chr16,11221927,11231223,NO,9296
chr14,62050856,62087566,NO,36710
chr2,173114856,173118952,NO,4096
chr2,68959337,68970716,NO,11379
chr11,70951577,70965671,NO,14094
chr3,69821480,69841376,NO,19896
chr16,1542359,1545504,NO,3145
chr6,170334292,170342634,NO,8342
chr20,48200082,48213171,NO,13089
chr15,75462841,75471882,NO,9041
chr7,75357207,75364613,NO,7406
chr2,99373957,99393071,NO,19114
chr19,11431969,11436041,NO,4072
chr7,736111,747917,NO,11806
chr4,140216037,140217612,NO,1575
chr1,31319181,31325955,NO,6774
chr11,65210385,65214814,NO,4429
chr13,23949033,23952332,NO,3299
chr19,12605441,12607214,NO,1773
chr15,101629647,101633593,NO,3946
chr10,125785868,125800466,NO,14598
chr1,61706586,61721298,NO,14712
chr13,41159305,41172415,NO,13110
chr11,57404905,57414493,NO,9588
chr22,46634183,46642903,NO,8720
chr7,75033022,75041013,NO,7991
chr15,74889155,74892120,NO,2965
chr11,8752806,8755987,NO,3181
chr16,86331260,86338287,NO,7027
chr17,78753147,78770172,NO,17025
chr12,14989064,15000937,NO,11873
chr5,172691976,172706242,NO,14266
chr17,58647657,58655428,NO,7771
chr13,98823996,98827575,NO,3579
chr7,358481,373649,NO,15168
chr2,106359924,106363730,NO,3806
chr8,20078282,20081984,NO,3702
chr3,53106274,53124293,NO,18019
chr15,74676318,74696450,NO,20132
chr9,130590101,130592559,NO,2458
chr14,65693916,65698819,NO,4903
chr20,48836317,48842116,NO,5799
chr16,2917703,2918957,NO,1254
chr18,74716390,74726835,NO,10445
chr17,73865110,73867293,NO,2183
chr11,19585524,19600833,NO,15309
chr16,30378680,30382042,NO,3362
chr7,70701333,70709570,NO,8237
chr1,38155779,38158680,NO,2901
chr3,50656293,50658786,NO,2493
chr2,239607075,239610353,NO,3278
chr4,148964987,148982106,NO,17119
chr15,58731740,58734596,NO,2856
chr1,16823847,16826625,NO,2778
chr15,30151557,30164451,NO,12894
chr6,87861102,87862732,NO,1630
chr6,166878762,166886722,NO,7960
chr12,96487400,96515399,NO,27999
chr4,129306628,129315185,NO,8557
chr1,154927244,154930584,NO,3340
chr5,172304423,172307275,NO,2852
chr2,231639071,231659796,NO,20725
chr5,178727752,178742885,NO,15133
chr17,56407535,56411466,NO,3931
chr5,126299425,126320030,NO,20605
chr11,95070185,95073062,NO,2877
chr11,75944598,75948151,NO,3553
chr2,202277770,202298826,NO,21056
chr11,1501864,1508128,NO,6264
chr17,8599131,8611725,NO,12594
chr6,109194309,109199941,NO,5632
chr4,7906376,7913658,NO,7282
chr5,82768099,82771439,NO,3340
chr17,3817152,3821323,NO,4171
chr6,163708574,163724614,NO,16040
chr18,12596738,12608162,NO,11424
chr7,6050759,6067138,NO,16379
chr16,88599036,88602302,NO,3266
chr12,52418836,52421732,NO,2896
chr22,37417915,37430461,NO,12546
chr2,169013751,169028935,NO,15184
chr11,111807207,111810338,NO,3131
chr1,155138072,155140802,NO,2730
chr19,47816899,47835869,NO,18970
chr10,14019891,14033918,NO,14027
chr10,86419739,86428942,NO,9203
chr17,79778921,79781343,NO,2422
chr1,205510545,205513974,NO,3429
chr1,16839873,16848027,NO,8154
chr19,50834873,50837888,NO,3015
chr2,132234560,132237755,NO,3195
chr13,49322275,49326140,NO,3865
chr5,172357518,172360410,NO,2892
chrX,109324420,109331985,NO,7565
chr6,138189885,138214224,NO,24339
chr3,40810975,40823753,NO,12778
chr7,30024998,30029494,NO,4496
chr14,23316837,23319588,NO,2751
chr10,44788579,44791210,NO,2631
chr2,173892375,173913773,NO,21398
chr4,152117036,152136634,NO,19598
chr1,46638738,46641661,NO,2923
chr7,97873248,97879498,NO,6250
chr15,35958030,35967897,NO,9867
chr16,53241648,53267463,NO,25815
chr15,58837611,58844966,NO,7355
chr10,21782651,21786569,NO,3918
chr2,134963605,134989981,NO,26376
chr9,33444633,33448576,NO,3943
chr6,157270313,157285600,NO,15287
chr10,10952703,10956940,NO,4237
chr5,148184819,148188927,NO,4108
chr19,45091104,45111492,NO,20388
chr10,114846620,114872451,NO,25831
chr11,8709345,8711186,NO,1841
chr5,148834639,148837434,NO,2795
chr19,12775491,12778339,NO,2848
chr13,99698257,99716077,NO,17820
chr3,72385672,72398183,NO,12511
chr10,17065780,17081487,NO,15707
chrX,129064705,129067318,NO,2613
chr6,29617006,29618435,NO,1429
chr8,636475,641630,NO,5155
chr15,78263858,78268768,NO,4910
chr3,187913622,187917542,NO,3920
chr9,33043486,33045264,NO,1778
chr4,95328694,95336014,NO,7320
chr4,184704961,184729723,NO,24762
chr1,198222627,198240403,NO,17776
chr8,30136541,30138974,NO,2433
chr17,18621267,18623333,NO,2066
chr2,220249735,220252681,NO,2946
chr21,44457081,44474290,NO,17209
chr4,129438438,129451029,NO,12591
chr15,34872112,34876432,NO,4320
chr20,34203382,34206173,NO,2791
chr8,81489794,81491797,NO,2003
chr4,7939542,7942181,NO,2639
chr2,230271086,230283308,NO,12222
chr20,40321002,40322839,NO,1837
chr12,105860205,105864158,NO,3953
chr7,76211778,76214059,NO,2281
chr5,158606775,158615058,NO,8283
chr12,53885804,53888497,NO,2693
chr3,52865656,52880411,NO,14755
chr21,35340283,35350128,NO,9845
chr19,50056771,50075140,NO,18369
chr2,38632924,38636511,NO,3587
chr10,29969765,29992859,NO,23094
chr1,176660150,176664430,NO,4280
chr11,9786462,9807025,NO,20563
chr14,23592285,23616860,NO,24575
chr10,31891312,31894157,NO,2845
chr4,120256600,120259498,NO,2898
chr15,63126406,63135436,NO,9030
chr2,33281207,33308928,NO,27721
chr19,40921557,40924288,NO,2731
chr2,121297005,121325214,NO,28209
chr14,78107359,78109124,NO,1765
chr1,237304669,237318058,NO,13389
chr20,44546187,44554567,NO,8380
chr3,44550879,44553245,NO,2366
chr6,26233135,26235560,NO,2425
chr2,208656850,208676413,NO,19563
chr10,80059107,80063810,NO,4703
chr6,109287791,109293695,NO,5904
chr19,41983857,41987411,NO,3554
chr9,130658516,130660592,NO,2076
chr22,24246406,24256752,NO,10346
chr17,46657267,46660752,NO,3485
chr14,50862767,50864847,NO,2080
chr22,37256098,37271106,NO,15008
chr18,8703687,8706757,NO,3070
chr8,144938455,144954059,NO,15604
chrX,13169978,13186361,NO,16383
chr16,85235435,85241766,NO,6331
chr10,7293434,7306960,NO,13526
chr8,23103603,23105344,NO,1741
chr11,64087738,64092039,NO,4301
chr19,38809074,38813326,NO,4252
chr2,121515082,121525111,NO,10029
chr3,179448277,179453004,NO,4727
chr17,37156655,37171563,NO,14908
chr20,62371151,62373669,NO,2518
chr6,112003686,112008314,NO,4628
chr7,99965628,99977967,NO,12339
chr14,69194194,69203867,NO,9673
chr10,120784201,120786839,NO,2638
chr6,53875624,53897093,NO,21469
chr1,220905293,220908580,NO,3287
chr22,38634169,38636121,NO,1952
chr3,183164937,183166283,NO,1346
chr1,61800305,61804516,NO,4211
chr16,72910600,72929812,NO,19212
chr1,38395699,38398144,NO,2445
chr5,133286591,133289893,NO,3302
chr4,103533317,103553332,NO,20015
chr2,9235244,9249167,NO,13923
chr5,138308275,138311684,NO,3409
chr5,8456717,8458719,NO,2002
chr19,13841296,13843223,NO,1927
chr1,3048582,3053098,NO,4516
chr11,100997464,101000684,NO,3220
chr4,99933796,99944392,NO,10596
chr14,100569493,100575938,NO,6445
chr1,110415499,110420841,NO,5342
chr2,168045146,168053795,NO,8649
chr1,41509754,41512753,NO,2999
chr1,65356633,65364730,NO,8097
chr15,63213146,63234166,NO,21020
chr19,44203416,44206129,NO,2713
chr14,93050548,93070494,NO,19946
chr12,65018446,65020797,NO,2351
chr6,17858774,17868499,NO,9725
chr2,106776080,106806772,NO,30692
chr16,50698732,50720151,NO,21419
chr15,43414408,43415959,NO,1551
chr12,121198423,121222239,NO,23816
chr6,105085587,105094263,NO,8676
chr18,56003947,56030172,NO,26225
chr7,47441823,47448097,NO,6274
chr22,17849077,17859704,NO,10627
chr16,84955439,84968382,NO,12943
chr14,55537784,55545093,NO,7309
chr6,25296124,25314105,NO,17981
chr11,17426495,17428848,NO,2353
chr9,107730228,107732513,NO,2285
chr11,19838709,19843710,NO,5001
chr19,49842208,49844771,NO,2563
chr1,247289417,247290630,NO,1213
chr15,52013140,52025559,NO,12419
chr11,68203363,68206688,NO,3325
chr22,51137179,51154131,NO,16952
chr9,19182166,19185405,NO,3239
chr5,70196273,70197519,NO,1246
chr3,12549068,12564926,NO,15858
chr19,45942557,45944847,NO,2290
chr13,98794150,98797666,NO,3516
chr3,137730148,137746144,NO,15996
chr4,7779796,7791201,NO,11405
chr8,121786243,121799279,NO,13036
chr2,38401774,38415884,NO,14110
chr5,60920789,60928080,NO,7291
chr9,101668693,101680920,NO,12227
chr1,203503274,203508402,NO,5128
chr6,39849475,39856824,NO,7349
chr9,88137219,88152186,NO,14967
chr17,1463938,1466525,NO,2587
chr7,116510304,116517870,NO,7566
chr4,52754,55325,NO,2571
chr11,72909771,72913790,NO,4019
chr12,131509034,131514255,NO,5221
chr19,10923350,10929895,NO,6545
chr2,144693362,144696181,NO,2819
chr15,62787953,62800033,NO,12080
chr19,11073368,11087511,NO,14143
chr4,114594397,114617543,NO,23146
chr18,56451611,56457996,NO,6385
chr3,25630629,25645926,NO,15297
chr9,135644264,135646970,NO,2706
chr20,61583564,61586402,NO,2838
chr10,115402128,115408142,NO,6014
chr6,31084291,31094999,NO,10708
chr15,101585944,101611670,NO,25726
chr1,23727093,23731328,NO,4235
chr12,6454358,6457801,NO,3443
chr20,548974,556056,NO,7082
chr9,27111039,27119998,NO,8959
chr16,729982,732324,NO,2342
chr19,58330339,58342337,NO,11998
chr5,66101435,66123516,NO,22081
chr1,161037447,161040369,NO,2922
chr10,30818174,30843679,NO,25505
chr10,32656958,32669507,NO,12549
chr1,86967459,86970245,NO,2786
chr2,165635642,165651550,NO,15908
chr5,95570519,95595670,NO,25151
chr3,37773345,37783936,NO,10591
chr8,37396377,37403839,NO,7462
chr12,122225953,122228891,NO,2938
chr3,158430653,158445816,NO,15163
chr11,121525625,121528154,NO,2529
chr1,31349796,31376515,NO,26719
chr17,29277004,29285311,NO,8307
chr10,3916318,3930757,NO,14439
chr6,5763790,5766787,NO,2997
chrX,149714205,149717176,NO,2971
chr12,45653544,45668904,NO,15360
chr1,157166925,157171477,NO,4552
chr6,168076010,168084705,NO,8695
chr1,28486891,28501408,NO,14517
chr6,131456183,131457745,NO,1562
chr19,13243249,13248697,NO,5448
chr18,72958727,72963014,NO,4287
chr1,68638959,68642294,NO,3335
chr7,47279809,47294620,NO,14811
chr9,124734465,124748892,NO,14427
chr7,21978218,21983894,NO,5676
chr21,38592409,38594150,NO,1741
chr3,127791612,127804210,NO,12598
chr1,24710314,24719320,NO,9006
chr12,46914121,46929991,NO,15870
chr15,52545091,52555302,NO,10211
chr11,10372756,10374360,NO,1604
chr2,121669847,121674377,NO,4530
chrX,48595518,48596731,NO,1213
chr19,18201145,18235012,NO,33867
chr10,89821844,89827991,NO,6147
chr7,49815001,49823646,NO,8645
chr22,37677668,37681232,NO,3564
chr11,1870617,1874224,NO,3607
chr2,239505188,239510905,NO,5717
chr12,48168327,48171492,NO,3165
chr19,18428431,18430053,NO,1622
chr18,60903549,60906510,NO,2961
chr12,285256,292105,NO,6849
chr10,114148284,114155036,NO,6752
chr15,71888724,71904080,NO,15356
chr3,195906288,195921917,NO,15629
chr4,153877638,153895052,NO,17414
chr1,83615730,83617979,NO,2249
chr12,29300961,29303410,NO,2449
chr15,40658436,40682173,NO,23737
chr22,39319580,39324211,NO,4631
chr2,218295050,218301580,NO,6530
chr3,87137559,87139139,NO,1580
chr16,50232854,50245136,NO,12282
chr15,74213358,74217589,NO,4231
chr17,46618338,46620170,NO,1832
chr20,3908173,3917196,NO,9023
chr8,38258928,38270413,NO,11485
chr2,36757767,36790878,NO,33111
chr11,57001059,57013365,NO,12306
chr1,62530711,62535579,NO,4868
chr15,71699410,71707826,NO,8416
chr5,142122792,142133866,NO,11074
chr15,94773722,94778113,NO,4391
chr16,66161525,66169396,NO,7871
chr5,114786119,114797543,NO,11424
chr2,14772665,14776036,NO,3371
chr20,23158362,23161951,NO,3589
chr8,144609804,144612620,NO,2816
chr6,16800961,16805924,NO,4963
chr1,118218820,118225763,NO,6943
chr16,66298313,66312895,NO,14582
chr3,171918582,171928141,NO,9559
chr3,114214955,114238171,NO,23216
chr11,61598459,61603188,NO,4729
chr17,62961072,62962602,NO,1530
chr14,61568420,61571479,NO,3059
chr1,231155255,231164863,NO,9608
chr5,172219728,172223909,NO,4181
chr8,144903505,144907828,NO,4323
chr8,22768515,22777080,NO,8565
chr2,40620935,40630755,NO,9820
chr12,116796351,116812021,NO,15670
chr17,70583591,70589185,NO,5594
chrX,49086308,49093931,NO,7623
chr6,3159659,3166405,NO,6746
chr13,30913388,30917166,NO,3778
chr2,233179446,233181603,NO,2157
chr2,187456733,187473181,NO,16448
chr6,169613014,169615913,NO,2899
chr17,74045326,74050956,NO,5630
chr3,115502459,115504459,NO,2000
chr1,158114639,158120494,NO,5855
chr5,142356841,142362955,NO,6114
chr8,33454469,33458011,NO,3542
chr22,46491739,46496961,NO,5222
chr1,208201867,208205998,NO,4131
chr15,68548620,68549891,NO,1271
chr4,24245945,24251724,NO,5779
chr15,74242541,74245631,NO,3090
chr1,90189171,90194851,NO,5680
chr21,17905907,17909947,NO,4040
chr1,47654934,47658499,NO,3565
chr11,9759681,9770467,NO,10786
chr16,31144360,31147810,NO,3450
chr3,187874966,187878044,NO,3078
chr5,131693990,131701741,NO,7751
chr12,69516625,69520288,NO,3663
chr1,153650369,153653375,NO,3006
chr1,36004438,36021464,NO,17026
chr17,40513517,40531958,NO,18441
chr1,145029628,145033404,NO,3776
chr15,79070214,79074468,NO,4254
chr6,82852437,82855992,NO,3555
chr14,89506586,89508088,NO,1502
chr8,124012717,124052197,NO,39480
chr6,31977962,31985550,NO,7588
chr8,33369823,33372715,NO,2892
chr16,68774213,68791119,NO,16906
chr2,130951925,130954989,NO,3064
chr1,228362149,228366951,NO,4802
chr17,73822523,73825360,NO,2837
chr13,32689189,32708774,NO,19585
chr1,16060667,16063828,NO,3161
chr1,15538707,15551562,NO,12855
chr2,95872564,95873956,NO,1392
chr9,649089,657030,NO,7941
chr13,32518672,32525950,NO,7278
chr6,163773472,163788407,NO,14935
chrX,130862607,130897504,NO,34897
chr1,230885673,230890041,NO,4368
chr10,4163491,4174964,NO,11473
chr22,36461260,36463043,NO,1783
chr9,101819800,101848971,NO,29171
chr11,10387733,10411029,NO,23296
chr2,202896754,202898327,NO,1573
chr6,11315924,11331069,NO,15145
chr7,151534807,151550034,NO,15227
chr5,16855769,16872553,NO,16784
chr9,2157135,2160474,NO,3339
chr4,72124972,72128369,NO,3397
chr10,99115269,99133794,NO,18525
chr7,92324588,92328370,NO,3782
chr17,115465,131293,NO,15828
chr14,65416463,65419486,NO,3023
chr1,13913738,13928045,NO,14307
chr22,38458424,38467155,NO,8731
chr9,97809753,97811654,NO,1901
chr11,9158712,9172361,NO,13649
chr1,40399243,40408202,NO,8959
chr10,69609006,69610164,NO,1158
chr8,144576065,144591616,NO,15551
chr9,2815674,2819163,NO,3489
chr7,97982230,97996387,NO,14157
chr9,126978380,126984074,NO,5694
chr12,119641028,119647272,NO,6244
chr7,1978363,1982642,NO,4279
chr1,202826898,202834945,NO,8047
chr17,25815917,25822922,NO,7005
chr2,174014986,174026273,NO,11287
chr17,19555240,19576011,NO,20771
chr6,2732179,2745299,NO,13120
chr7,66099234,66102068,NO,2834
chr17,48366260,48368386,NO,2126
chr21,38337990,38353603,NO,15613
chr11,128160074,128169969,NO,9895
chr1,220922965,220942318,NO,19353
chr2,222436039,222439104,NO,3065
chr17,74530559,74535209,NO,4650
chr16,14274288,14282142,NO,7854
chr16,27466517,27483267,NO,16750
chr19,40847165,40849447,NO,2282
chr18,53446261,53448732,NO,2471
chr3,114169819,114174321,NO,4502
chr15,83418320,83420048,NO,1728
chr10,91133373,91135385,NO,2012
chr18,55754993,55766062,NO,11069
chr1,243653921,243660672,NO,6751
chr16,54227073,54229191,NO,2118
chr14,55765168,55769574,NO,4406
chr19,57348344,57352055,NO,3711
chr7,99589764,99596239,NO,6475
chr2,74779855,74783536,NO,3681
chr6,125905185,125919956,NO,14771
chr3,9987685,9989691,NO,2006
chr3,129512637,129514796,NO,2159
chr11,130470424,130482776,NO,12352
chr6,35310017,35312384,NO,2367
chr1,178900874,178909074,NO,8200
chr6,168098757,168101540,NO,2783
chr2,135158042,135169637,NO,11595
chr8,22067215,22086023,NO,18808
chr1,218632322,218637245,NO,4923
chr22,47427444,47430524,NO,3080
chr3,187946484,187950326,NO,3842
chr3,32858982,32864044,NO,5062
chr14,32461778,32480677,NO,18899
chr9,131580292,131582812,NO,2520
chr2,133103925,133105987,NO,2062
chr4,25442253,25450835,NO,8582
chr17,48715168,48719198,NO,4030
chr1,9431245,9437991,NO,6746
chr9,140111104,140114035,NO,2931
chr20,48292897,48305108,NO,12211
chr20,61153987,61157323,NO,3336
chr9,35645885,35647753,NO,1868
chr6,16669974,16684977,NO,15003
chr8,125208322,125215039,NO,6717
chr15,65008937,65011646,NO,2709
chr14,100084120,100088063,NO,3943
chr8,74274754,74284753,NO,9999
chr2,8937095,8961908,NO,24813
chr6,40963985,40967179,NO,3194
chr17,7368783,7371501,NO,2718
chr1,94269384,94284449,NO,15065
chr8,144818970,144823692,NO,4722
chr9,93558448,93571492,NO,13044
chr16,2095623,2098954,NO,3331
chr15,59584644,59592944,NO,8300
chrX,149530731,149535382,NO,4651
chr2,31519034,31527094,NO,8060
chr2,232257266,232277361,NO,20095
chr21,43367853,43389650,NO,21797
chr19,45958369,45960086,NO,1717
chrX,39611869,39632139,NO,20270
chr20,30776722,30780175,NO,3453
chr1,113006884,113010151,NO,3267
chr17,66755267,66791402,NO,36135
chr9,34072230,34087741,NO,15511
chrX,64854536,64865646,NO,11110
chr17,29335079,29336747,NO,1668
chr9,101263650,101266952,NO,3302
chr11,8084189,8091815,NO,7626
chr10,124066739,124070250,NO,3511
chr3,197077910,197084002,NO,6092
chr7,44139952,44143815,NO,3863
chr3,50370318,50372519,NO,2201
chr4,82414748,82431089,NO,16341
chr19,1149868,1153187,NO,3319
chr10,13343235,13344948,NO,1713
chr16,88664499,88669148,NO,4649
chr8,128863511,128867874,NO,4363
chrX,41301023,41309621,NO,8598
chr13,111656575,111660168,NO,3593
chr15,49719766,49732163,NO,12397
chr7,140295492,140311066,NO,15574
chr1,120497335,120535485,NO,38150
chr8,123970162,123983272,NO,13110
chr10,80166913,80177343,NO,10430
chr19,53425848,53427884,NO,2036
chr3,186123670,186132416,NO,8746
chr9,97856911,97861381,NO,4470
chr7,98806054,98809968,NO,3914
chr6,163506861,163519867,NO,13006
chr2,237999402,238007371,NO,7969
chr13,114583523,114586298,NO,2775
chr11,78060373,78066035,NO,5662
chr1,150487261,150489098,NO,1837
chr13,44923560,44926250,NO,2690
chr15,72563889,72565937,NO,2048
chr11,116738249,116746393,NO,8144
chr3,49537449,49540164,NO,2715
chr1,207203306,207206147,NO,2841
chr12,27413354,27438886,NO,25532
chr6,39890790,39900303,NO,9513
chr1,41846930,41848982,NO,2052
chr17,8227551,8231066,NO,3515
chr19,45981016,45982677,NO,1661
chr3,49053461,49056629,NO,3168
chr2,7166640,7170440,NO,3800
chr8,1733806,1737136,NO,3330
chr4,23370867,23377000,NO,6133
chr7,17343988,17351987,NO,7999
chr19,49132498,49135342,NO,2844
chr20,58401546,58411885,NO,10339
chr10,29607040,29618579,NO,11539
chr5,66254098,66264463,NO,10365
chr4,79566453,79583820,NO,17367
chr18,6728699,6730262,NO,1563
chr21,46890565,46903618,NO,13053
chr2,128265697,128274425,NO,8728
chr2,17719644,17722294,NO,2650
chr19,50002008,50004713,NO,2705
chr4,184796234,184798815,NO,2581
chr11,1864858,1867436,NO,2578
chr19,50736586,50750678,NO,14092
chr17,26696673,26712571,NO,15898
chr13,99063322,99073538,NO,10216
chr6,15503847,15512900,NO,9053
chr11,100589919,100611765,NO,21846
chr12,6431332,6435202,NO,3870
chr16,23081946,23086623,NO,4677
chr9,71418592,71421853,NO,3261
chr11,123321372,123332414,NO,11042
chr6,1316092,1349216,NO,33124
chr3,182928174,182930779,NO,2605
chr1,110360736,110369567,NO,8831
chr1,228112477,228135499,NO,23022
chr15,80993910,81005079,NO,11169
chr5,14440265,14449985,NO,9720
chr2,86449736,86453508,NO,3772
chr2,98484863,98488443,NO,3580
chr6,109620188,109626525,NO,6337
chr15,85535296,85554750,NO,19454
chr22,28080630,28083741,NO,3111
chr17,45896624,45899949,NO,3325
chr15,99211734,99217935,NO,6201
chr10,91000774,91016236,NO,15462
chr14,99890473,99904309,NO,13836
chr6,128799213,128814208,NO,14995
chr19,4516295,4520284,NO,3989
chr2,26224502,26251600,NO,27098
chr1,42268257,42289809,NO,21552
chr20,43119990,43130423,NO,10433
chr1,211589340,211590727,NO,1387
chr8,432445,437797,NO,5352
chr5,172167148,172169607,NO,2459
chr18,2848586,2858409,NO,9823
chr6,150216137,150219467,NO,3330
chr19,10973448,10988289,NO,14841
chr17,16520694,16521566,NO,872
chr14,36919750,36924982,NO,5232
chr9,139584316,139586649,NO,2333
chr11,77962023,77980813,NO,18790
chr14,53372162,53389398,NO,17236
chr1,20810047,20821786,NO,11739
chr17,74441578,74445275,NO,3697
chr16,22434821,22437809,NO,2988
chr4,114356981,114370958,NO,13977
chr2,20716227,20733108,NO,16881
chr10,35709713,35714263,NO,4550
chr14,55093697,55098113,NO,4416
chr15,45570396,45572411,NO,2015
chr19,13214939,13216673,NO,1734
chrX,2259587,2271192,NO,11605
chr20,60706432,60709480,NO,3048
chr11,13281554,13284288,NO,2734
chr22,18451968,18456336,NO,4368
chr2,208866196,208879359,NO,13163
chr10,100028152,100030351,NO,2199
chr15,58798027,58821862,NO,23835
chr8,68871434,68881866,NO,10432
chr3,45074914,45079039,NO,4125
chr1,65887621,65896837,NO,9216
chr18,24443060,24448257,NO,5197
chr3,38619890,38623592,NO,3702
chr1,36704917,36715610,NO,10693
chr1,9377725,9401503,NO,23778
chr2,33746936,33761361,NO,14425
chr13,33923307,33928228,NO,4921
chr5,118665254,118676785,NO,11531
chr16,4666464,4667587,NO,1123
chr2,173193630,173206180,NO,12550
chr6,39809000,39820563,NO,11563
chr21,36575069,36582107,NO,7038
chr3,9710730,9724328,NO,13598
chr18,13450354,13471834,NO,21480
chr16,85080440,85090564,NO,10124
chr1,227615866,227629138,NO,13272
chr3,195886423,195892913,NO,6490
chr1,33592002,33593908,NO,1906
chr17,59205309,59223001,NO,17692
chr11,78021471,78031440,NO,9969
chr8,134028324,134044662,NO,16338
chr22,31565576,31583665,NO,18089
chr22,21219893,21223595,NO,3702
chr15,101563164,101568550,NO,5386
chr3,44974435,44996870,NO,22435
chr8,125784030,125797584,NO,13554
chr1,55387318,55394343,NO,7025
chr5,159591545,159597156,NO,5611
chr13,99187617,99198664,NO,11047
chr7,151145213,151158743,NO,13530
chr11,2932553,2936459,NO,3906
chr12,56400577,56408803,NO,8226
chr13,100007463,100010664,NO,3201
chr19,6765059,6768416,NO,3357
chr12,19189348,19193640,NO,4292
chr12,29468013,29473918,NO,5905
chr10,91037528,91056440,NO,18912
chr2,3631655,3634451,NO,2796
chr12,104996463,105009521,NO,13058
chr16,30382136,30384444,NO,2308
chr20,20190300,20197400,NO,7100
chr5,106877788,106893376,NO,15588
chr17,55109699,55114708,NO,5009
chr12,106130582,106138887,NO,8305
chr4,152607813,152616988,NO,9175
chr13,21648515,21655006,NO,6491
chr12,8085919,8088872,NO,2953
chr22,20789524,20797234,NO,7710
chr14,21505916,21509042,NO,3126
chr17,1316372,1328104,NO,11732
chr14,24030423,24042358,NO,11935
chr17,48736574,48740395,NO,3821
chr13,95922574,95933214,NO,10640
chr11,128480648,128498332,NO,17684
chr10,76677361,76691195,NO,13834
chr1,118320918,118321624,NO,706
chr1,212838444,212842320,NO,3876
chr22,24447228,24458266,NO,11038
chr17,73802770,73806518,NO,3748
chr17,61042440,61044662,NO,2222
chr22,19860692,19880446,NO,19754
chr16,56944480,56951786,NO,7306
chr10,50314432,50322620,NO,8188
chr13,43619089,43633354,NO,14265
chr4,177150716,177160441,NO,9725
chr9,99636701,99638493,NO,1792
chr19,43966935,43980113,NO,13178
chr19,18450567,18453653,NO,3086
chr2,243025910,243029122,NO,3212
chr3,141029820,141031828,NO,2008
chr13,24789798,24798968,NO,9170
chr15,39718686,39726218,NO,7532
chr6,36575548,36597690,NO,22142
chr11,34255450,34297496,NO,42046
chr1,27717098,27720196,NO,3098
chr1,25652410,25657564,NO,5154
chr19,8660634,8675768,NO,15134
chr2,179277947,179279804,NO,1857
chr12,133342597,133347322,NO,4725
chr6,107814049,107817819,NO,3770
chr6,112124993,112144756,NO,19763
chr4,169555163,169563528,NO,8365
chr11,20132220,20135008,NO,2788
chr10,11855374,11873993,NO,18619
chr3,71030304,71035711,NO,5407
chr7,97746010,97762792,NO,16782
chr6,53190705,53201419,NO,10714
chr14,23319686,23321459,NO,1773
chr3,128914110,128916980,NO,2870
chr5,141919658,141925403,NO,5745
chr1,53067072,53070278,NO,3206
chr1,6848499,6863644,NO,15145
chr22,22170992,22173796,NO,2804
chr12,52348231,52371082,NO,22851
chr22,35745928,35749794,NO,3866
chr2,135059008,135073173,NO,14165
chrX,118818617,118820732,NO,2115
chr11,112160398,112166030,NO,5632
chr3,72531550,72537696,NO,6146
chr9,107825933,107827707,NO,1774
chr12,7086294,7089173,NO,2879
chr2,85360052,85364484,NO,4432
chr16,68284872,68287555,NO,2683
chr13,21387503,21396657,NO,9154
chr17,48609945,48621155,NO,11210
chr1,60138704,60142011,NO,3307
chr1,150546813,150548731,NO,1918
chr7,984460,986191,NO,1731
chr3,43330237,43340766,NO,10529
chr16,71756579,71758572,NO,1993
chr3,127629595,127635575,NO,5980
chr20,42471668,42479557,NO,7889
chr8,13068491,13082852,NO,14361
chr9,136544471,136550254,NO,5783
chr17,421022,424885,NO,3863
chr10,72189567,72192933,NO,3366
chr19,7479965,7494140,NO,14175
chr3,153838545,153841334,NO,2789
chr20,52258605,52277781,NO,19176
chr5,138897098,138898426,NO,1328
chr6,34921174,34929823,NO,8649
chr21,27011087,27013619,NO,2532
chr2,3526179,3529369,NO,3190
chr11,75080571,75099972,NO,19401
chr5,66036321,66039861,NO,3540
chr8,126340418,126355363,NO,14945
chrX,71298167,71302095,NO,3928
chr16,30644960,30646537,NO,1577
chr3,197182805,197186157,NO,3352
chr14,32395113,32397812,NO,2699
chr4,174590069,174620552,NO,30483
chr17,45579103,45590117,NO,11014
chr9,130629449,130632479,NO,3030
chr13,32632581,32638798,NO,6217
chr17,66571957,66577491,NO,5534
chr3,139252406,139255939,NO,3533
chr4,75930277,75942887,NO,12610
chr17,4875241,4879339,NO,4098
chr7,74073808,74078839,NO,5031
chr17,43047334,43059167,NO,11833
chr11,45067144,45071214,NO,4070
chr22,35863360,35877508,NO,14148
chr6,13302068,13304975,NO,2907
chr5,126336907,126360406,NO,23499
chr5,32094906,32101319,NO,6413
chr17,21303681,21311034,NO,7353
chr20,62675601,62679131,NO,3530
chr11,706168,708934,NO,2766
chr6,43635306,43642814,NO,7508
chr10,86175220,86188528,NO,13308
chr9,124319516,124331769,NO,12253
chr3,185267293,185280146,NO,12853
chr9,125108582,125111377,NO,2795
chr1,201277750,201281317,NO,3567
chr17,73109795,73112053,NO,2258
chr14,23630200,23651381,NO,21181
chr10,52177185,52178770,NO,1585
chr2,26491127,26498724,NO,7597
chr3,17198805,17204005,NO,5200
chr2,70743060,70753217,NO,10157
chr16,31119173,31122208,NO,3035
chr21,46931558,46953758,NO,22200
chr7,47077710,47093046,NO,15336
chr12,80579817,80582127,NO,2310
chr2,43244828,43260835,NO,16007
chr14,104900813,104904202,NO,3389
chr8,19962639,19973390,NO,10751
chr18,46234948,46242784,NO,7836
chr14,61905186,61911440,NO,6254
chr12,121716318,121723023,NO,6705
chrX,2238505,2240084,NO,1579
chr16,1519666,1522375,NO,2709
chr6,28908046,28912494,NO,4448
chr5,169784661,169790615,NO,5954
chr16,89830733,89832472,NO,1739
chr6,131283859,131300269,NO,16410
chr20,56322795,56324853,NO,2058
chr4,153856597,153860268,NO,3671
chr12,57870812,57874072,NO,3260
chr12,6472320,6473666,NO,1346
chr2,15843482,15850577,NO,7095
chr16,85204348,85221344,NO,16996
chr12,56987496,56996065,NO,8569
chr9,126089594,126103134,NO,13540
chr19,45930836,45933866,NO,3030
chr22,25565291,25575740,NO,10449
chr2,242019592,242034405,NO,14813
chr17,41003111,41006867,NO,3756
chr8,38539413,38541794,NO,2381
chr19,23455946,23457332,NO,1386
chr10,20291401,20295258,NO,3857
chr7,116588513,116591993,NO,3480
chr16,88453216,88455722,NO,2506
chr7,6768655,6770442,NO,1787
chr19,17131136,17136063,NO,4927
chr8,141553733,141561609,NO,7876
chr10,3944295,3956159,NO,11864
chr11,267538,269763,NO,2225
chr9,90116953,90132371,NO,15418
chr17,33894345,33895876,NO,1531
chr7,6120109,6121600,NO,1491
chr14,64357327,64365189,NO,7862
chr2,135118114,135135989,NO,17875
chr9,97838937,97842264,NO,3327
chr17,1665033,1668240,NO,3207
chr9,92051127,92056901,NO,5774
chr16,88015971,88020557,NO,4586
chr12,122096327,122111464,NO,15137
chr10,92944522,92959424,NO,14902
chr1,226189672,226191028,NO,1356
chr8,131275114,131291711,NO,16597
chr1,61362417,61370981,NO,8564
chr2,239285367,239299959,NO,14592
chr22,25759457,25763136,NO,3679
chr4,6877063,6894907,NO,17844
chr17,73422380,73441264,NO,18884
chr19,42788701,42791451,NO,2750
chr4,26805931,26823820,NO,17889
chr14,91294001,91306456,NO,12455
chr2,201269419,201273787,NO,4368
chr5,65619963,65623855,NO,3892
chr2,153323027,153329545,NO,6518
chr2,114039721,114042544,NO,2823
chr17,73389319,73391061,NO,1742
chr1,167760290,167767356,NO,7066
chr11,69785421,69786901,NO,1480
chr10,93881376,93885595,NO,4219
chr7,150281712,150285218,NO,3506
chr16,31149222,31151049,NO,1827
chr11,125084221,125097136,NO,12915
chr6,31948127,31952812,NO,4685
chr4,186425273,186436277,NO,11004
chr17,462584,477348,NO,14764
chr13,110520862,110528585,NO,7723
chr1,145968377,145970223,NO,1846
chr1,147510111,147511957,NO,1846
chr8,11291005,11315636,NO,24631
chr10,28590841,28592685,NO,1844
chr8,116679218,116682058,NO,2840
chr16,82076473,82098027,NO,21554
chr22,39918469,39925913,NO,7444
chr1,201566116,201568461,NO,2345
chr1,223743338,223747031,NO,3693
chr17,62825390,62831313,NO,5923
chr3,8523513,8526611,NO,3098
chrX,47880308,47885810,NO,5502
chr1,56942396,56943827,NO,1431
chr1,204091617,204099122,NO,7505
chr2,54587034,54600506,NO,13472
chr1,3506413,3531041,NO,24628
chr1,15414734,15417721,NO,2987
chr6,149969024,149970412,NO,1388
chr11,94840609,94844606,NO,3997
chr22,33999913,34003263,NO,3350
chr1,233248269,233251081,NO,2812
chr12,43128900,43138007,NO,9107
chr11,75895015,75902592,NO,7577
chr6,139003782,139014860,NO,11078
chr17,26901468,26909096,NO,7628
chr22,33345577,33354475,NO,8898
chr6,157187055,157208555,NO,21500
chr11,111678712,111691559,NO,12847
chr17,55738485,55741710,NO,3225
chr12,105612041,105627841,NO,15800
chr16,23328041,23336759,NO,8718
chr1,54842290,54851332,NO,9042
chr6,150713003,150740910,NO,27907
chr14,68735402,68752615,NO,17213
chr6,74413814,74432682,NO,18868
chr4,62999223,63005121,NO,5898
chr4,90031706,90033688,NO,1982
chr9,138942843,138946527,NO,3684
chr22,28195279,28198706,NO,3427
chr4,78977193,78980889,NO,3696
chr14,100805952,100809041,NO,3089
chr2,157255890,157257776,NO,1886
chr2,64555013,64559585,NO,4572
chr9,116415912,116418374,NO,2462
chr20,24482292,24485853,NO,3561
chr3,168958409,168962595,NO,4186
chr15,77265096,77289871,NO,24775
chr9,132890468,132902112,NO,11644
chr3,187005983,187012080,NO,6097
chr20,3153595,3155303,NO,1708
chr16,23402135,23410980,NO,8845
chr7,90034173,90041890,NO,7717
chr17,37237882,37256483,NO,18601
chr3,146186617,146187932,NO,1315
chr5,6452661,6457180,NO,4519
chr2,30400332,30403298,NO,2966
chr12,57542017,57544018,NO,2001
chr8,103740156,103742681,NO,2525
chr10,24403599,24409831,NO,6232
chr1,33895311,33899777,NO,4466
chr15,68626184,68659518,NO,33334
chr10,95136229,95147650,NO,11421
chr1,41201793,41210752,NO,8959
chr3,53143888,53157233,NO,13345
chr11,130049207,130052731,NO,3524
chr1,203168229,203172633,NO,4404
chr14,32693940,32701175,NO,7235
chr6,6806922,6812569,NO,5647
chrX,52004484,52005884,NO,1400
chr1,28437050,28461887,NO,24837
chr17,33672254,33674567,NO,2313
chr10,75384695,75386488,NO,1793
chr13,40795995,40812206,NO,16211
chr13,47229715,47254853,NO,25138
chr9,131484359,131496069,NO,11710
chr16,3414383,3416176,NO,1793
chr3,58087813,58106653,NO,18840
chr13,59918018,59943228,NO,25210
chr21,45723324,45727829,NO,4505
chr11,120417385,120419938,NO,2553
chr2,12295299,12318384,NO,23085
chr14,103978533,103980167,NO,1634
chr19,13282713,13284643,NO,1930
chr19,39250255,39263359,NO,13104
chr7,111799002,111826490,NO,27488
chr6,39306233,39313767,NO,7534
chr7,70183819,70203890,NO,20071
chr17,26850755,26856011,NO,5256
chrX,99902452,99906061,NO,3609
chr12,104612130,104614339,NO,2209
chr18,10010053,10016608,NO,6555
chr11,64529548,64535914,NO,6366
chr22,42286965,42299743,NO,12778
chr3,45549335,45559868,NO,10533
chr12,56535755,56539097,NO,3342
chr10,72217668,72222974,NO,5306
chr3,9905840,9909138,NO,3298
chr3,12722728,12736653,NO,13925
chr6,82603125,82611781,NO,8656
chr5,171953746,171962327,NO,8581
chr22,38653202,38655908,NO,2706
chr12,122429084,122442810,NO,13726
chr10,65428797,65442527,NO,13730
chrX,108779559,108781041,NO,1482
chr20,10481934,10492515,NO,10581
chr1,1839596,1841628,NO,2032
chr15,68174692,68177816,NO,3124
chr3,158485910,158493992,NO,8082
chr3,193787924,193789787,NO,1863
chr9,97792568,97795971,NO,3403
chr21,33822835,33836974,NO,14139
chr21,44411974,44413806,NO,1832
chr1,93213476,93222679,NO,9203
chr7,26896960,26898854,NO,1894
chr9,112091114,112118761,NO,27647
chr17,2589951,2593205,NO,3254
chr17,39676592,39679555,NO,2963
chr9,100833781,100850540,NO,16759
chr8,2020411,2030400,NO,9989
chr12,3154128,3165331,NO,11203
chr3,43285473,43290865,NO,5392
chr17,8075605,8078525,NO,2920
chr22,25204365,25217023,NO,12658
chr2,89035084,89038926,NO,3842
chr16,31362627,31364869,NO,2242
chr3,64427129,64431363,NO,4234
chr2,26521171,26523731,NO,2560
chr5,67729026,67730995,NO,1969
chr13,52338192,52344945,NO,6753
chr20,18036514,18040079,NO,3565
chr11,65221630,65223346,NO,1716
chr1,109840100,109847829,NO,7729
chr21,47511390,47514117,NO,2727
chr8,29379806,29388494,NO,8688
chr10,24582146,24597886,NO,15740
chr18,71864907,71868537,NO,3630
chr4,1580814,1582515,NO,1701
chr16,67975425,67980731,NO,5306
chr3,13317784,13324283,NO,6499
chr17,25957986,25961169,NO,3183
chr12,120636939,120639403,NO,2464
chr1,16122356,16127995,NO,5639
chr6,35359183,35369939,NO,10756
chr8,129336074,129345949,NO,9875
chr2,240318069,240320878,NO,2809
chr3,72352843,72360968,NO,8125
chr8,41685104,41686925,NO,1821
chr1,218538203,218553824,NO,15621
chr10,50478943,50487261,NO,8318
chr16,11442516,11451978,NO,9462
chr3,171001001,171015212,NO,14211
chr12,2122071,2127979,NO,5908
chr7,99067296,99077012,NO,9716
chr11,65196469,65198175,NO,1706
chr21,17790966,17797272,NO,6306
chr11,77741199,77757786,NO,16587
chr2,230993554,230999270,NO,5716
chr8,61760533,61767195,NO,6662
chr12,131404361,131417382,NO,13021
chr5,172029174,172044574,NO,15400
chr17,1507624,1511120,NO,3496
chr11,126797808,126801194,NO,3386
chr2,96190870,96193249,NO,2379
chr16,150965,153854,NO,2889
chr14,103473256,103496752,NO,23496
chrX,51634920,51638773,NO,3853
chr4,170570746,170582087,NO,11341
chr1,40422604,40426994,NO,4390
chr14,55066640,55074284,NO,7644
chr1,43767498,43772714,NO,5216
chr6,27862081,27871206,NO,9125
chr7,51293358,51297278,NO,3920
chr1,149910658,149917007,NO,6349
chr17,74736159,74744947,NO,8788
chr11,95991349,96001246,NO,9897
chr15,64336119,64339452,NO,3333
chr18,53167277,53178439,NO,11162
chr14,95773356,95781721,NO,8365
chr6,15265059,15269854,NO,4795
chr17,55517249,55521374,NO,4125
chrX,11440209,11446843,NO,6634
chr11,95724409,95747451,NO,23042
chr14,101984293,101988617,NO,4324
chr10,88103303,88107528,NO,4225
chr10,89801351,89805592,NO,4241
chr8,27131789,27154303,NO,22514
chr17,46647276,46651378,NO,4102
chr17,41115343,41117018,NO,1675
chr5,142092086,142097511,NO,5425
chr2,40497801,40511047,NO,13246
chr6,149802584,149813557,NO,10973
chr1,183059602,183073017,NO,13415
chr2,89054941,89057759,NO,2818
chr12,121651512,121679608,NO,28096
chr1,109187428,109190445,NO,3017
chr6,106532041,106536582,NO,4541
chr17,30453778,30467991,NO,14213
chr7,135717324,135721849,NO,4525
chr4,141850790,141859867,NO,9077
chr8,2073977,2076037,NO,2060
chr8,125406224,125408806,NO,2582
chr9,121788029,121790682,NO,2653
chr16,66981332,66984066,NO,2734
chr17,8041422,8044854,NO,3432
chr1,74845781,74863356,NO,17575
chr3,145873669,145877184,NO,3515
chr6,136964507,136969428,NO,4921
chr6,168357141,168367872,NO,10731
chr5,40405534,40411917,NO,6383
chr16,89460196,89489963,NO,29767
chr13,45427800,45430440,NO,2640
chr10,30235387,30238333,NO,2946
chr7,74018520,74027386,NO,8866
chr1,226986008,226988329,NO,2321
chr15,55513019,55515404,NO,2385
chr12,6999533,7001321,NO,1788
chr14,65211929,65231277,NO,19348
chr9,139884828,139887972,NO,3144
chr19,49061258,49092795,NO,31537
chr2,103399608,103406653,NO,7045
chr15,80451899,80467785,NO,15886
chr19,53589315,53592456,NO,3141
chr9,69064631,69066123,NO,1492
chr3,99364537,99379568,NO,15031
chr1,147805930,147807779,NO,1849
chr7,45242625,45251970,NO,9345
chr15,69885913,69888726,NO,2813
chr1,40524814,40543647,NO,18833
chr6,152581935,152595374,NO,13439
chr6,15472253,15480329,NO,8076
chr6,149071919,149083304,NO,11385
chr6,4313191,4318549,NO,5358
chr7,5261811,5273018,NO,11207
chr3,188107360,188116859,NO,9499
chr19,48706426,48710339,NO,3913
chr8,1904788,1929392,NO,24604
chr12,112073282,112084101,NO,10819
chr14,93217074,93253029,NO,35955
chr2,164512649,164524664,NO,12015
chr1,207181304,207184648,NO,3344
chr14,96659930,96665457,NO,5527
chr8,70745168,70747691,NO,2523
chr1,23719704,23722156,NO,2452
chr17,36432446,36443447,NO,11001
chr5,66384958,66391979,NO,7021
chr6,110849859,110864877,NO,15018
chr1,7530490,7552804,NO,22314
chr18,3652284,3666477,NO,14193
chr6,3323433,3325883,NO,2450
chr12,15841192,15866781,NO,25589
chr1,234895533,234911983,NO,16450
chr20,16551477,16556536,NO,5059
chr17,78864779,78875286,NO,10507
chr13,98865977,98870958,NO,4981
chr5,58182123,58187905,NO,5782
chr19,13178755,13183840,NO,5085
chr15,96590312,96597656,NO,7344
chr12,66627685,66629481,NO,1796
chr1,168196796,168214161,NO,17365
chr7,31945865,31956874,NO,11009
chr19,35924357,35928834,NO,4477
chr5,179182043,179193384,NO,11341
chr16,49807386,49812962,NO,5576
chr17,17343284,17350734,NO,7450
chr12,51635691,51642295,NO,6604
chr16,28722258,28724165,NO,1907
chr2,188405941,188416569,NO,10628
chr9,16726520,16728268,NO,1748
chr6,150161470,150176612,NO,15142
chr20,3659842,3668377,NO,8535
chr6,135035271,135042834,NO,7563
chr11,34516446,34524523,NO,8077
chr12,18905207,18907667,NO,2460
chr3,119134450,119138265,NO,3815
chr5,41508293,41511541,NO,3248
chr10,44311593,44321676,NO,10083
chr2,70256617,70274900,NO,18283
chr9,100054126,100058091,NO,3965
chr20,52444294,52446969,NO,2675
chr17,47336865,47338738,NO,1873
chr1,194031412,194039502,NO,8090
chr11,129716428,129732643,NO,16215
chr7,100200693,100203930,NO,3237
chr15,28339546,28342534,NO,2988
chr10,71949557,71953646,NO,4089
chr4,169732510,169738782,NO,6272
chr2,101539939,101542292,NO,2353
chr19,18411346,18413270,NO,1924
chr4,75894072,75896514,NO,2442
chr22,44576627,44579371,NO,2744
chr3,13525583,13527491,NO,1908
chr19,11145477,11153812,NO,8335
chr13,114301201,114305186,NO,3985
chr2,11969073,11970819,NO,1746
chr6,37012539,37028162,NO,15623
chr2,236341497,236343306,NO,1809
chr1,85599312,85603822,NO,4510
chr10,76600835,76615314,NO,14479
chr11,72997882,73001031,NO,3149
chr4,8535432,8539889,NO,4457
chr4,2483631,2487750,NO,4119
chr6,164165313,164170645,NO,5332
chr2,71943220,71948667,NO,5447
chr8,23033742,23036051,NO,2309
chr5,31962229,31964542,NO,2313
chr6,46184079,46187194,NO,3115
chr20,56202213,56204389,NO,2176
chr20,62693426,62696265,NO,2839
chr5,106551325,106555458,NO,4133
chr4,113626522,113628204,NO,1682
chr1,74881453,74892694,NO,11241
chr10,75696906,75701216,NO,4310
chr10,556341,561017,NO,4676
chr17,42214952,42224757,NO,9805
chr16,89929288,89931444,NO,2156
chr2,242549152,242552421,NO,3269
chr22,44756081,44760949,NO,4868
chr17,1170510,1172301,NO,1791
chr2,208121081,208124383,NO,3302
chr14,76168496,76191737,NO,23241
chr5,149400857,149404717,NO,3860
chr14,102719522,102731797,NO,12275
chr5,148791279,148793658,NO,2379
chr1,159720729,159727024,NO,6295
chr10,75337264,75361951,NO,24687
chrX,15767608,15770348,NO,2740
chr14,77328894,77334692,NO,5798
chr12,27658034,27674598,NO,16564
chr12,56663694,56666965,NO,3271
chr3,69540835,69561143,NO,20308
chr6,14108901,14122932,NO,14031
chr1,23075812,23078441,NO,2629
chr8,124424608,124427046,NO,2438
chr6,31867406,31871059,NO,3653
chr5,65660214,65666947,NO,6733
chr2,46685936,46689276,NO,3340
chr4,8273160,8277918,NO,4758
chr2,38942850,38950263,NO,7413
chr5,176792973,176799599,NO,6626
chr16,19193831,19196862,NO,3031
chr16,11317848,11335171,NO,17323
chr5,688011,691790,NO,3779
chr11,126001181,126010977,NO,9796
chr1,27760624,27763279,NO,2655
chr7,31993503,32003894,NO,10391
chr3,8699003,8702155,NO,3152
chr11,3113159,3117608,NO,4449
chrX,64626412,64628322,NO,1910
chr12,89845302,89855684,NO,10382
chr3,128087531,128105071,NO,17540
chr1,86076601,86079277,NO,2676
chr5,53752734,53765919,NO,13185
chr12,96130430,96134484,NO,4054
chr15,75639047,75641518,NO,2471
chr6,136482270,136502537,NO,20267
chr2,239635835,239638572,NO,2737
chr16,31487431,31489738,NO,2307
chr16,10740355,10747156,NO,6801
chr9,80202626,80214851,NO,12225
chr16,71588941,71599876,NO,10935
chr7,27137304,27139115,NO,1811
chr15,67315838,67318682,NO,2844
chr1,200008206,200012298,NO,4092
chr1,244482949,244488583,NO,5634
chr1,18805401,18808594,NO,3193
chr12,105104050,105115435,NO,11385
chr1,246732580,246747717,NO,15137
chr3,29798222,29801845,NO,3623
chr17,42174107,42176019,NO,1912
chr12,15045303,15058815,NO,13512
chr6,123955924,123962283,NO,6359
chr2,240849980,240853001,NO,3021
chr17,47293373,47297348,NO,3975
chr12,106340418,106361319,NO,20901
chr11,112722586,112735322,NO,12736
chr19,13063083,13065808,NO,2725
chr19,2207890,2214928,NO,7038
chr3,30383716,30396856,NO,13140
chr19,34624894,34626192,NO,1298
chr15,67169338,67176870,NO,7532
chr13,31619032,31621694,NO,2662
chr5,112582022,112588252,NO,6230
chr8,134368161,134372806,NO,4645
chr14,62216489,62218501,NO,2012
chr6,16276908,16279538,NO,2630
chr18,7272383,7274258,NO,1875
chr8,52771152,52798210,NO,27058
chr3,171509574,171525271,NO,15697
chr5,142024205,142040558,NO,16353
chr6,106441633,106443458,NO,1825
chr22,20225983,20231428,NO,5445
chr21,44613548,44617768,NO,4220
chr9,86784619,86797470,NO,12851
chr21,39030628,39038986,NO,8358
chr22,18595724,18599754,NO,4030
chr1,167423677,167425833,NO,2156
chr5,32711683,32714623,NO,2940
chr2,238349470,238359678,NO,10208
chr3,10011275,10025200,NO,13925
chr16,4701002,4703576,NO,2574
chr2,217436562,217439293,NO,2731
chr1,7608500,7613302,NO,4802
chr3,38498857,38503188,NO,4331
chr6,139183289,139191219,NO,7930
chr10,99368344,99370413,NO,2069
chr1,153519607,153524258,NO,4651
chr3,186780709,186783650,NO,2941
chr7,115910059,115924441,NO,14382
chr9,613774,627760,NO,13986
chr17,66015932,66017182,NO,1250
chr17,29922674,29924687,NO,2013
chr14,101869106,101876201,NO,7095
chr17,33639737,33642592,NO,2855
chr5,148821692,148824347,NO,2655
chr12,13317855,13333095,NO,15240
chr16,87886287,87890224,NO,3937
chr17,229254,236133,NO,6879
chr2,46017022,46025288,NO,8266
chr7,22757344,22763801,NO,6457
chr18,32846651,32848349,NO,1698
chr14,91040772,91045367,NO,4595
chr16,2694811,2702449,NO,7638
chr1,167788811,167790263,NO,1452
chr3,197680009,197685915,NO,5906
chr16,86183992,86193146,NO,9154
chr20,58608560,58636021,NO,27461
chr13,113806938,113809373,NO,2435
chr12,57485781,57489102,NO,3321
chrX,69653353,69656020,NO,2667
chr1,246037622,246045601,NO,7979
chr1,2178961,2181468,NO,2507
chr3,148733149,148737987,NO,4838
chr6,139855008,139862413,NO,7405
chr1,116264423,116271445,NO,7022
chr16,46657082,46661070,NO,3988
chr16,2073159,2074806,NO,1647
chr17,76139308,76141926,NO,2618
chr7,140205890,140219639,NO,13749
chr12,124195868,124199188,NO,3320
chr6,33538521,33540450,NO,1929
chr1,44287701,44305090,NO,17389
chr2,121383546,121388830,NO,5284
chr8,101338569,101349993,NO,11424
chr10,3465256,3469007,NO,3751
chr12,3107429,3130518,NO,23089
chr10,112028335,112034287,NO,5952
chr11,118740264,118742121,NO,1857
chr11,12745230,12748082,NO,2852
chr20,48247132,48259397,NO,12265
chr3,187957340,187960701,NO,3361
chr6,41734251,41737362,NO,3111
chr16,9051729,9054915,NO,3186
chr17,7338480,7340974,NO,2494
chr19,10752958,10755850,NO,2892
chr12,47357124,47360121,NO,2997
chr1,59509131,59529714,NO,20583
chr14,25284920,25288767,NO,3847
chr6,72178848,72191522,NO,12674
chr7,93926908,93933596,NO,6688
chr5,78776875,78790301,NO,13426
chr18,7740696,7755756,NO,15060
chr9,93908647,93926964,NO,18317
chr18,8138641,8143272,NO,4631
chr2,102577154,102590527,NO,13373
chr2,234072772,234075598,NO,2826
chr3,127260425,127267365,NO,6940
chr16,29480762,29482602,NO,1840
chr12,63179132,63181352,NO,2220
chr1,43692752,43704902,NO,12150
chr19,39280639,39283950,NO,3311
chr9,99248308,99254847,NO,6539
chrX,40868924,40870339,NO,1415
chr12,95597797,95608058,NO,10261
chr2,235335010,235355912,NO,20902
chr1,205216172,205232257,NO,16085
chr17,40399491,40402078,NO,2587
chr9,100355354,100362252,NO,6898
chr12,53738084,53740543,NO,2459
chr7,73914239,73917411,NO,3172
chr2,25093932,25102243,NO,8311
chr12,54052326,54054491,NO,2165
chr1,25078137,25096898,NO,18761
chr7,6463370,6484085,NO,20715
chr8,326272,328762,NO,2490
chr3,32241027,32243966,NO,2939
chr2,96657150,96658736,NO,1586
chr17,73119899,73121776,NO,1877
chr3,186980743,186984807,NO,4064
chr15,74470515,74474240,NO,3725
chr4,105414552,105421971,NO,7419
chr19,37266229,37267317,NO,1088
chr8,102138064,102150366,NO,12302
chr20,62418146,62424979,NO,6833
chr7,111720562,111725267,NO,4705
chr5,76085251,76088121,NO,2870
chr12,50260987,50264351,NO,3364
chr10,30288710,30297123,NO,8413
chr1,54684495,54688033,NO,3538
chr16,57070738,57076767,NO,6029
chr8,22802700,22811229,NO,8529
chrX,79828983,79830639,NO,1656
chr11,36419598,36433804,NO,14206
chr8,42269123,42271904,NO,2781
chr22,25289485,25291627,NO,2142
chr4,114213088,114222127,NO,9039
chr6,126239250,126246534,NO,7284
chr2,228270917,228281953,NO,11036
chr6,28072175,28073294,NO,1119
chr5,149011230,149021174,NO,9944
chr17,1633051,1634918,NO,1867
chr16,72105004,72108455,NO,3451
chr16,11072495,11074646,NO,2151
chr1,86010439,86022151,NO,11712
chr11,64917689,64919219,NO,1530
chr10,82172832,82176934,NO,4102
chr2,223655791,223671051,NO,15260
chr7,73399389,73421720,NO,22331
chr5,39395141,39400848,NO,5707
chr10,80806591,80812012,NO,5421
chr3,129363839,129384335,NO,20496
chr9,130679496,130682212,NO,2716
chr9,74292432,74297374,NO,4942
chr2,62702045,62705930,NO,3885
chr5,176322430,176329831,NO,7401
chr8,23618366,23622539,NO,4173
chr7,138642632,138652984,NO,10352
chr15,69417558,69422547,NO,4989
chr20,61506703,61509041,NO,2338
chr10,52309975,52321373,NO,11398
chr11,44878661,44884850,NO,6189
chr11,35103776,35110372,NO,6596
chrX,111623731,111625473,NO,1742
chr20,48363798,48365248,NO,1450
chr2,30515956,30525205,NO,9249
chr17,1654977,1656812,NO,1835
chr11,30605515,30608644,NO,3129
chr13,31019340,31020903,NO,1563
chr19,49126454,49128676,NO,2222
chr6,32011494,32016737,NO,5243
chr12,130567904,130572827,NO,4923
chr14,65307198,65309949,NO,2751
chr20,34733513,34742513,NO,9000
chr7,92264060,92275269,NO,11209
chr19,15320903,15335294,NO,14391
chr17,57860142,57865924,NO,5782
chr16,69514817,69517066,NO,2249
chr1,53370147,53386243,NO,16096
chr17,8577068,8585207,NO,8139
chr10,75607911,75611622,NO,3711
chr6,122448058,122451795,NO,3737
chr2,198748635,198759280,NO,10645
chr14,69545330,69561438,NO,16108
chr18,33092545,33106777,NO,14232
chr5,172350328,172354373,NO,4045
chr13,113468662,113483736,NO,15074
chrX,128799719,128813114,NO,13395
chr11,44028569,44055447,NO,26878
chrX,153212093,153215683,NO,3590
chr16,24742926,24759788,NO,16862
chr7,140234106,140243027,NO,8921
chr17,12692566,12695392,NO,2826
chr12,53318465,53322326,NO,3861
chr10,28614927,28624305,NO,9378
chr7,76867905,76875827,NO,7922
chr17,30048330,30052263,NO,3933
chr19,37177421,37179236,NO,1815
chr5,10701720,10705908,NO,4188
chr11,3963422,3969511,NO,6089
chr9,4548952,4555474,NO,6522
chr1,10437873,10449218,NO,11345
chr12,117578421,117589222,NO,10801
chr14,63902092,63905576,NO,3484
chr2,178029602,178035327,NO,5725
chr3,46242607,46264367,NO,21760
chr4,1761133,1772112,NO,10979
chr3,107700147,107721237,NO,21090
chr6,32053420,32057833,NO,4413
chr16,14749597,14766873,NO,17276
chr2,86078271,86081893,NO,3622
chr7,158575117,158579917,NO,4800
chr12,68220635,68222959,NO,2324
chr4,106911206,106913426,NO,2220
chr17,48245200,48249780,NO,4580
chr16,82767394,82771111,NO,3717
chr9,97787281,97789139,NO,1858
chr20,42930439,42936084,NO,5645
chr11,704044,706119,NO,2075
chr17,1493023,1494885,NO,1862
chr17,75877081,75884558,NO,7477
chr3,177308667,177337761,NO,29094
chr10,21618975,21639641,NO,20666
chr6,159190434,159203998,NO,13564
chr12,122248097,122251766,NO,3669
chr3,61790596,61797133,NO,6537
chr14,104119736,104130507,NO,10771
chr6,144585204,144587879,NO,2675
chrX,54665634,54667749,NO,2115
chr19,1565576,1567943,NO,2367
chr5,139968649,139992550,NO,23901
chr2,153276948,153289824,NO,12876
chr1,118171472,118175747,NO,4275
chr13,52295457,52314721,NO,19264
chr9,13785912,13788485,NO,2573
chr3,152272669,152276053,NO,3384
chr17,5014512,5015957,NO,1445
chr3,187700720,187705118,NO,4398
chr14,51861274,51864350,NO,3076
chr20,49377637,49384857,NO,7220
chr16,4709176,4712326,NO,3150
chr6,133561494,133564600,NO,3106
chr13,31263646,31271950,NO,8304
chr10,20210457,20221031,NO,10574
chr6,138801190,138815096,NO,13906
chr1,68606713,68613970,NO,7257
chr5,72244718,72249968,NO,5250
chr1,8298282,8320444,NO,22162
chr3,188489875,188498888,NO,9013
chr8,125273590,125284516,NO,10926
chr9,92170401,92172084,NO,1683
chr4,38319799,38322492,NO,2693
chr11,45679096,45681933,NO,2837
chr11,65372845,65375824,NO,2979
chr10,33405591,33418615,NO,13024
chr3,99639086,99648995,NO,9909
chr8,135876985,135884595,NO,7610
chr6,27145147,27156924,NO,11777
chr14,36723098,36742654,NO,19556
chr8,12808475,12810242,NO,1767
chr16,16045603,16054833,NO,9230
chr8,96063602,96082558,NO,18956
chr16,4713440,4715559,NO,2119
chr16,67249223,67252071,NO,2848
chr2,26831851,26847492,NO,15641
chr7,17407481,17411314,NO,3833
chr4,40577495,40589701,NO,12206
chr12,13288233,13302433,NO,14200
chr1,115725677,115728408,NO,2731
chr7,27144953,27146744,NO,1791
chr17,48209314,48211397,NO,2083
chr2,37994361,37997325,NO,2964
chr10,72055258,72057488,NO,2230
chr9,118706002,118708007,NO,2005
chr17,33863732,33868339,NO,4607
chr8,52671478,52686303,NO,14825
chr7,118337,130454,NO,12117
chr8,13316784,13330489,NO,13705
chr2,112416385,112418493,NO,2108
chr2,223573564,223579984,NO,6420
chr8,128980680,128984046,NO,3366
chr6,41024236,41027632,NO,3396
chr15,26326745,26328406,NO,1661
chr6,32048252,32051624,NO,3372
chr6,35132714,35154393,NO,21679
chr1,25687645,25692022,NO,4377
chrX,68209104,68217750,NO,8646
chr3,155455636,155464091,NO,8455
chr9,4832761,4845007,NO,12246
chr1,9239898,9257252,NO,17354
chr8,93082817,93097485,NO,14668
chr19,11958457,11960386,NO,1929
chr1,179059933,179078118,NO,18185
chr2,102967943,102974960,NO,7017
chr10,43856930,43858642,NO,1712
chr6,16541183,16545417,NO,4234
chr11,46614560,46616251,NO,1691
chr9,33320099,33330583,NO,10484
chr16,66439899,66443038,NO,3139
chr3,171038512,171052816,NO,14304
chr2,37732820,37735982,NO,3162
chr15,41077522,41082045,NO,4523
chr12,12987521,12990997,NO,3476
chr4,185203043,185210631,NO,7588
chr19,10722574,10724102,NO,1528
chr16,69477693,69483075,NO,5382
chr7,2196706,2213593,NO,16887
chr8,135726344,135733979,NO,7635
chr13,31439083,31455969,NO,16886
chr11,95828685,95832392,NO,3707
chr19,8482721,8489997,NO,7276
chr17,40995670,40999775,NO,4105
chrX,48793340,48799525,NO,6185
chr6,111983727,111988399,NO,4672
chr19,44711286,44712287,NO,1001
chr8,133154529,133156634,NO,2105
chr12,13128504,13146601,NO,18097
chr3,190298235,190315545,NO,17310
chr6,31547812,31550293,NO,2481
chr6,35658808,35660196,NO,1388
chr17,63096045,63103425,NO,7380
chr6,152449778,152452089,NO,2311
chr22,43658748,43669756,NO,11008
chr16,67522881,67539157,NO,16276
chr10,30072142,30101497,NO,29355
chr17,41386717,41393773,NO,7056
chr4,2714988,2718282,NO,3294
chr9,134356609,134360801,NO,4192
chr7,130904095,130920951,NO,16856
chr1,44323604,44346588,NO,22984
chr12,6539109,6541100,NO,1991
chr9,139868273,139871302,NO,3029
chr22,50881603,50884752,NO,3149
chr10,126247212,126249966,NO,2754
chr13,41013324,41019925,NO,6601
chr5,138513007,138515695,NO,2688
chr12,65124186,65129045,NO,4859
chr6,31887672,31897348,NO,9676
chr5,159783811,159791151,NO,7340
chr1,175095512,175100023,NO,4511
chr4,77751526,77753795,NO,2269
chr11,130013868,130017380,NO,3512
chr11,74171122,74174340,NO,3218
chr12,29712096,29717732,NO,5636
chr3,188606037,188624355,NO,18318
chr1,35913393,35920394,NO,7001
chr10,18727121,18730101,NO,2980
chr5,371061,374936,NO,3875
chr3,11506879,11523938,NO,17059
chr6,151605640,151615893,NO,10253
chr14,31730761,31733710,NO,2949
chr11,28131409,28132786,NO,1377
chr2,160105899,160119686,NO,13787
chr3,75375545,75391339,NO,15794
chr13,107136984,107149317,NO,12333
chr17,20811034,20812738,NO,1704
chr16,1230005,1233202,NO,3197
chr7,73993963,74002572,NO,8609
chr16,70511912,70514423,NO,2511
chr19,21750395,21753045,NO,2650
chr9,117102232,117112644,NO,10412
chr7,151295991,151298538,NO,2547
chr6,55951363,55956775,NO,5412
chr1,118357984,118370022,NO,12038
chr3,24562610,24564116,NO,1506
chr21,47714522,47718349,NO,3827
chr4,100635839,100645455,NO,9616
chr6,138017943,138029100,NO,11157
chr11,125153726,125171536,NO,17810
chr3,182867927,182879174,NO,11247
chr7,2751696,2775571,NO,23875
chr12,116892471,116895078,NO,2607
chr16,666355,667694,NO,1339
chr5,81074019,81076189,NO,2170
chr1,28104476,28116818,NO,12342
chr19,45714513,45719761,NO,5248
chr19,56158654,56161348,NO,2694
chr20,52353327,52368328,NO,15001
chr22,36519043,36520705,NO,1662
chr15,68991433,68997765,NO,6332
chr3,121342980,121349115,NO,6135
chr10,30871804,30873868,NO,2064
chr6,6915509,6928844,NO,13335
chr14,99990400,100004907,NO,14507
chr7,150481856,150486532,NO,4676
chr18,43533262,43543627,NO,10365
chr13,99867562,99881812,NO,14250
chr2,85814134,85816920,NO,2786
chr7,150032461,150038786,NO,6325
chr10,70752217,70758099,NO,5882
chr1,182998129,183012174,NO,14045
chr1,180894082,180897397,NO,3315
chr10,44184853,44186430,NO,1577
chr2,38043658,38057669,NO,14011
chr17,42081751,42085082,NO,3331
chr21,30449238,30452330,NO,3092
chr2,67787042,67789729,NO,2687
chr12,76337528,76348520,NO,10992
chr19,58070054,58072032,NO,1978
chr2,175458348,175465289,NO,6941
chr15,26029969,26035799,NO,5830
chr6,43939187,43941787,NO,2600
chr1,17304078,17311951,NO,7873
chr13,41557240,41568012,NO,10772
chr7,130740359,130757930,NO,17571
chr1,203036426,203039386,NO,2960
chr13,21871347,21873431,NO,2084
chr2,69440081,69449554,NO,9473
chr7,130711824,130727488,NO,15664
chr8,68895464,68899073,NO,3609
chr10,11115137,11129740,NO,14603
chr9,4083949,4114386,NO,30437
chr3,49567973,49578482,NO,10509
chr2,201605466,201608284,NO,2818
chr3,127672570,127680768,NO,8198
chr1,45187171,45197170,NO,9999
chr7,116708742,116717589,NO,8847
chr3,69339155,69356663,NO,17508
chr3,29723718,29738513,NO,14795
chr6,157848800,157856569,NO,7769
chr4,148280699,148291891,NO,11192
chr16,29998702,30001497,NO,2795
chr5,57538277,57543140,NO,4863
chr3,194650864,194653423,NO,2559
chr12,106052270,106069762,NO,17492
chr21,42839378,42858104,NO,18726
chr6,14705870,14729628,NO,23758
chr14,75477608,75492939,NO,15331
chr12,7592208,7592975,NO,767
chr3,136713147,136715246,NO,2099
chr7,129078344,129084087,NO,5743
chr19,59009471,59011853,NO,2382
chr8,13049707,13052643,NO,2936
chr17,76660570,76663647,NO,3077
chr1,2134534,2136367,NO,1833
chr11,47486608,47489458,NO,2850
chr8,95231950,95255013,NO,23063
chr6,14910500,14923781,NO,13281
chr3,49331654,49335921,NO,4267
chr1,46636660,46638489,NO,1829
chr10,135090772,135093804,NO,3032
chr19,19077982,19097051,NO,19069
chr17,19410402,19412362,NO,1960
chr6,150938492,150953886,NO,15394
chr12,32675109,32688806,NO,13697
chr5,32224475,32234805,NO,10330
chr2,31541188,31546037,NO,4849
chr18,42370281,42383657,NO,13376
chr17,33349090,33351395,NO,2305
chr4,20252934,20257339,NO,4405
chr4,186785978,186792224,NO,6246
chr9,97949347,97953291,NO,3944
chr17,47467297,47482336,NO,15039
chr11,47274937,47277102,NO,2165
chr1,21949085,21951626,NO,2541
chr2,33436207,33446132,NO,9925
chr1,165567036,165568296,NO,1260
chr9,107588355,107605200,NO,16845
chr11,34366178,34368922,NO,2744
chr18,8620588,8626096,NO,5508
chr2,100937095,100939394,NO,2299
chr5,141394977,141405078,NO,10101
chr2,179664818,179670124,NO,5306
chr6,11650013,11654432,NO,4419
chrX,119619012,119620448,NO,1436
chr12,94287516,94289569,NO,2053
chr19,13154809,13158044,NO,3235
chr1,81771576,81780521,NO,8945
chr19,41076818,41086917,NO,10099
chr3,73008454,73011635,NO,3181
chr13,34295051,34305089,NO,10038
chr10,79594360,79607467,NO,13107
chr3,4621983,4627044,NO,5061
chr19,42051843,42056479,NO,4636
chr11,46563220,46582953,NO,19733
chr9,96226637,96231722,NO,5085
chr19,2239748,2242673,NO,2925
chr9,132310129,132313348,NO,3219
chr21,28336518,28340457,NO,3939
chr13,46007203,46016171,NO,8968
chr10,103648919,103654760,NO,5841
chr8,59308615,59310771,NO,2156
chr19,56122004,56124337,NO,2333
chr19,49480880,49483821,NO,2941
chr1,212247771,212262283,NO,14512
chr16,2530369,2534015,NO,3646
chr1,145091707,145093106,NO,1399
chr17,48216423,48218978,NO,2555
chr11,10510289,10524739,NO,14450
chr2,192745907,192747249,NO,1342
chr3,187934110,187936590,NO,2480
chr1,211779349,211787586,NO,8237
chr4,143184828,143187728,NO,2900
chr17,47591196,47593996,NO,2800
chr17,74138944,74142948,NO,4004
chr17,8094811,8096542,NO,1731
chr17,8818704,8826758,NO,8054
chr8,8241138,8244712,NO,3574
chr18,43914731,43925177,NO,10446
chr6,53412029,53413835,NO,1806
chr2,128479500,128493048,NO,13548
chr1,237233451,237238602,NO,5151
chr1,3338354,3341512,NO,3158
chr8,82005666,82022359,NO,16693
chr8,26688762,26699403,NO,10641
chr9,110309836,110311852,NO,2016
chr10,12740969,12763233,NO,22264
chr17,75249456,75252047,NO,2591
chr15,62464018,62466825,NO,2807
chr1,29527928,29529710,NO,1782
chr1,85763001,85765071,NO,2070
chr9,35660000,35663044,NO,3044
chr20,1168736,1188020,NO,19284
chr8,27792803,27807638,NO,14835
chr10,114778485,114788547,NO,10062
chr15,70766402,70785510,NO,19108
chr9,114773750,114775858,NO,2108
chr8,17193378,17221174,NO,27796
chr14,103664354,103674621,NO,10267
chr14,105618264,105621318,NO,3054
chr14,23914012,23916335,NO,2323
chr17,63118818,63120144,NO,1326
chr6,15399793,15403447,NO,3654
chr19,55003368,55017062,NO,13694
chr16,57923182,57928890,NO,5708
chr6,157416996,157429978,NO,12982
chrX,154027354,154030726,NO,3372
chr17,43200700,43202432,NO,1732
chr4,900519,907457,NO,6938
chr2,10259701,10261314,NO,1613
chr3,48075137,48081264,NO,6127
chr3,50609270,50612567,NO,3297
chr21,45469932,45473163,NO,3231
chr10,92835728,92838860,NO,3132
chr8,49528985,49533985,NO,5000
chr2,100906814,100908941,NO,2127
chr9,131960133,131965758,NO,5625
chr5,106906391,106909239,NO,2848
chrX,18692398,18694132,NO,1734
chr2,239170040,239173451,NO,3411
chr5,149250517,149257816,NO,7299
chr3,50674977,50678172,NO,3195
chr2,70158943,70174688,NO,15745
chr7,44143884,44146058,NO,2174
chr3,53550231,53560684,NO,10453
chr2,45896197,45903512,NO,7315
chr5,139379701,139391676,NO,11975
chr22,42835523,42841147,NO,5624
chr3,133770604,133787131,NO,16527
chr3,124596624,124598664,NO,2040
chr1,161175909,161178278,NO,2369
chr10,100075781,100083824,NO,8043
chrX,70401250,70403237,NO,1987
chr15,77818621,77836362,NO,17741
chr6,11770110,11772235,NO,2125
chr22,38688158,38693033,NO,4875
chr6,34902281,34908388,NO,6107
chr3,52704420,52716321,NO,11901
chr12,53338035,53341376,NO,3341
chr7,50564148,50571287,NO,7139
chr20,22697178,22700281,NO,3103
chr6,106611200,106613113,NO,1913
chrX,53467269,53469425,NO,2156
chr1,74933407,74937311,NO,3904
chr2,70335011,70336544,NO,1533
chr3,50629428,50631143,NO,1715
chr13,29317709,29329694,NO,11985
chr16,67959275,67961776,NO,2501
chr4,154439692,154460355,NO,20663
chr5,172114493,172118230,NO,3737
chr7,20258602,20260317,NO,1715
chr18,46542858,46548512,NO,5654
chr7,100047482,100048822,NO,1340
chr12,96883096,96896827,NO,13731
chr2,216612728,216615433,NO,2705
chr22,51051291,51062025,NO,10734
chr5,135388409,135407206,NO,18797
chr3,58612426,58615629,NO,3203
chr1,26248564,26250268,NO,1704
chr20,48701561,48704549,NO,2988
chr1,182317992,182332107,NO,14115
chr18,12640190,12646659,NO,6469
chr12,14706451,14708536,NO,2085
chr3,61910321,61914250,NO,3929
chr5,142280857,142287144,NO,6287
chr12,107151269,107154253,NO,2984
chr11,61103456,61116868,NO,13412
chr21,40756629,40758720,NO,2091
chr5,159303957,159306512,NO,2555
chr11,94807254,94815979,NO,8725
chr16,86274578,86278834,NO,4256
chr9,123236399,123252842,NO,16443
chr22,33096214,33120344,NO,24130
chr21,36166852,36181289,NO,14437
chr11,120056349,120060044,NO,3695
chr14,65271945,65274821,NO,2876
chr9,97842703,97846359,NO,3656
chr1,32252857,32255461,NO,2604
chr11,118185888,118190577,NO,4689
chr22,30169146,30181414,NO,12268
chr1,173398357,173399763,NO,1406
chr4,41052208,41054852,NO,2644
chr8,19577625,19588997,NO,11372
chr10,50288780,50299482,NO,10702
chr18,73976135,73978556,NO,2421
chr5,50218022,50220303,NO,2281
chr19,12305078,12306652,NO,1574
chr5,53941876,53943760,NO,1884
chr14,73079546,73084839,NO,5293
chr11,72122519,72126053,NO,3534
chr1,21900128,21902150,NO,2022
chr9,7144161,7148605,NO,4444
chr16,71960445,71963660,NO,3215
chr20,55731932,55743761,NO,11829
chr1,181997964,181999749,NO,1785
chr1,165391916,165395471,NO,3555
chr5,141980124,141989598,NO,9474
chr3,169762129,169767891,NO,5762
chr1,56839526,56843067,NO,3541
chr8,2362913,2365170,NO,2257
chr3,133254517,133266847,NO,12330
chr3,8569699,8572800,NO,3101
chr1,2204112,2207060,NO,2948
chr1,202250379,202257248,NO,6869
chr1,7704848,7709978,NO,5130
chr2,217928155,217940756,NO,12601
chr13,111930579,111935792,NO,5213
chr7,65564333,65565825,NO,1492
chr18,56289628,56293919,NO,4291
chr10,126211123,126214884,NO,3761
chr10,11156824,11160765,NO,3941
chr6,35267929,35286788,NO,18859
chr14,34549201,34551498,NO,2297
chr16,14796596,14797945,NO,1349
chr16,14835718,14837067,NO,1349
chr19,55765051,55767545,NO,2494
chr10,71443924,71446513,NO,2589
chr1,227947302,227951965,NO,4663
chr11,45354161,45355856,NO,1695
chr1,32131034,32137414,NO,6380
chr13,30037100,30040703,NO,3603
chrX,103172583,103174606,NO,2023
chr7,134888335,134893617,NO,5282
chr4,89146218,89153025,NO,6807
chr15,99596697,99603313,NO,6616
chr6,11606249,11610430,NO,4181
chr2,56066943,56070812,NO,3869
chr9,90326620,90329156,NO,2536
chr1,26193893,26203280,NO,9387
chr17,53652867,53661677,NO,8810
chr6,26474040,26475822,NO,1782
chr19,868177,872839,NO,4662
chr11,63947951,63949949,NO,1998
chr5,87436692,87442416,NO,5724
chr17,72763220,72765485,NO,2265
chr1,227544079,227546081,NO,2002
chr16,8725479,8739328,NO,13849
chr18,13136495,13139004,NO,2509
chr9,136225886,136239451,NO,13565
chr10,34389795,34406457,NO,16662
chr1,10166204,10169773,NO,3569
chr1,23960783,23962342,NO,1559
chr12,7302839,7309834,NO,6995
chr9,72735015,72742904,NO,7889
chr18,13259693,13268872,NO,9179
chr4,38530607,38531861,NO,1254
chr19,3952562,3954835,NO,2273
chr9,71437516,71452322,NO,14806
chr3,25613868,25616306,NO,2438
chr22,47558880,47571817,NO,12937
chr2,27192910,27205582,NO,12672
chr9,100981653,100986246,NO,4593
chr22,39128903,39132436,NO,3533
chrX,39667724,39677789,NO,10065
chr17,43354573,43356699,NO,2126
chr15,101779309,101784835,NO,5526
chr3,43358089,43368346,NO,10257
chr11,123300103,123302352,NO,2249
chr14,76288040,76299802,NO,11762
chr5,176521175,176526209,NO,5034
chr5,111665182,111675175,NO,9993
chrX,40503683,40505011,NO,1328
chr19,35327976,35330301,NO,2325
chr19,5893559,5896920,NO,3361
chr5,158200986,158205453,NO,4467
chr1,203408605,203418057,NO,9452
chr17,7854753,7864368,NO,9615
chr1,173159028,173160956,NO,1928
chr14,95064824,95068953,NO,4129
chr17,18313886,18316031,NO,2145
chrX,133682414,133684529,NO,2115
chr19,4013786,4024785,NO,10999
chr10,104092687,104095656,NO,2969
chr1,78356827,78366204,NO,9377
chr9,131122955,131128035,NO,5080
chr16,88121697,88127088,NO,5391
chr20,17908880,17920376,NO,11496
chr3,48595512,48599272,NO,3760
chr2,241898775,241905687,NO,6912
chr11,125294242,125297360,NO,3118
chr6,139153557,139165853,NO,12296
chr9,116750557,116767235,NO,16678
chr20,50062688,50074331,NO,11643
chr18,74664085,74669207,NO,5122
chr3,149057024,149061512,NO,4488
chr22,41592474,41594330,NO,1856
chr7,64001604,64020038,NO,18434
chr18,9741393,9744131,NO,2738
chr12,94453245,94469798,NO,16553
chr7,55600632,55620669,NO,20037
chr1,237025225,237034190,NO,8965
chr16,69950292,69961718,NO,11426
chr8,8312701,8320125,NO,7424
chr11,112647127,112656867,NO,9740
chr12,68103121,68115454,NO,12333
chrX,49046780,49048530,NO,1750
chr17,3701346,3706952,NO,5606
chr1,173091683,173093201,NO,1518
chr9,137096262,137108731,NO,12469
chr20,13322298,13324374,NO,2076
chr19,54048445,54052959,NO,4514
chr19,510312,513614,NO,3302
chr8,144360481,144364445,NO,3964
chr19,10399337,10404168,NO,4831
chr6,6591145,6594342,NO,3197
chr22,18289599,18292181,NO,2582
chr11,124789355,124791787,NO,2432
chr18,32238132,32240660,NO,2528
chr3,12689870,12702484,NO,12614
chr20,9090222,9102136,NO,11914
chr14,62522669,62524025,NO,1356
chr1,68024478,68038900,NO,14422
chr14,96494976,96497671,NO,2695
chr15,74092351,74096196,NO,3845
chr17,1682553,1684195,NO,1642
chr14,76112221,76115382,NO,3161
chr9,2231807,2243075,NO,11268
chr17,64574050,64577257,NO,3207
chr2,37749106,37763661,NO,14555
chr1,229999167,230001125,NO,1958
chr18,34207643,34210134,NO,2491
chr1,244326173,244328267,NO,2094
chr15,30126845,30133798,NO,6953
chr7,34786594,34788936,NO,2342
chr7,577267,583380,NO,6113
chr4,39446692,39449297,NO,2605
chr19,44066184,44068113,NO,1929
chr9,2494182,2498257,NO,4075
chr1,45813269,45827070,NO,13801
chr17,48103516,48106872,NO,3356
chr16,81785664,81790787,NO,5123
chr2,219158433,219160743,NO,2310
chr1,223306540,223314965,NO,8425
chr5,71218420,71229594,NO,11174
chr10,102124601,102131698,NO,7097
chr1,16086933,16088858,NO,1925
chr14,68666016,68678618,NO,12602
chr19,39918291,39920029,NO,1738
chr20,34709187,34711086,NO,1899
chr2,238448084,238457163,NO,9079
chr19,18652098,18654526,NO,2428
chr8,101911833,101921545,NO,9712
chr17,68132792,68134819,NO,2027
chr17,43384671,43386139,NO,1468
chr2,173687058,173701452,NO,14394
chr9,137417645,137439007,NO,21362
chr17,38213660,38216650,NO,2990
chr12,22034441,22045666,NO,11225
chr1,120758301,120762226,NO,3925
chr17,41043356,41046668,NO,3312
chr8,99410073,99415499,NO,5426
chr8,133332583,133335538,NO,2955
chr21,35570705,35575673,NO,4968
chr12,9316247,9323569,NO,7322
chr8,126619426,126622039,NO,2613
chr14,69782683,69785249,NO,2566
chr8,101224880,101226191,NO,1311
chr3,140794831,140797730,NO,2899
chr17,20900664,20906333,NO,5669
chr5,148806380,148809009,NO,2629
chr2,158640748,158647934,NO,7186
chr7,131749788,131752335,NO,2547
chr6,116705311,116731334,NO,26023
chr19,4454720,4457338,NO,2618
chr22,38429140,38431451,NO,2311
chr10,128593194,128596286,NO,3092
chr18,59273034,59275422,NO,2388
chr17,71332718,71340219,NO,7501
chr18,2635120,2637699,NO,2579
chr3,71255809,71260574,NO,4765
chr1,143989908,143993843,NO,3935
chr11,70169155,70173716,NO,4561
chr22,38656245,38659408,NO,3163
chr18,60986497,60988639,NO,2142
chrX,71261368,71266715,NO,5347
chr17,63510629,63513382,NO,2753
chr12,120754530,120755638,NO,1108
chr10,35775119,35785784,NO,10665
chr5,10724567,10727824,NO,3257
chr7,98599732,98603229,NO,3497
chr3,176755079,176760024,NO,4945
chr5,148962439,148977850,NO,15411
chr7,22122199,22133980,NO,11781
chr1,1002542,1015994,NO,13452
chr5,31936697,31945306,NO,8609
chr4,100303752,100326385,NO,22633
chr9,134764928,134768972,NO,4044
chr19,42900395,42906484,NO,6089
chr15,57675806,57681096,NO,5290
chrX,135990985,135992698,NO,1713
chr2,122094241,122121884,NO,27643
chr11,61318493,61320409,NO,1916
chr6,159107185,159109036,NO,1851
chr5,7877934,7884286,NO,6352
chr13,29104890,29107634,NO,2744
chr2,1157847,1166647,NO,8800
chr1,207082106,207083905,NO,1799
chr17,76525214,76531843,NO,6629
chr18,21222200,21232779,NO,10579
chrX,2319172,2320820,NO,1648
chr9,107536899,107539011,NO,2112
chr5,58217824,58219645,NO,1821
chr1,59858453,59860417,NO,1964
chr13,40842872,40846870,NO,3998
chr21,43476391,43479850,NO,3459
chr8,102585761,102590730,NO,4969
chr22,47080516,47082937,NO,2421
chr9,36469771,36471909,NO,2138
chr18,32309144,32318904,NO,9760
chr11,111645791,111659736,NO,13945
chr10,115823880,115828485,NO,4605
chr5,124033542,124043451,NO,9909
chr16,25042370,25044109,NO,1739
chr7,7727822,7738929,NO,11107
chr11,1985678,1991282,NO,5604
chr6,107962548,107979787,NO,17239
chr1,81895815,81900731,NO,4916
chr14,95989269,95991743,NO,2474
chr17,37729441,37730791,NO,1350
chr14,34597469,34601051,NO,3582
chr3,192674471,192676257,NO,1786
chr7,100041635,100043557,NO,1922
chr9,133807382,133812597,NO,5215
chr11,61494813,61501072,NO,6259
chr7,134938121,134939967,NO,1846
chr3,150087813,150089961,NO,2148
chrX,70841399,70844025,NO,2626
chr4,8473790,8476068,NO,2278
chr16,58080598,58083910,NO,3312
chr6,22141128,22150452,NO,9324
chr9,124241240,124255789,NO,14549
chr19,55717981,55728820,NO,10839
chr12,52595867,52597964,NO,2097
chr18,5628164,5630714,NO,2550
chr3,106917102,106929243,NO,12141
chr3,16214814,16218446,NO,3632
chr4,7053645,7058197,NO,4552
chr20,1517123,1519230,NO,2107
chr1,39512231,39514100,NO,1869
chr19,50871748,50873010,NO,1262
chr11,16900767,16903670,NO,2903
chr8,141057176,141060528,NO,3352
chr9,130073459,130081642,NO,8183
chr16,1012974,1015644,NO,2670
chr21,43052839,43063195,NO,10356
chr10,34815029,34829287,NO,14258
chr11,65354815,65356733,NO,1918
chr10,96942952,96944175,NO,1223
chr9,35944971,35950029,NO,5058
chr9,36206790,36212303,NO,5513
chr10,14778829,14794625,NO,15796
chr6,5204456,5207179,NO,2723
chr21,30004979,30007024,NO,2045
chr1,22739191,22741736,NO,2545
chr2,110052161,110055985,NO,3824
chr16,54455369,54460846,NO,5477
chr2,239466564,239479326,NO,12762
chr11,65542090,65545945,NO,3855
chr5,172898986,172901111,NO,2125
chr8,66702856,66720457,NO,17601
chr9,97790084,97792189,NO,2105
chr15,69017824,69024269,NO,6445
chr15,81384269,81390989,NO,6720
chr1,7448053,7450561,NO,2508
chr15,90205668,90209770,NO,4102
chr17,73992830,74002236,NO,9406
chr6,125683664,125685501,NO,1837
chr20,36926686,36929131,NO,2445
chr6,152554239,152568506,NO,14267
chr9,138799429,138801092,NO,1663
chr7,26344402,26348134,NO,3732
chr7,41738929,41745691,NO,6762
chr9,116967431,116970534,NO,3103
chr10,1089262,1091929,NO,2667
chr4,55649656,55651472,NO,1816
chr17,38635872,38669048,NO,33176
chr7,1162106,1164245,NO,2139
chr17,48120598,48123328,NO,2730
chr10,6058929,6061454,NO,2525
chr6,168332903,168337916,NO,5013
chr1,200988559,200998541,NO,9982
chr9,109718707,109725764,NO,7057
chr8,8629625,8631789,NO,2164
chr2,36704307,36716469,NO,12162
chr4,12487956,12490833,NO,2877
chr1,143670472,143673929,NO,3457
chr9,130676791,130679398,NO,2607
chr15,59458776,59471078,NO,12302
chr10,73647458,73659908,NO,12450
chr6,3721919,3726061,NO,4142
chr5,172233831,172235216,NO,1385
chr20,62707871,62711368,NO,3497
chr19,7152385,7160315,NO,7930
chr14,67954503,67956190,NO,1687
chr13,74630852,74637831,NO,6979
chr5,135423083,135425081,NO,1998
chr1,57262767,57266927,NO,4160
chr9,125578326,125584699,NO,6373
chr6,36702331,36704250,NO,1919
chr4,7207750,7221010,NO,13260
chr3,47865769,47867562,NO,1793
chr8,104162334,104165644,NO,3310
chr3,194750985,194753791,NO,2806
chr15,64793989,64800284,NO,6295
chr10,43831291,43836853,NO,5562
chr20,413584,426874,NO,13290
chr17,20435042,20437165,NO,2123
chr17,1489867,1491675,NO,1808
chr1,65639389,65642653,NO,3264
chr7,29024241,29038377,NO,14136
chr6,42333541,42336212,NO,2671
chr3,187768703,187771284,NO,2581
chr17,47852520,47861726,NO,9206
chr18,34288298,34292443,NO,4145
chr3,114119219,114131814,NO,12595
chr18,43096426,43103360,NO,6934
chr22,34113805,34123574,NO,9769
chr19,5281548,5291728,NO,10180
chr3,13567387,13588899,NO,21512
chr1,46084622,46089043,NO,4421
chr11,128697032,128707940,NO,10908
chr8,29594252,29596211,NO,1959
chr14,71130500,71133269,NO,2769
chr7,150967862,150970585,NO,2723
chr7,74041782,74058365,NO,16583
chr9,130601998,130604641,NO,2643
chr4,124426303,124428064,NO,1761
chr5,177952906,177955645,NO,2739
chr3,40917610,40921048,NO,3438
chr3,183002953,183025736,NO,22783
chr19,53700084,53701365,NO,1281
chr11,112188924,112193644,NO,4720
chr8,118968165,118970176,NO,2011
chr5,54928605,54933317,NO,4712
chr9,93862463,93864209,NO,1746
chr6,21664233,21668183,NO,3950
chr3,71354147,71360730,NO,6583
chr8,58950131,58963945,NO,13814
chr8,52874061,52886814,NO,12753
chr13,67708429,67722499,NO,14070
chr4,1226413,1229736,NO,3323
chr22,18207319,18210620,NO,3301
chr9,91361492,91370071,NO,8579
chr12,57528673,57530875,NO,2202
chr3,23988547,23991704,NO,3157
chrX,13016272,13032224,NO,15952
chr6,12585148,12595106,NO,9958
chr14,89650547,89653993,NO,3446
chr10,13987420,14003072,NO,15652
chr14,21509493,21513109,NO,3616
chr17,41607098,41608930,NO,1832
chr9,71389449,71393246,NO,3797
chr22,44224037,44227397,NO,3360
chr22,40832043,40846147,NO,14104
chr9,4333571,4335930,NO,2359
chr9,85881199,85883069,NO,1870
chr8,126478100,126479609,NO,1509
chr17,15907344,15916034,NO,8690
chr4,114099777,114103781,NO,4004
chr2,218247993,218258942,NO,10949
chr8,13095854,13103133,NO,7279
chr3,50627899,50629358,NO,1459
chr16,86702794,86716696,NO,13902
chr22,32057214,32058998,NO,1784
chr8,28633975,28637488,NO,3513
chr10,10912623,10915212,NO,2589
chr15,50168223,50171436,NO,3213
chrX,54508647,54511080,NO,2433
chr10,115385342,115389120,NO,3778
chr7,18545387,18549628,NO,4241
chr16,31123325,31125716,NO,2391
chr3,126754529,126771606,NO,17077
chr19,47122890,47125826,NO,2936
chr7,26406920,26417291,NO,10371
chr1,207231386,207234058,NO,2672
chr12,57652557,57656403,NO,3846
chr10,29127934,29131143,NO,3209
chr5,172091884,172094295,NO,2411
chr16,67955911,67958871,NO,2960
chr1,229099307,229105590,NO,6283
chr11,2964157,2967649,NO,3492
chr4,40404598,40407159,NO,2561
chr3,172467426,172469348,NO,1922
chr2,171626550,171628221,NO,1671
chr11,3914961,3927529,NO,12568
chr7,41909605,41931012,NO,21407
chr9,66454553,66458756,NO,4203
chr8,134440994,134450799,NO,9805
chr11,10798729,10800937,NO,2208
chr16,85942045,85950934,NO,8889
chr2,30733895,30738341,NO,4446
chr7,140266502,140270828,NO,4326
chr1,8657929,8660451,NO,2522
chr7,156687472,156697178,NO,9706
chr13,99650608,99662061,NO,11453
chr16,16115282,16123084,NO,7802
chr16,16305367,16308710,NO,3343
chr6,53329311,53331201,NO,1890
chr10,52335479,52338248,NO,2769
chr3,37303861,37317547,NO,13686
chr2,134022564,134024733,NO,2169
chr4,103653258,103656642,NO,3384
chr1,205566783,205569901,NO,3118
chr1,112018341,112034190,NO,15849
chr17,41849511,41855349,NO,5838
chr3,111519907,111523018,NO,3111
chr12,48518174,48521570,NO,3396
chr19,34359007,34375851,NO,16844
chr3,149189985,149198545,NO,8560
chr17,80739697,80765481,NO,25784
chr1,212325496,212340991,NO,15495
chr5,9060152,9064184,NO,4032
chr13,114426724,114430368,NO,3644
chr5,131593349,131601605,NO,8256
chr16,15611467,15616100,NO,4633
chr2,46714542,46727717,NO,13175
chr14,77350656,77352506,NO,1850
chr10,112216884,112220526,NO,3642
chr17,3731424,3739702,NO,8278
chr5,176905699,176907447,NO,1748
chr16,75532183,75534048,NO,1865
chr6,36390571,36392193,NO,1622
chr20,61370427,61372833,NO,2406
chr5,177887091,177895808,NO,8717
chrX,46485876,46489228,NO,3352
chr17,3414607,3417281,NO,2674
chr5,157339546,157347547,NO,8001
chr17,76218774,76231221,NO,12447
chr8,57470791,57473129,NO,2338
chr5,173115652,173118130,NO,2478
chr2,232109221,232113126,NO,3905
chr12,46603750,46614392,NO,10642
chr5,64398208,64399826,NO,1618
chr9,121765026,121768012,NO,2986
chr8,145068011,145071123,NO,3112
chr3,107317454,107319022,NO,1568
chr5,52320349,52334718,NO,14369
chr3,17075363,17082352,NO,6989
chr10,16870543,16875888,NO,5345
chr1,207236649,207238913,NO,2264
chr2,153347323,153362649,NO,15326
chr10,104263515,104265790,NO,2275
chr10,13815758,13831332,NO,15574
chr11,72967843,72969964,NO,2121
chr12,133484507,133486021,NO,1514
chr20,47862354,47866340,NO,3986
chr1,90073221,90076487,NO,3266
chr2,47567013,47573209,NO,6196
chr1,41823767,41832332,NO,8565
chr6,76077714,76080096,NO,2382
chr11,61393850,61395700,NO,1850
chr7,155554587,155557806,NO,3219
chr10,30128877,30139705,NO,10828
chr8,102120435,102122754,NO,2319
chr19,18851663,18854856,NO,3193
chr3,192369906,192379970,NO,10064
chr8,145925062,145926607,NO,1545
chr1,226221256,226231508,NO,10252
chr1,27743464,27745925,NO,2461
chr11,124939370,124943328,NO,3958
chr7,64457248,64460096,NO,2848
chr1,227069168,227080752,NO,11584
chr22,47248930,47251737,NO,2807
chr19,48625224,48627919,NO,2695
chr15,52166711,52171232,NO,4521
chr16,18591215,18594361,NO,3146
chr8,94806864,94814814,NO,7950
chr16,68321070,68322753,NO,1683
chr20,37078795,37083015,NO,4220
chr10,11283927,11285332,NO,1405
chr12,26422584,26428343,NO,5759
chr8,95761272,95773806,NO,12534
chr6,13554213,13556514,NO,2301
chr7,25702380,25712729,NO,10349
chr17,21111679,21114735,NO,3056
chr1,176625101,176626911,NO,1810
chr6,7727271,7735666,NO,8395
chr17,5000168,5001439,NO,1271
chr3,52504211,52507713,NO,3502
chr12,95334776,95348884,NO,14108
chr15,38420626,38423481,NO,2855
chr15,91372425,91389268,NO,16843
chr15,93276832,93278057,NO,1225
chr5,141658907,141661200,NO,2293
chr3,32000012,32011231,NO,11219
chr3,142837828,142841263,NO,3435
chr22,17717784,17725412,NO,7628
chr20,22743014,22744950,NO,1936
chr17,72508114,72518540,NO,10426
chr11,64004571,64006972,NO,2401
chr6,32570225,32582828,NO,12603
chr1,211803378,211807383,NO,4005
chr17,45144393,45145101,NO,708
chr10,70358681,70360630,NO,1949
chr1,174933505,174938811,NO,5306
chr17,48123437,48125859,NO,2422
chr15,62401944,62417488,NO,15544
chr11,123178161,123186730,NO,8569
chr2,37246545,37249093,NO,2548
chr6,144478054,144481311,NO,3257
chr17,7398956,7401888,NO,2932
chr1,232054977,232066118,NO,11141
chr9,136148621,136151599,NO,2978
chr15,91006175,91009032,NO,2857
chr3,126678452,126681322,NO,2870
chr18,42827489,42835544,NO,8055
chr17,44103431,44122294,NO,18863
chr1,20478482,20481130,NO,2648
chr20,38613848,38615873,NO,2025
chr6,163680947,163686158,NO,5211
chr6,157695223,157696633,NO,1410
chr10,13569707,13571996,NO,2289
chr12,118625483,118628596,NO,3113
chr10,91177095,91192588,NO,15493
chr1,227729206,227731180,NO,1974
chr15,95802691,95810983,NO,8292
chr15,42740131,42743510,NO,3379
chr8,8457034,8468799,NO,11765
chr21,44141109,44145206,NO,4097
chr1,65002376,65007015,NO,4639
chr2,67876045,67878600,NO,2555
chr12,52207607,52222463,NO,14856
chr3,45070005,45072759,NO,2754
chr4,11905671,11907889,NO,2218
chr1,56183502,56186411,NO,2909
chr1,210465358,210469069,NO,3711
chr10,50346085,50349036,NO,2951
chr4,77928061,77944443,NO,16382
chr12,12657958,12663253,NO,5295
chr1,170531205,170533218,NO,2013
chr4,86646420,86648070,NO,1650
chr11,75830112,75833212,NO,3100
chr14,90082816,90085102,NO,2286
chr15,74427893,74430037,NO,2144
chr11,82717923,82720190,NO,2267
chr2,47536717,47551305,NO,14588
chr3,150464443,150478422,NO,13979
chr21,17959314,17961381,NO,2067
chr4,68904083,68904765,NO,682
chr16,14050161,14052089,NO,1928
chr3,29365566,29377618,NO,12052
chr12,66275158,66286962,NO,11804
chr10,5673287,5688770,NO,15483
chr5,6430504,6432704,NO,2200
chr1,202779124,202780854,NO,1730
chr4,25860471,25863079,NO,2608
chr8,101506027,101523424,NO,17397
chr3,194359546,194362113,NO,2567
chr22,41105656,41108371,NO,2715
chr2,131554821,131556158,NO,1337
chr17,2755636,2757894,NO,2258
chr7,190775,192696,NO,1921
chr12,110510604,110519077,NO,8473
chr7,47419161,47421236,NO,2075
chr4,8247898,8250080,NO,2182
chr3,48054929,48060220,NO,5291
chr5,178782183,178783843,NO,1660
chr18,7812159,7823611,NO,11452
chr14,61883184,61887582,NO,4398
chr8,102449252,102451295,NO,2043
chr2,173792188,173796737,NO,4549
chr11,11334374,11336665,NO,2291
chr19,6719163,6722817,NO,3654
chr1,212359496,212363052,NO,3556
chr3,112076104,112080884,NO,4780
chr2,210359531,210362414,NO,2883
chr17,27433253,27436152,NO,2899
chr1,61448866,61456445,NO,7579
chr11,61792235,61793997,NO,1762
chr17,79454464,79456003,NO,1539
chr17,151321,159902,NO,8581
chr10,115784343,115788025,NO,3682
chr2,219251114,219252984,NO,1870
chr5,96288372,96304816,NO,16444
chr1,153525350,153527511,NO,2161
chr6,41418393,41420361,NO,1968
chr17,42356710,42358376,NO,1666
chr12,57538410,57542014,NO,3604
chr7,6542804,6545092,NO,2288
chr3,62858376,62860479,NO,2103
chr16,87951091,87953924,NO,2833
chr6,160770910,160789670,NO,18760
chr16,74354545,74356943,NO,2398
chr4,1209852,1211798,NO,1946
chr2,101359073,101370542,NO,11469
chr12,50961790,50974071,NO,12281
chr1,36831457,36832559,NO,1102
chr9,139586787,139589328,NO,2541
chr4,146782819,146809268,NO,26449
chr15,99090824,99092521,NO,1697
chr12,124422704,124443779,NO,21075
chr6,43920783,43923106,NO,2323
chr18,24235194,24237646,NO,2452
chr2,30834082,30849031,NO,14949
chr3,57040488,57042671,NO,2183
chr8,146281799,146284491,NO,2692
chr12,118973970,118976260,NO,2290
chr1,202167662,202170879,NO,3217
chr1,1396840,1398864,NO,2024
chr19,53727598,53728439,NO,841
chr8,38507615,38509165,NO,1550
chr6,139291434,139293527,NO,2093
chr16,30711770,30736959,NO,25189
chr14,23545109,23549572,NO,4463
chr15,30206388,30218385,NO,11997
chr6,136904579,136916009,NO,11430
chr1,168049315,168055315,NO,6000
chr15,48684743,48688820,NO,4077
chr10,90672723,90695709,NO,22986
chr13,24722330,24724670,NO,2340
chr1,208250547,208264635,NO,14088
chr3,119865939,119878530,NO,12591
chr9,97757341,97759265,NO,1924
chr6,90021140,90034154,NO,13014
chr22,38411774,38414300,NO,2526
chr22,46443063,46444669,NO,1606
chr7,76957118,76981451,NO,24333
chr7,44103056,44106056,NO,3000
chr7,151122588,151126760,NO,4172
chr17,8848077,8859088,NO,11011
chr22,28499018,28513219,NO,14201
chr14,90909550,90921059,NO,11509
chr4,124705964,124709149,NO,3185
chr9,112729966,112732501,NO,2535
chr7,16779895,16784495,NO,4600
chr2,75826920,75835036,NO,8116
chr4,38178541,38193165,NO,14624
chr10,99408056,99416931,NO,8875
chr20,46121468,46123664,NO,2196
chr9,75191541,75201834,NO,10293
chr3,190283196,190285062,NO,1866
chr10,79646394,79650324,NO,3930
chr3,28784989,28788328,NO,3339
chr18,12838116,12843968,NO,5852
chr7,6674950,6678510,NO,3560
chr15,71086809,71100076,NO,13267
chr3,29683149,29685315,NO,2166
chr20,46012393,46021793,NO,9400
chr6,154731124,154732577,NO,1453
chr16,48468138,48480183,NO,12045
chr16,50336625,50348535,NO,11910
chr1,81872121,81880279,NO,8158
chr5,127293857,127298028,NO,4171
chr17,80109296,80112236,NO,2940
chr13,24540772,24571163,NO,30391
chrX,129090989,129096076,NO,5087
chr20,43175976,43182846,NO,6870
chr8,48513849,48524108,NO,10259
chr1,184524137,184531675,NO,7538
chr2,145416950,145429561,NO,12611
chr18,56632818,56642998,NO,10180
chr3,141399263,141406277,NO,7014
chrX,73461680,73471025,NO,9345
chr7,150703632,150708394,NO,4762
chr5,141595316,141601528,NO,6212
chr11,47326511,47328553,NO,2042
chr18,74276375,74278255,NO,1880
chr16,48159516,48168360,NO,8844
chr16,23373618,23375068,NO,1450
chr9,14272991,14278388,NO,5397
chr3,184433490,184435384,NO,1894
chr17,854635,858494,NO,3859
chr2,231524757,231534155,NO,9398
chr5,158877392,158879319,NO,1927
chr20,19255234,19257268,NO,2034
chr14,88940499,88948916,NO,8417
chr9,101627062,101630746,NO,3684
chr4,141641621,141648905,NO,7284
chr20,5813482,5816563,NO,3081
chr7,95257241,95259953,NO,2712
chr18,22810088,22812340,NO,2252
chr8,20121767,20127234,NO,5467
chr14,74078899,74080221,NO,1322
chr7,157347256,157362284,NO,15028
chr6,21949454,21955117,NO,5663
chr13,110306766,110308528,NO,1762
chr18,60828326,60830325,NO,1999
chr18,53004820,53007041,NO,2221
chr9,132458997,132474624,NO,15627
chr21,33850718,33871931,NO,21213
chr22,24500151,24504811,NO,4660
chr7,36155084,36169325,NO,14241
chr9,97824176,97826813,NO,2637
chr16,84759747,84783932,NO,24185
chr1,36561115,36563172,NO,2057
chr3,188815911,188819090,NO,3179
chr7,148637668,148638645,NO,977
chr16,49733069,49735177,NO,2108
chr5,171161293,171165549,NO,4256
chr9,129916186,129925775,NO,9589
chr6,94125998,94127829,NO,1831
chr12,117103569,117114209,NO,10640
chr12,96820642,96822516,NO,1874
chr6,21801232,21809695,NO,8463
chr17,19234922,19250988,NO,16066
chr20,30742430,30743821,NO,1391
chr11,65735597,65738304,NO,2707
chr7,69118650,69122657,NO,4007
chr14,98442176,98445111,NO,2935
chr6,106049056,106057983,NO,8927
chr8,52631112,52636638,NO,5526
chr6,161393939,161396408,NO,2469
chr1,14843396,14849063,NO,5667
chr11,6379003,6385161,NO,6158
chr6,47000511,47015415,NO,14904
chr3,183301075,183303209,NO,2134
chr20,22370517,22392923,NO,22406
chr16,14595121,14597212,NO,2091
chr8,29609740,29631709,NO,21969
chr1,151519241,151522128,NO,2887
chr13,41136833,41143675,NO,6842
chr19,45150296,45152760,NO,2464
chr8,125606622,125614283,NO,7661
chr6,32440456,32442493,NO,2037
chr14,31559352,31560869,NO,1517
chr3,115231233,115238046,NO,6813
chr8,82065942,82074222,NO,8280
chr2,191492400,191503338,NO,10938
chr13,113597134,113598995,NO,1861
chr3,27563001,27576342,NO,13341
chr1,154143439,154153213,NO,9774
chr9,92137031,92152353,NO,15322
chr1,147859974,147861442,NO,1468
chr16,2091777,2092840,NO,1063
chr10,105569705,105572751,NO,3046
chr8,21766604,21771828,NO,5224
chr12,6435487,6440198,NO,4711
chr15,90772994,90775904,NO,2910
chr14,73331146,73337314,NO,6168
chr18,13613635,13616241,NO,2606
chr5,74907061,74918739,NO,11678
chr9,137597754,137602352,NO,4598
chr17,46673229,46675841,NO,2612
chr4,86744509,86749607,NO,5098
chr6,112470639,112478175,NO,7536
chr7,42130495,42137742,NO,7247
chr21,44882720,44884957,NO,2237
chr16,29093169,29094130,NO,961
chr10,32427753,32438867,NO,11114
chr20,44850751,44852313,NO,1562
chr14,51794557,51803091,NO,8534
chr1,42381387,42384489,NO,3102
chr10,81686386,81699369,NO,12983
chr17,46628671,46630913,NO,2242
chr3,148942335,148944072,NO,1737
chr13,41050446,41052789,NO,2343
chr13,42269221,42280950,NO,11729
chr16,82686947,82690168,NO,3221
chr8,6451215,6458174,NO,6959
chr19,1839389,1842806,NO,3417
chr8,19340323,19364636,NO,24313
chr11,335262,337074,NO,1812
chr6,13759888,13768166,NO,8278
chr15,63070644,63075894,NO,5250
chr14,75648164,75667611,NO,19447
chr3,12219200,12230722,NO,11522
chr2,106746605,106756128,NO,9523
chr14,75610529,75614954,NO,4425
chr5,155107771,155113036,NO,5265
chr4,122610597,122612982,NO,2385
chr6,28949610,28954085,NO,4475
chr1,156045349,156047715,NO,2366
chr15,56082817,56085086,NO,2269
chr11,8735200,8738411,NO,3211
chr4,75480037,75481389,NO,1352
chr16,10479538,10480638,NO,1100
chr10,104193943,104196542,NO,2599
chr17,6931403,6933984,NO,2581
chr1,95118806,95124173,NO,5367
chr4,37909427,37911504,NO,2077
chr4,23819352,23838177,NO,18825
chr18,20910396,20912038,NO,1642
chr3,185953395,185960751,NO,7356
chr10,61881947,61884092,NO,2145
chr3,41158252,41159974,NO,1722
chr5,134565902,134579901,NO,13999
chr21,43607474,43609378,NO,1904
chr13,60032534,60035503,NO,2969
chr7,2048199,2064488,NO,16289
chr20,52474250,52486719,NO,12469
chr3,26141258,26147102,NO,5844
chr10,97517609,97529291,NO,11682
chr1,229124791,229127202,NO,2411
chr16,11815932,11829047,NO,13115
chr7,75340699,75343137,NO,2438
chr13,99473090,99477625,NO,4535
chr8,126369231,126375619,NO,6388
chr7,35042560,35044165,NO,1605
chr11,45109721,45111984,NO,2263
chr16,2599701,2601825,NO,2124
chr19,54774905,54776976,NO,2071
chr2,46451904,46459071,NO,7167
chr11,120386701,120389297,NO,2596
chr8,129102825,129105331,NO,2506
chr1,2136605,2137893,NO,1288
chr16,16155730,16170615,NO,14885
chr10,98377347,98380411,NO,3064
chr4,129521395,129523202,NO,1807
chr13,40925580,40927589,NO,2009
chr8,97592169,97603574,NO,11405
chr7,158805350,158808667,NO,3317
chr12,110750202,110754843,NO,4641
chr9,84216655,84229632,NO,12977
chr12,113407250,113410399,NO,3149
chr5,17180520,17190125,NO,9605
chr6,76107957,76114269,NO,6312
chr11,43707399,43709835,NO,2436
chr3,43040722,43058689,NO,17967
chr6,30173906,30176036,NO,2130
chr17,32639189,32641737,NO,2548
chr12,31078656,31084059,NO,5403
chrX,47415387,47416729,NO,1342
chr1,2573454,2575372,NO,1918
chr13,98036402,98040432,NO,4030
chr4,114495761,114506239,NO,10478
chr9,102195548,102214038,NO,18490
chr3,128416927,128418018,NO,1091
chr1,165344985,165346479,NO,1494
chr3,101409371,101422743,NO,13372
chr7,65583662,65592756,NO,9094
chr4,143323900,143327584,NO,3684
chr3,128770542,128773200,NO,2658
chr1,208220480,208222646,NO,2166
chr20,48431063,48449400,NO,18337
chr3,172310584,172333578,NO,22994
chrX,48389409,48391100,NO,1691
chr6,129207263,129211551,NO,4288
chr6,46950158,46958419,NO,8261
chr5,38597200,38602362,NO,5162
chr12,20000064,20001762,NO,1698
chr15,76050497,76053253,NO,2756
chr2,164204189,164205685,NO,1496
chr15,42677693,42680451,NO,2758
chr4,124665969,124671943,NO,5974
chr10,5023627,5027870,NO,4243
chr14,76075872,76082164,NO,6292
chr20,33722097,33724655,NO,2558
chr5,146861632,146864689,NO,3057
chr18,7854940,7857952,NO,3012
chr3,128241360,128243788,NO,2428
chr15,63107876,63110046,NO,2170
chr17,38314284,38332645,NO,18361
chr20,46600097,46603410,NO,3313
chrX,13046700,13049031,NO,2331
chr16,68503991,68505740,NO,1749
chr1,207242232,207244635,NO,2403
chr12,45697721,45703363,NO,5642
chr9,86085901,86088939,NO,3038
chrX,150038842,150043013,NO,4171
chr7,37070602,37072657,NO,2055
chr15,80269522,80272136,NO,2614
chr9,97834796,97837747,NO,2951
chr16,14378791,14380882,NO,2091
chr2,190420514,190440264,NO,19750
chr9,35340484,35342501,NO,2017
chr12,69498295,69502617,NO,4322
chr14,95686760,95701268,NO,14508
chrX,10586403,10588872,NO,2469
chr9,14096031,14099148,NO,3117
chrX,2815164,2817516,NO,2352
chr19,38545267,38549515,NO,4248
chr1,41267381,41269954,NO,2573
chr3,15560727,15572149,NO,11422
chr10,4983150,4991036,NO,7886
chr12,32027367,32028966,NO,1599
chr3,73438721,73455888,NO,17167
chr15,74391844,74392985,NO,1141
chr10,17467800,17471181,NO,3381
chr2,3673386,3675334,NO,1948
chr17,2863363,2871367,NO,8004
chr3,53806543,53812048,NO,5505
chr3,123485042,123500303,NO,15261
chr6,140299025,140303505,NO,4480
chr9,71032503,71035438,NO,2935
chr17,68167680,68170836,NO,3156
chr3,15935082,15946374,NO,11292
chr16,1146412,1149224,NO,2812
chr22,32458355,32460978,NO,2623
chr17,19966750,19978178,NO,11428
chr18,32605828,32610636,NO,4808
chr2,132182064,132183005,NO,941
chr3,52476912,52480147,NO,3235
chr8,101388417,101408862,NO,20445
chr8,26662713,26664851,NO,2138
chrX,135111166,135113847,NO,2681
chr10,22517681,22518557,NO,876
chr10,103589594,103591640,NO,2046
chr2,43614400,43627150,NO,12750
chr22,38626113,38627797,NO,1684
chr14,92385697,92393147,NO,7450
chr14,104650306,104651825,NO,1519
chr3,125399796,125404226,NO,4430
chr15,85293755,85306811,NO,13056
chr8,126517714,126526146,NO,8432
chr3,40980204,40981663,NO,1459
chr13,40145186,40153603,NO,8417
chr9,95263540,95270895,NO,7355
chr20,48035115,48044558,NO,9443
chr19,13228534,13231159,NO,2625
chr8,126285082,126291002,NO,5920
chr12,29394466,29396355,NO,1889
chr2,69309042,69316327,NO,7285
chr9,34441052,34452124,NO,11072
chr3,81791680,81793984,NO,2304
chr14,90762666,90768998,NO,6332
chr6,20169982,20183986,NO,14004
chr5,131007042,131009379,NO,2337
chr17,30333837,30335534,NO,1697
chr17,60664097,60677372,NO,13275
chr3,138187227,138195737,NO,8510
chr12,52639817,52644113,NO,4296
chr17,43338890,43342133,NO,3243
chr16,89265555,89268132,NO,2577
chr6,41239138,41253039,NO,13901
chr3,47704876,47705720,NO,844
chr17,43187659,43189382,NO,1723
chr1,113741367,113752556,NO,11189
chr6,166179280,166188912,NO,9632
chr17,41007161,41009706,NO,2545
chr7,148684265,148685524,NO,1259
chr1,958526,961205,NO,2679
chr7,128395056,128397349,NO,2293
chr1,26216105,26219496,NO,3391
chr9,19119050,19125776,NO,6726
chr16,57791109,57798861,NO,7752
chr1,224356500,224363761,NO,7261
chr6,52169806,52172582,NO,2776
chr9,110429254,110446652,NO,17398
chr20,32321122,32322570,NO,1448
chr7,37322910,37326347,NO,3437
chr1,90308374,90310043,NO,1669
chr19,22034150,22035386,NO,1236
chr9,135247329,135249218,NO,1889
chr22,30420486,30425316,NO,4830
chr10,62491908,62494158,NO,2250
chr14,42073598,42076522,NO,2924
chr19,4910611,4917180,NO,6569
chr2,99317897,99320812,NO,2915
chr11,46847535,46849011,NO,1476
chr19,907105,910115,NO,3010
chr4,114066548,114068783,NO,2235
chr21,27937416,27943934,NO,6518
chr21,33941373,33942500,NO,1127
chr1,6645910,6649439,NO,3529
chr1,87254614,87259163,NO,4549
chr2,65504676,65510336,NO,5660
chr5,55218774,55237643,NO,18869
chr17,7117093,7119157,NO,2064
chr5,141674545,141676807,NO,2262
chr11,14210636,14213226,NO,2590
chr7,143184017,143197792,NO,13775
chr8,101442779,101451151,NO,8372
chr9,130576863,130581177,NO,4314
chr13,50931350,50941837,NO,10487
chr17,43179679,43183007,NO,3328
chr19,37287600,37289109,NO,1509
chr5,66178632,66188136,NO,9504
chr14,71218868,71222755,NO,3887
chr11,1883910,1886885,NO,2975
chr8,118730424,118744550,NO,14126
chr1,161274938,161277483,NO,2545
chr1,229155128,229164040,NO,8912
chr6,110213293,110215684,NO,2391
chrX,17049771,17057434,NO,7663
chr11,34621777,34623708,NO,1931
chr8,130697177,130698933,NO,1756
chr12,27768523,27781495,NO,12972
chr2,179387351,179396244,NO,8893
chr5,1385392,1387614,NO,2222
chr8,103612081,103614328,NO,2247
chr3,196757321,196759254,NO,1933
chr3,140827925,140835550,NO,7625
chr7,99229229,99236858,NO,7629
chr1,229732732,229733982,NO,1250
chr5,149558625,149561045,NO,2420
chr1,115825411,115827833,NO,2422
chr2,3698447,3707978,NO,9531
chr17,79124035,79135042,NO,11007
chr2,218928511,218930783,NO,2272
chr16,87468638,87470792,NO,2154
chr11,11424683,11429719,NO,5036
chr4,187760837,187766940,NO,6103
chr3,129131254,129137575,NO,6321
chr4,129579085,129583136,NO,4051
chr17,1569917,1573896,NO,3979
chr10,4122551,4129339,NO,6788
chr9,134391959,134394848,NO,2889
chr15,92684596,92686587,NO,1991
chr12,120031137,120033554,NO,2417
chr4,2746960,2749863,NO,2903
chr5,9264637,9266480,NO,1843
chr11,1896091,1899881,NO,3790
chr9,131830795,131833359,NO,2564
chr14,89630294,89632142,NO,1848
chr10,104338605,104342134,NO,3529
chr22,40271190,40271993,NO,803
chr3,67697071,67699950,NO,2879
chr3,62081113,62083573,NO,2460
chr3,195550469,195557104,NO,6635
chr10,123337482,123341190,NO,3708
chr4,38156148,38162967,NO,6819
chr11,78001349,78008274,NO,6925
chr9,138859675,138862315,NO,2640
chr1,110546002,110547520,NO,1518
chr11,118081525,118084297,NO,2772
chrX,153339829,153357532,NO,17703
chr5,10288293,10304393,NO,16100
chr7,137556065,137564724,NO,8659
chr6,126118642,126134654,NO,16012
chr12,71112728,71116992,NO,4264
chr10,75576405,75580214,NO,3809
chr2,230931667,230933862,NO,2195
chr15,99942376,99950197,NO,7821
chr15,72928951,72930075,NO,1124
chrX,13491616,13506690,NO,15074
chr1,155862113,155864291,NO,2178
chr4,141229026,141230746,NO,1720
chr5,154571693,154573712,NO,2019
chr10,15354894,15367909,NO,13015
chr12,6470227,6472130,NO,1903
chr3,48442893,48445771,NO,2878
chr10,24671486,24675221,NO,3735
chr4,122996463,122999371,NO,2908
chr11,111565361,111570292,NO,4931
chr10,115252333,115255042,NO,2709
chr14,65244252,65246973,NO,2721
chr7,43911314,43919292,NO,7978
chr7,6198254,6202917,NO,4663
chr21,47971454,47980117,NO,8663
chr6,170831528,170833635,NO,2107
chr1,182258234,182260309,NO,2075
chr9,129986567,129988803,NO,2236
chr2,228682310,228684348,NO,2038
chr4,54765680,54786785,NO,21105
chr3,186757018,186761122,NO,4104
chr17,78637262,78649915,NO,12653
chr2,121624224,121633015,NO,8791
chr17,7959084,7973207,NO,14123
chr6,169850134,169853447,NO,3313
chr1,207200340,207201468,NO,1128
chr13,107271901,107280567,NO,8666
chr1,217624860,217627782,NO,2922
chr3,62589694,62594068,NO,4374
chr3,5094745,5099368,NO,4623
chr12,121565554,121567899,NO,2345
chr3,13492584,13494583,NO,1999
chr7,44127162,44128943,NO,1781
chr2,61474352,61482810,NO,8458
chr8,39848742,39851194,NO,2452
chr3,183482583,183486539,NO,3956
chr7,101683236,101688874,NO,5638
chr4,3227014,3229066,NO,2052
chr21,43100567,43106374,NO,5807
chr17,1902622,1915921,NO,13299
chr11,8692299,8694170,NO,1871
chr4,141941380,141949055,NO,7675
chr12,20563075,20573880,NO,10805
chr9,74244737,74262818,NO,18081
chr7,8322998,8325457,NO,2459
chr3,69289704,69299564,NO,9860
chr16,15107738,15111453,NO,3715
chr16,81213953,81215218,NO,1265
chr17,29034734,29036683,NO,1949
chr15,50399941,50405705,NO,5764
chr17,41080388,41081614,NO,1226
chr19,1037786,1041379,NO,3593
chrX,135136781,135147181,NO,10400
chr10,10683953,10687427,NO,3474
chr10,77530530,77533633,NO,3103
chr19,13250103,13252206,NO,2103
chr2,86132068,86152848,NO,20780
chr12,133020543,133023275,NO,2732
chr8,21567459,21569211,NO,1752
chr1,182224172,182228972,NO,4800
chr11,72573871,72577342,NO,3471
chr2,64290694,64292159,NO,1465
chr1,65713675,65721293,NO,7618
chr14,65623089,65624156,NO,1067
chr6,158177864,158189711,NO,11847
chr20,35898081,35905784,NO,7703
chr2,101511384,101520562,NO,9178
chr19,1016049,1018640,NO,2591
chr2,219596030,219610867,NO,14837
chr11,102008854,102016033,NO,7179
chr13,34250017,34254091,NO,4074
chr3,48255747,48258488,NO,2741
chr17,8061451,8062412,NO,961
chr21,15399139,15400625,NO,1486
chr18,25732249,25738755,NO,6506
chr2,121352675,121356881,NO,4206
chr11,57770018,57773183,NO,3165
chr16,70605567,70608372,NO,2805
chr3,29566055,29573439,NO,7384
chr8,81937488,81942254,NO,4766
chr3,47483975,47485681,NO,1706
chr4,54568314,54569941,NO,1627
chr8,11812241,11813777,NO,1536
chr17,7358516,7360404,NO,1888
chr17,41526090,41536449,NO,10359
chr3,167766630,167772371,NO,5741
chrX,17862359,17870568,NO,8209
chr16,28572711,28586097,NO,13386
chr19,55153884,55155933,NO,2049
chr19,37463376,37464989,NO,1613
chr2,62638028,62639438,NO,1410
chr3,66101089,66102696,NO,1607
chr16,710011,711937,NO,1926
chrX,49040219,49042052,NO,1833
chr7,120663396,120668807,NO,5411
chr6,144011340,144020750,NO,9410
chr1,1545762,1549426,NO,3664
chr8,123733174,123749255,NO,16081
chr11,64756351,64758339,NO,1988
chr12,20098588,20107592,NO,9004
chrX,153250060,153251567,NO,1507
chr13,26759778,26761013,NO,1235
chr20,49406586,49408234,NO,1648
chr15,98064363,98066321,NO,1958
chr15,85264253,85279218,NO,14965
chr7,90290013,90292076,NO,2063
chr7,143578654,143580270,NO,1616
chr3,152046954,152049951,NO,2997
chr3,160818091,160820823,NO,2732
chr10,4093634,4104225,NO,10591
chr1,183028486,183041287,NO,12801
chr8,81664948,81667309,NO,2361
chr18,47375027,47386802,NO,11775
chr21,37801203,37803528,NO,2325
chr5,115696662,115710714,NO,14052
chr11,116678322,116679972,NO,1650
chr17,65991009,65992958,NO,1949
chr1,53790976,53793114,NO,2138
chr6,154911911,154915082,NO,3171
chr8,125827081,125828755,NO,1674
chr17,37826519,37829079,NO,2560
chr9,132015105,132024788,NO,9683
chr5,176541263,176544612,NO,3349
chr19,49691564,49700545,NO,8981
chr12,76115707,76118960,NO,3253
chr4,26021969,26034852,NO,12883
chr12,12473012,12492391,NO,19379
chr3,99868485,99878147,NO,9662
chr15,30336530,30338297,NO,1767
chr1,23709924,23712805,NO,2881
chr17,62039195,62041604,NO,2409
chr7,46017406,46019460,NO,2054
chr1,63155184,63156972,NO,1788
chr10,72825480,72829450,NO,3970
chr3,177230674,177234953,NO,4279
chr8,101472011,101485009,NO,12998
chr15,64926277,64944120,NO,17843
chr2,69900737,69921419,NO,20682
chr6,18492697,18504327,NO,11630
chr2,216576349,216583320,NO,6971
chr11,104904612,104906883,NO,2271
chr5,110885646,110888414,NO,2768
chr2,74517688,74521489,NO,3801
chr7,43801490,43804829,NO,3339
chr3,45208272,45225538,NO,17266
chr10,21603839,21605496,NO,1657
chr9,116105409,116106910,NO,1501
chr5,172308210,172310061,NO,1851
chr3,192354032,192356849,NO,2817
chr4,40942031,40956825,NO,14794
chr9,90524088,90525167,NO,1079
chr6,32062246,32065833,NO,3587
chr4,53861752,53864046,NO,2294
chr3,46669845,46671849,NO,2004
chr13,41212555,41223425,NO,10870
chr17,7825415,7827418,NO,2003
chr7,21937723,21950620,NO,12897
chr5,39015404,39016757,NO,1353
chr17,18600854,18602041,NO,1187
chr2,242100755,242102224,NO,1469
chr20,34598686,34606826,NO,8140
chr15,80848816,80852909,NO,4093
chr15,41035469,41040458,NO,4989
chr4,40313579,40319768,NO,6189
chr19,14647308,14657068,NO,9760
chr3,99928509,99930701,NO,2192
chr3,141560087,141580335,NO,20248
chr2,169420954,169426367,NO,5413
chr11,63376551,63378809,NO,2258
chr15,48829378,48852006,NO,22628
chr4,16819529,16830272,NO,10743
chr11,86331843,86341113,NO,9270
chr10,5293957,5296363,NO,2406
chr3,195530410,195532594,NO,2184
chr4,160096701,160101493,NO,4792
chr1,3420052,3422437,NO,2385
chr5,90416898,90423342,NO,6444
chr2,161310030,161322508,NO,12478
chr19,1216677,1219432,NO,2755
chr5,81701891,81718934,NO,17043
chr5,16807213,16812821,NO,5608
chr10,4540199,4541660,NO,1461
chr10,88621939,88633410,NO,11471
chr15,71736154,71741795,NO,5641
chr17,48763362,48770549,NO,7187
chr1,178505327,178507251,NO,1924
chr14,95756535,95759422,NO,2887
chr2,74347008,74350886,NO,3878
chr20,22470134,22472042,NO,1908
chr9,115515948,115518317,NO,2369
chr8,352847,355175,NO,2328
chr7,90242400,90254747,NO,12347
chr5,153665939,153668359,NO,2420
chr14,95973047,95975117,NO,2070
chr8,39797362,39809324,NO,11962
chr6,43235242,43238658,NO,3416
chr9,13606558,13608923,NO,2365
chr16,19764702,19767125,NO,2423
chr1,145526058,145528306,NO,2248
chr2,102174864,102176586,NO,1722
chr7,44170810,44172561,NO,1751
chr3,133524324,133525516,NO,1192
chr6,150556906,150560209,NO,3303
chr6,13354418,13368396,NO,13978
chr12,52636042,52638785,NO,2743
chr10,97543913,97554838,NO,10925
chr4,3203390,3206769,NO,3379
chr11,66735138,66739236,NO,4098
chr7,129648432,129650689,NO,2257
chr5,169577528,169580238,NO,2710
chr4,119861537,119872159,NO,10622
chr8,22430905,22433609,NO,2704
chr15,75381614,75383046,NO,1432
chr6,160137038,160138569,NO,1531
chr14,59893239,59895751,NO,2512
chr2,54949711,54951282,NO,1571
chr11,8039982,8042207,NO,2225
chr6,16477224,16479136,NO,1912
chr9,13568252,13569670,NO,1418
chr9,71911944,71923110,NO,11166
chr1,223276054,223289484,NO,13430
chr15,52129638,52139398,NO,9760
chr2,38099186,38103927,NO,4741
chr6,113951866,113954057,NO,2191
chr18,46187261,46189919,NO,2658
chr12,109955548,109958428,NO,2880
chr1,153478732,153480866,NO,2134
chr11,18727164,18729033,NO,1869
chr17,8048814,8052359,NO,3545
chr7,140014216,140017004,NO,2788
chr3,73876283,73878116,NO,1833
chr4,25844323,25846165,NO,1842
chr19,53038619,53040185,NO,1566
chr10,129741471,129745100,NO,3629
chr3,44886516,44889404,NO,2888
chr2,152894106,152895679,NO,1573
chr20,6014170,6019492,NO,5322
chr1,237421377,237425162,NO,3785
chr3,113840011,113842128,NO,2117
chr19,41249501,41251577,NO,2076
chr1,95549691,95553102,NO,3411
chr20,25519043,25521519,NO,2476
chr7,30265137,30266952,NO,1815
chrX,21979284,21992403,NO,13119
chr3,169341759,169352157,NO,10398
chr22,38678952,38681024,NO,2072
chr11,128293930,128295702,NO,1772
chr5,73871607,73873515,NO,1908
chr17,517597,537629,NO,20032
chr16,84088407,84093487,NO,5080
chr9,102021240,102022406,NO,1166
chr6,105706578,105709285,NO,2707
chr3,42885030,42889438,NO,4408
chr5,76463168,76465302,NO,2134
chr1,55893422,55910644,NO,17222
chr5,88080490,88082405,NO,1915
chr4,40515912,40528566,NO,12654
chr2,240421898,240424560,NO,2662
chr8,124702146,124704705,NO,2559
chr1,184503729,184505919,NO,2190
chr3,154949765,154951702,NO,1937
chr6,26304939,26313624,NO,8685
chr6,143835740,143837914,NO,2174
chr4,100238549,100245598,NO,7049
chr8,121703971,121723187,NO,19216
chr14,65562419,65565515,NO,3096
chr10,862236,866245,NO,4009
chr14,65291605,65294166,NO,2561
chr19,7897090,7899145,NO,2055
chrX,68355949,68358271,NO,2322
chr13,46745455,46754500,NO,9045
chr5,142721711,142730731,NO,9020
chr16,54685211,54691847,NO,6636
chr17,76194489,76199215,NO,4726
chr1,214525609,214536453,NO,10844
chr1,76602560,76606508,NO,3948
chr7,151620226,151623934,NO,3708
chr2,8273986,8279936,NO,5950
chr7,134136980,134140113,NO,3133
chr8,1948549,1951058,NO,2509
chr2,96764089,96775818,NO,11729
chr16,27374991,27395521,NO,20530
chr17,9903994,9923842,NO,19848
chr2,236547272,236549646,NO,2374
chr16,75622550,75625555,NO,3005
chr15,64362517,64364555,NO,2038
chr20,17775785,17788224,NO,12439
chr4,57622903,57624496,NO,1593
chr12,121903963,121906322,NO,2359
chr6,14210638,14232201,NO,21563
chr2,10149310,10151081,NO,1771
chr22,21591729,21598874,NO,7145
chr17,8373256,8384176,NO,10920
chr11,47959349,47969381,NO,10032
chr1,66836902,66839626,NO,2724
chr20,23635942,23641423,NO,5481
chr8,131073776,131075290,NO,1514
chr13,24226896,24231158,NO,4262
chr18,7656154,7659214,NO,3060
chr22,46422277,46424729,NO,2452
chr10,64966651,64971058,NO,4407
chr17,698093,701271,NO,3178
chr16,9140951,9142596,NO,1645
chr5,153966906,153970372,NO,3466
chr10,29761300,29772464,NO,11164
chr8,126231125,126239808,NO,8683
chr15,33427585,33447649,NO,20064
chr12,6853957,6856011,NO,2054
chr9,133991804,133993505,NO,1701
chr1,160750569,160752585,NO,2016
chr3,177010920,177018516,NO,7596
chr4,129278477,129293127,NO,14650
chr2,207316343,207327040,NO,10697
chr10,73357026,73358758,NO,1732
chr1,228937811,228947835,NO,10024
chr3,30558832,30568015,NO,9183
chr15,52294413,52304595,NO,10182
chr16,4185594,4186889,NO,1295
chr2,86506867,86512221,NO,5354
chr3,32317274,32325617,NO,8343
chr1,42500725,42502294,NO,1569
chr11,980435,987349,NO,6914
chr7,26480500,26489802,NO,9302
chr1,223348323,223354906,NO,6583
chr5,68627256,68629172,NO,1916
chrX,53316288,53317857,NO,1569
chr1,66910958,66916255,NO,5297
chr12,93690783,93697008,NO,6225
chr19,6515988,6517318,NO,1330
chr6,159459889,159463843,NO,3954
chr11,19649266,19655608,NO,6342
chr4,24471675,24475404,NO,3729
chr20,32656958,32678258,NO,21300
chr19,13195886,13198492,NO,2606
chr3,171578679,171594200,NO,15521
chr1,94217016,94234872,NO,17856
chr11,125270844,125275013,NO,4169
chr1,6803034,6804379,NO,1345
chr1,209941636,209943631,NO,1995
chr8,7251227,7254137,NO,2910
chr20,3022105,3024424,NO,2319
chr22,30017663,30027713,NO,10050
chrX,23918384,23920776,NO,2392
chr14,21182772,21191702,NO,8930
chrX,129306929,129308947,NO,2018
chr6,47028628,47044005,NO,15377
chr6,42983718,42986500,NO,2782
chr6,11731607,11745317,NO,13710
chr9,132044455,132046431,NO,1976
chr5,170920990,170922846,NO,1856
chr6,7974578,7977133,NO,2555
chr9,130646129,130648796,NO,2667
chr15,85640331,85644763,NO,4432
chr14,24707030,24710733,NO,3703
chr6,5500118,5510039,NO,9921
chr8,513965,521232,NO,7267
chr11,124980744,124994238,NO,13494
chr1,153461942,153464111,NO,2169
chr12,104872245,104888522,NO,16277
chr5,140368711,140384399,NO,15688
chr9,130461075,130462754,NO,1679
chr4,41305575,41309970,NO,4395
chr8,61966006,61967590,NO,1584
chr2,173172656,173177318,NO,4662
chr13,31247641,31249022,NO,1381
chr19,1907215,1908828,NO,1613
chr4,120023839,120028219,NO,4380
chr2,157314385,157325123,NO,10738
chr5,148826544,148828744,NO,2200
chr12,89619072,89645986,NO,26914
chr15,41912912,41914489,NO,1577
chr2,112787958,112791002,NO,3044
chr4,2914835,2917061,NO,2226
chr15,73893061,73895392,NO,2331
chr6,28350678,28351971,NO,1293
chr14,103559708,103562086,NO,2378
chr10,97572983,97578576,NO,5593
chr2,240035349,240044584,NO,9235
chr1,180578816,180581024,NO,2208
chr14,103393660,103407770,NO,14110
chr18,33999443,34002089,NO,2646
chr3,23530861,23543357,NO,12496
chr17,38194392,38196078,NO,1686
chr5,150053100,150054481,NO,1381
chr6,86112310,86115829,NO,3519
chr15,82487415,82488992,NO,1577
chr7,102573562,102579917,NO,6355
chr1,68256969,68260311,NO,3342
chr2,86693449,86710480,NO,17031
chr3,8573050,8575373,NO,2323
chr17,71361267,71363179,NO,1912
chr13,39988360,39992118,NO,3758
chr11,35325511,35329997,NO,4486
chr21,40690609,40692593,NO,1984
chr12,76404029,76415502,NO,11473
chr20,61157397,61161039,NO,3642
chr1,46652658,46655277,NO,2619
chr19,33140148,33144652,NO,4504
chr17,6228549,6231947,NO,3398
chr7,71077703,71081345,NO,3642
chr13,48977260,48981206,NO,3946
chr6,6826112,6827741,NO,1629
chr6,167340078,167343262,NO,3184
chr8,21923504,21924724,NO,1220
chr8,38894935,38896954,NO,2019
chr14,25577885,25591331,NO,13446
chr12,65173873,65175914,NO,2041
chr9,97864899,97867710,NO,2811
chr4,151094087,151097714,NO,3627
chr11,86222232,86231489,NO,9257
chr1,153608177,153610163,NO,1986
chr2,86037457,86039379,NO,1922
chr11,62784599,62791865,NO,7266
chr13,49356319,49358700,NO,2381
chr8,26178544,26185105,NO,6561
chr6,37247027,37252269,NO,5242
chr2,11837425,11839281,NO,1856
chrX,49164756,49167126,NO,2370
chr2,101396657,101403813,NO,7156
chr13,24040122,24041858,NO,1736
chr11,121253831,121261121,NO,7290
chr16,19007200,19011105,NO,3905
chr5,128431924,128435265,NO,3341
chr13,32542537,32556607,NO,14070
chr13,113526833,113529146,NO,2313
chr12,29316637,29318015,NO,1378
chr19,8633661,8636424,NO,2763
chr1,203096734,203099978,NO,3244
chr11,6767253,6768248,NO,995
chr2,60711052,60714408,NO,3356
chr3,171546650,171556660,NO,10010
chr5,112553099,112555202,NO,2103
chr8,7772613,7775721,NO,3108
chr9,132523588,132540106,NO,16518
chr13,35321397,35323239,NO,1842
chr11,1283113,1284849,NO,1736
chr2,216694888,216696925,NO,2037
chr18,72763601,72766024,NO,2423
chr5,71187394,71189295,NO,1901
chr17,8509774,8515423,NO,5649
chr10,31340763,31364052,NO,23289
chr1,150158961,150165069,NO,6108
chr4,174666887,174669689,NO,2802
chr10,128810143,128812401,NO,2258
chr7,43003976,43013689,NO,9713
chr2,33240719,33247239,NO,6520
chr12,5690438,5695679,NO,5241
chr16,18942799,18944853,NO,2054
chr8,49556052,49563341,NO,7289
chr18,72509079,72519505,NO,10426
chr2,169097108,169102472,NO,5364
chr17,44841627,44850016,NO,8389
chr2,173267740,173274684,NO,6944
chr10,77909271,77911182,NO,1911
chr14,65345506,65347687,NO,2181
chr9,139775754,139778101,NO,2347
chr3,58067056,58069799,NO,2743
chr10,47655297,47660335,NO,5038
chr22,18790500,18797643,NO,7143
chr22,25480698,25486896,NO,6198
chr1,22357585,22367146,NO,9561
chr18,9638154,9648101,NO,9947
chr13,76277433,76280539,NO,3106
chr17,65542389,65546874,NO,4485
chr6,30795568,30798975,NO,3407
chr15,52943789,52946094,NO,2305
chr17,4064332,4079780,NO,15448
chr5,170059452,170061472,NO,2020
chr6,169824469,169828641,NO,4172
chr2,1819942,1821997,NO,2055
chr13,30937903,30951748,NO,13845
chr9,108060973,108062713,NO,1740
chr13,50960443,50964715,NO,4272
chr15,70085965,70088682,NO,2717
chr15,42082518,42084145,NO,1627
chr10,80008061,80016671,NO,8610
chr6,112358773,112365215,NO,6442
chr8,130764347,130766413,NO,2066
chr17,72808026,72809741,NO,1715
chr1,225696406,225697659,NO,1253
chr19,13990771,13993270,NO,2499
chr9,15232452,15244784,NO,12332
chr17,53488023,53494835,NO,6812
chr5,42587198,42598123,NO,10925
chr17,53837995,53847781,NO,9786
chr20,23374286,23381956,NO,7670
chr11,125321196,125322649,NO,1453
chr6,27218432,27220135,NO,1703
chr11,45376499,45389154,NO,12655
chr1,156260764,156262713,NO,1949
chr20,47001914,47004346,NO,2432
chr1,170667503,170680163,NO,12660
chr12,63073549,63078948,NO,5399
chr4,6771911,6774739,NO,2828
chr9,115947331,115951198,NO,3867
chr1,39758749,39762198,NO,3449
chr2,162197055,162197970,NO,915
chr14,20944498,20946367,NO,1869
chr7,134375165,134388803,NO,13638
chr3,45857397,45860535,NO,3138
chr1,59083914,59086616,NO,2702
chr17,27219623,27221360,NO,1737
chr17,78357503,78369002,NO,11499
chr8,22370486,22374521,NO,4035
chr2,242047429,242049189,NO,1760
chr18,55297039,55298253,NO,1214
chr12,4107321,4122186,NO,14865
chr20,23960439,23963052,NO,2613
chr1,154701578,154704310,NO,2732
chr7,35755847,35769204,NO,13357
chr6,52458955,52461405,NO,2450
chr2,12633037,12642444,NO,9407
chr9,2119501,2127863,NO,8362
chr6,45389824,45392566,NO,2742
chr17,4033740,4040756,NO,7016
chr14,23892466,23895477,NO,3011
chr11,57172957,57175300,NO,2343
chr2,48735332,48743457,NO,8125
chr6,138750671,138752931,NO,2260
chr19,2887517,2894323,NO,6806
chr4,38563598,38567373,NO,3775
chr19,58309473,58316158,NO,6685
chr10,31708500,31715743,NO,7243
chr2,45464968,45470281,NO,5313
chr22,29810825,29816325,NO,5500
chr6,42085634,42090077,NO,4443
chrX,149368843,149381926,NO,13083
chr19,7933486,7937587,NO,4101
chr12,124810842,124813424,NO,2582
chr17,2932308,2934722,NO,2414
chr14,21438840,21440428,NO,1588
chr6,11810227,11811593,NO,1366
chr5,171923560,171932576,NO,9016
chr10,115032116,115034620,NO,2504
chrX,9308424,9310013,NO,1589
chr21,36355818,36372295,NO,16477
chr15,72649801,72661809,NO,12008
chr7,809827,812110,NO,2283
chr2,11622965,11639814,NO,16849
chr4,156594507,156598312,NO,3805
chr14,75431852,75448609,NO,16757
chr4,40552971,40562537,NO,9566
chr2,237796176,237798290,NO,2114
chr2,9939681,9942401,NO,2720
chr8,129120533,129122253,NO,1720
chrX,130946792,130957136,NO,10344
chr11,123275174,123278727,NO,3553
chr5,16721455,16736966,NO,15511
chr9,19154988,19162601,NO,7613
chr12,7095746,7097061,NO,1315
chr19,1181262,1182619,NO,1357
chr1,19336572,19338906,NO,2334
chr9,96263070,96267459,NO,4389
chr17,73854070,73855670,NO,1600
chr17,64947508,64949576,NO,2068
chr1,27049311,27051038,NO,1727
chr6,30922412,30924381,NO,1969
chr4,166176409,166179358,NO,2949
chr2,242156406,242158103,NO,1697
chr16,66737030,66741117,NO,4087
chr2,217630414,217640538,NO,10124
chr1,110777453,110783627,NO,6174
chr9,138778249,138780654,NO,2405
chr3,149224889,149227804,NO,2915
chr7,76094872,76097891,NO,3019
chr14,81889642,81902747,NO,13105
chr16,49787949,49790138,NO,2189
chr6,151032877,151042561,NO,9684
chr5,137139410,137145244,NO,5834
chr3,49255071,49256862,NO,1791
chr12,92423639,92429185,NO,5546
chr4,6747973,6750384,NO,2411
chr1,45973790,45980950,NO,7160
chr5,175798685,175810000,NO,11315
chr2,217664422,217670061,NO,5639
chr1,109127903,109135102,NO,7199
chr2,239142837,239157147,NO,14310
chr5,72569183,72577598,NO,8415
chr6,14431514,14442489,NO,10975
chr11,65359026,65361605,NO,2579
chr12,96464268,96472863,NO,8595
chr7,23245269,23246476,NO,1207
chr8,25237187,25238912,NO,1725
chr1,155187807,155190334,NO,2527
chr22,38638997,38640590,NO,1593
chr15,91304686,91306304,NO,1618
chr7,30468242,30473495,NO,5253
chr5,172178043,172179767,NO,1724
chr17,21332176,21334278,NO,2102
chr11,100503382,100510343,NO,6961
chr15,85191780,85195243,NO,3463
chr9,129701139,129702545,NO,1406
chr2,47418480,47420535,NO,2055
chr8,127836958,127855886,NO,18928
chr2,202049694,202057119,NO,7425
chrX,15712614,15715908,NO,3294
chr12,6900910,6902806,NO,1896
chr13,24665085,24668428,NO,3343
chr3,65154028,65167563,NO,13535
chr12,93292677,93294266,NO,1589
chr13,24607205,24609220,NO,2015
chr2,118943219,118944606,NO,1387
chr19,31209890,31211502,NO,1612
chr12,132673523,132675141,NO,1618
chr8,131132152,131134988,NO,2836
chr10,35480282,35481459,NO,1177
chr16,90060421,90062839,NO,2418
chr17,73828116,73830925,NO,2809
chr4,54517474,54523631,NO,6157
chr16,56776121,56784067,NO,7946
chr4,103633590,103639652,NO,6062
chr12,52609060,52611978,NO,2918
chr11,112751836,112754489,NO,2653
chr17,73846641,73848252,NO,1611
chr10,48571192,48574130,NO,2938
chr12,26305450,26307573,NO,2123
chr2,95707569,95710125,NO,2556
chrX,102878932,102880482,NO,1550
chr17,61472748,61477727,NO,4979
chr17,73860153,73861758,NO,1605
chr6,144426822,144431736,NO,4914
chr9,116149085,116163002,NO,13917
chr10,124023476,124029489,NO,6013
chr7,148899708,148903509,NO,3801
chr2,208791003,208804495,NO,13492
chr1,62104603,62107776,NO,3173
chr8,59440326,59443049,NO,2723
chr14,102941020,102946655,NO,5635
chr22,45667308,45676588,NO,9280
chr13,48794713,48796887,NO,2174
chr10,4386037,4387744,NO,1707
chr5,25190394,25191247,NO,853
chr15,34782392,34787765,NO,5373
chr13,114790638,114793922,NO,3284
chr6,14876838,14878573,NO,1735
chr2,208174955,208177179,NO,2224
chr1,116853714,116856033,NO,2319
chr10,115674394,115691280,NO,16886
chr10,11369879,11377814,NO,7935
chr2,197072996,197076695,NO,3699
chr6,38122339,38123900,NO,1561
chr4,15452284,15457969,NO,5685
chr20,48177807,48180341,NO,2534
chr10,134188121,134190438,NO,2317
chr19,45674458,45676989,NO,2531
chr1,203337718,203349558,NO,11840
chr19,6800990,6803187,NO,2197
chr12,131718449,131720919,NO,2470
chr6,32059418,32061918,NO,2500
chr1,222638330,222639608,NO,1278
chr10,47007889,47010107,NO,2218
chr20,17945640,17947849,NO,2209
chrX,1367573,1369089,NO,1516
chr4,53412626,53416194,NO,3568
chr1,31627109,31628869,NO,1760
chr14,77309708,77311562,NO,1854
chr8,134467386,134470606,NO,3220
chr1,172289680,172292212,NO,2532
chr17,48961154,48963038,NO,1884
chr21,44984966,45006330,NO,21364
chr5,177854866,177857092,NO,2226
chr12,52430979,52431935,NO,956
chr19,47342595,47345947,NO,3352
chr13,52188370,52195212,NO,6842
chr1,244820085,244822995,NO,2910
chr15,41309649,41317058,NO,7409
chr1,178311898,178314746,NO,2848
chr10,90844854,90847481,NO,2627
chr13,40886634,40890115,NO,3481
chr2,45968506,45973156,NO,4650
chr19,5308176,5309818,NO,1642
chr3,156966388,156968147,NO,1759
chr4,26049363,26051927,NO,2564
chr15,78613990,78615942,NO,1952
chr1,172326962,172328584,NO,1622
chr3,114377690,114380205,NO,2515
chr6,10838052,10839207,NO,1155
chrX,46184465,46187906,NO,3441
chr6,82724360,82727540,NO,3180
chr1,172715040,172718035,NO,2995
chr8,6404362,6408786,NO,4424
chr20,32803308,32804272,NO,964
chr3,72869675,72871558,NO,1883
chr16,24680487,24683080,NO,2593
chr11,48102159,48103811,NO,1652
chr3,177800939,177803846,NO,2907
chr14,21574421,21575981,NO,1560
chr18,60172562,60174327,NO,1765
chr16,68305106,68307620,NO,2514
chr12,68798831,68800740,NO,1909
chr2,25437668,25439541,NO,1873
chr2,120304023,120311724,NO,7701
chr2,5835674,5837655,NO,1981
chr11,13228907,13230748,NO,1841
chr13,110746027,110747865,NO,1838
chr8,49669495,49677755,NO,8260
chr5,56502751,56504571,NO,1820
chr15,75396958,75401325,NO,4367
chr15,90753386,90757422,NO,4036
chr10,31870830,31874297,NO,3467
chr1,33760717,33767402,NO,6685
chr1,117239089,117254520,NO,15431
chr1,236311292,236314846,NO,3554
chr10,115651186,115658418,NO,7232
chr6,52897623,52901010,NO,3387
chr4,184938037,184950415,NO,12378
chr2,88368432,88374143,NO,5711
chr22,40633212,40635931,NO,2719
chrX,18665984,18669001,NO,3017
chr17,19606169,19608011,NO,1842
chr5,39520570,39527946,NO,7376
chr15,65276469,65278267,NO,1798
chr18,43188697,43200467,NO,11770
chr3,50351604,50353350,NO,1746
chr5,137001752,137015826,NO,14074
chr6,134489062,134494540,NO,5478
chr14,21077601,21082625,NO,5024
chr6,24743218,24749865,NO,6647
chr19,48761379,48763619,NO,2240
chr6,90694601,90696163,NO,1562
chr3,192288529,192290297,NO,1768
chr17,10059106,10061326,NO,2220
chr13,30687643,30689531,NO,1888
chr3,111539227,111543717,NO,4490
chr3,193626666,193629706,NO,3040
chr21,46858296,46860124,NO,1828
chr1,112461900,112463949,NO,2049
chr20,50348248,50369640,NO,21392
chr2,113835122,113837514,NO,2392
chr16,30572259,30573310,NO,1051
chr6,36736252,36738675,NO,2423
chr2,101944037,101947725,NO,3688
chr18,30016919,30019248,NO,2329
chr6,33311841,33324804,NO,12963
chr17,27308099,27310302,NO,2203
chr12,131531738,131535811,NO,4073
chr12,131912546,131914987,NO,2441
chr15,39457345,39465691,NO,8346
chr15,64190661,64209225,NO,18564
chr9,130587921,130590086,NO,2165
chr1,183108196,183118965,NO,10769
chr7,32708188,32709619,NO,1431
chr2,42191174,42195148,NO,3974
chr19,45415827,45428109,NO,12282
chr2,17790280,17793075,NO,2795
chr2,1628800,1630407,NO,1607
chr11,29795202,29803259,NO,8057
chr5,55367152,55376788,NO,9636
chr19,4574406,4576430,NO,2024
chr5,58500375,58503085,NO,2710
chr6,3406449,3420265,NO,13816
chr5,138003675,138005305,NO,1630
chr15,99556815,99559126,NO,2311
chr2,18243399,18249678,NO,6279
chr14,59678981,59683129,NO,4148
chr2,86620176,86621837,NO,1661
chr8,94410491,94417632,NO,7141
chr2,182852284,182856610,NO,4326
chr7,77057256,77058575,NO,1319
chr3,107850905,107856261,NO,5356
chr12,52576950,52581119,NO,4169
chr10,64873910,64876336,NO,2426
chr17,46623714,46626408,NO,2694
chrX,39713994,39720474,NO,6480
chr16,70057135,70060569,NO,3434
chr7,111769807,111784989,NO,15182
chr16,86962089,86966049,NO,3960
chr7,98627555,98638865,NO,11310
chr18,52776555,52778863,NO,2308
chr15,101228067,101235215,NO,7148
chr3,69589835,69592075,NO,2240
chr6,33577215,33579167,NO,1952
chr22,40783563,40793900,NO,10337
chr18,12678951,12680094,NO,1143
chr19,53103647,53105812,NO,2165
chr8,121079948,121096041,NO,16093
chr10,45965494,45967908,NO,2414
chr17,15795559,15798120,NO,2561
chr5,141887814,141892752,NO,4938
chr12,95477670,95493489,NO,15819
chr2,73315644,73317708,NO,2064
chr9,99448644,99449760,NO,1116
chr12,2648963,2651123,NO,2160
chr9,4681023,4686966,NO,5943
chr10,5507943,5510808,NO,2865
chr3,73475675,73477574,NO,1899
chr2,24657690,24659359,NO,1669
chr16,68290995,68292736,NO,1741
chr3,138492922,138494738,NO,1816
chr9,6037583,6038210,NO,627
chr14,91668443,91669773,NO,1330
chr18,7870820,7878123,NO,7303
chr6,126154733,126160954,NO,6221
chr11,17406981,17408807,NO,1826
chr11,111886786,111890666,NO,3880
chr12,57230132,57232023,NO,1891
chr2,167996799,167999781,NO,2982
chrX,21816595,21819432,NO,2837
chr16,80965619,80967076,NO,1457
chr13,51490692,51492236,NO,1544
chr1,37998993,38000818,NO,1825
chr4,8395087,8404971,NO,9884
chr8,144628652,144632115,NO,3463
chr16,58370823,58381902,NO,11079
chr3,184405086,184410310,NO,5224
chr1,19889287,19891344,NO,2057
chr20,10715963,10735373,NO,19410
chr14,23355106,23357693,NO,2587
chr4,146830188,146831920,NO,1732
chr3,140812322,140815318,NO,2996
chr18,447179,457652,NO,10473
chr12,52455851,52458684,NO,2833
chr14,56799889,56809332,NO,9443
chr22,38699150,38701133,NO,1983
chr9,127613697,127616310,NO,2613
chr19,1507315,1508879,NO,1564
chr9,139572428,139574727,NO,2299
chr4,9153773,9155574,NO,1801
chr1,59387833,59399383,NO,11550
chr11,61872228,61880296,NO,8068
chr8,144923523,144925915,NO,2392
chr15,35598411,35602458,NO,4047
chr7,139929391,139932346,NO,2955
chr18,35030408,35034037,NO,3629
chr14,34702732,34705124,NO,2392
chr4,152087016,152090933,NO,3917
chr14,100437271,100439203,NO,1932
chr3,58456244,58470652,NO,14408
chr11,15671053,15672731,NO,1678
chr11,109939406,109941596,NO,2190
chr4,120129414,120131450,NO,2036
chr17,40608103,40609452,NO,1349
chr17,65524553,65525940,NO,1387
chr2,175691989,175693198,NO,1209
chr20,24929733,24932446,NO,2713
chr17,48218984,48220716,NO,1732
chr6,143542997,143546545,NO,3548
chr16,20622250,20626633,NO,4383
chr16,19815560,19820079,NO,4519
chr1,231530598,231532092,NO,1494
chr2,205316965,205319192,NO,2227
chr3,194958690,194960343,NO,1653
chr10,88159546,88161400,NO,1854
chr6,109557825,109562089,NO,4264
chr16,28169012,28178961,NO,9949
chr17,15686005,15688105,NO,2100
chrX,56829388,56840317,NO,10929
chr3,69451098,69470755,NO,19657
chr11,45043598,45049029,NO,5431
chr7,120724429,120727140,NO,2711
chr12,42628408,42630137,NO,1729
chr3,25549928,25551848,NO,1920
chr5,2779705,2781294,NO,1589
chr11,130595342,130608771,NO,13429
chr1,181012095,181014908,NO,2813
chr10,35850266,35854997,NO,4731
chr18,53144466,53147271,NO,2805
chr1,224179888,224181127,NO,1239
chr1,206629924,206635247,NO,5323
chr3,101898132,101901745,NO,3613
chr16,28192636,28205608,NO,12972
chr18,20935730,20938981,NO,3251
chrX,46988499,46989508,NO,1009
chr1,2499892,2501991,NO,2099
chr3,125708773,125710100,NO,1327
chr2,190474140,190478887,NO,4747
chrX,45046244,45058431,NO,12187
chr16,85428585,85430690,NO,2105
chr11,36397670,36399889,NO,2219
chr1,10214771,10221614,NO,6843
chr3,140993383,140999083,NO,5700
chr20,30467078,30468089,NO,1011
chr4,143009995,143013650,NO,3655
chr1,7764614,7766277,NO,1663
chr6,169562515,169569248,NO,6733
chr20,39121994,39135478,NO,13484
chr10,71257229,71267922,NO,10693
chr17,42661452,42665531,NO,4079
chr13,33727194,33729597,NO,2403
chr2,11123064,11124810,NO,1746
chr7,28387112,28388951,NO,1839
chr9,90690848,90692405,NO,1557
chr11,6715718,6717689,NO,1971
chr6,22025311,22028016,NO,2705
chr4,148078569,148079922,NO,1353
chr22,39338833,39350320,NO,11487
chr17,437406,441844,NO,4438
chr5,156712164,156714982,NO,2818
chr6,2578604,2581052,NO,2448
chr5,134689438,134693367,NO,3929
chr5,112454407,112458762,NO,4355
chr15,31780342,31793613,NO,13271
chr9,98188138,98189706,NO,1568
chr17,16487490,16492953,NO,5463
chr15,67223857,67229531,NO,5674
chr17,31263511,31271885,NO,8374
chr11,68348803,68353033,NO,4230
chr8,119068460,119074901,NO,6441
chr14,89950819,89953612,NO,2793
chr22,28470178,28472142,NO,1964
chr12,52606414,52608841,NO,2427
chr6,89870762,89872083,NO,1321
chr8,29356144,29357473,NO,1329
chr3,48693274,48694735,NO,1461
chr1,17012417,17012858,NO,441
chr2,230309185,230311474,NO,2289
chr1,108592727,108595610,NO,2883
chr3,71439006,71445794,NO,6788
chr20,23273878,23278797,NO,4919
chr8,131503083,131504919,NO,1836
chr9,132830180,132836937,NO,6757
chr4,37878856,37887583,NO,8727
chr9,139534498,139537620,NO,3122
chr13,31782222,31784306,NO,2084
chr16,2584954,2586851,NO,1897
chr10,24772006,24775800,NO,3794
chr16,14136139,14138345,NO,2206
chr12,15427341,15433099,NO,5758
chr3,23906254,23908232,NO,1978
chr16,2028676,2030450,NO,1774
chr2,114298666,114300035,NO,1369
chr19,58565543,58567138,NO,1595
chr2,26873252,26877352,NO,4100
chr9,16704081,16705771,NO,1690
chr8,128821346,128823509,NO,2163
chr13,44259383,44273637,NO,14254
chr15,31276716,31279194,NO,2478
chr8,59506912,59509408,NO,2496
chr21,30714594,30723153,NO,8559
chr8,80995980,80998497,NO,2517
chr9,38649014,38652519,NO,3505
chr17,78002646,78005093,NO,2447
chr20,5668173,5670545,NO,2372
chr10,89378039,89386603,NO,8564
chr7,56146555,56148088,NO,1533
chr8,55238421,55241808,NO,3387
chr8,42052638,42055116,NO,2478
chr15,74019130,74020922,NO,1792
chr14,23867528,23870401,NO,2873
chr10,3087238,3089113,NO,1875
chr1,183149124,183150731,NO,1607
chr3,33700041,33701890,NO,1849
chr7,75471664,75472979,NO,1315
chr1,43721109,43723759,NO,2650
chr12,12551300,12560085,NO,8785
chr14,81984133,81986503,NO,2370
chr1,221271151,221273881,NO,2730
chr17,30022284,30024639,NO,2355
chr15,29962127,29964479,NO,2352
chr2,97474980,97478561,NO,3581
chr6,167763420,167765224,NO,1804
chr7,150214322,150217793,NO,3471
chr22,36137866,36139418,NO,1552
chr8,145702866,145704546,NO,1680
chr2,128990090,128991497,NO,1407
chr9,132757422,132758990,NO,1568
chr13,110760794,110763013,NO,2219
chr1,113392333,113393684,NO,1351
chr3,47931537,47934169,NO,2632
chr4,25173769,25176130,NO,2361
chr2,161808862,161813360,NO,4498
chr7,76633437,76637785,NO,4348
chr18,74331023,74333697,NO,2674
chr2,439667,442054,NO,2387
chr7,39894409,39894971,NO,562
chr4,13695466,13708482,NO,13016
chr7,30292310,30294621,NO,2311
chr5,65910797,65914416,NO,3619
chr7,135664058,135666017,NO,1959
chr6,46405273,46406689,NO,1416
chr3,191073859,191077255,NO,3396
chr2,101196756,101198348,NO,1592
chr13,46869618,46871753,NO,2135
chr6,32130176,32132759,NO,2583
chr18,12879853,12881963,NO,2110
chr2,99525287,99529393,NO,4106
chr12,89551084,89556647,NO,5563
chrX,68244854,68249044,NO,4190
chr1,160966642,160968567,NO,1925
chr14,65111654,65122159,NO,10505
chr12,117155355,117166765,NO,11410
chr3,32343813,32348021,NO,4208
chr2,23785777,23789477,NO,3700
chr16,2556855,2558317,NO,1462
chr6,4401989,4404066,NO,2077
chr1,24278020,24284181,NO,6161
chr19,10369702,10370974,NO,1272
chr11,116063360,116065334,NO,1974
chr12,63096352,63098122,NO,1770
chr11,94371250,94372969,NO,1719
chr15,23157121,23159310,NO,2189
chr2,97282409,97285552,NO,3143
chr17,66591404,66594804,NO,3400
chr6,163878303,163880700,NO,2397
chr17,59363607,59373048,NO,9441
chr12,104193340,104200109,NO,6769
chr16,75572424,75584590,NO,12166
chr22,50982301,50983650,NO,1349
chr5,172275188,172277857,NO,2669
chr5,1329978,1332161,NO,2183
chr8,39912406,39917836,NO,5430
chr3,197099046,197105709,NO,6663
chr1,110490146,110503310,NO,13164
chr8,58614827,58616714,NO,1887
chr10,13143672,13144788,NO,1116
chr16,67866758,67868465,NO,1707
chr6,36317987,36327047,NO,9060
chr2,15309147,15311174,NO,2027
chr5,14700681,14715254,NO,14573
chr18,13629709,13642900,NO,13191
chr19,51842074,51844146,NO,2072
chr7,92426196,92439648,NO,13452
chr11,33312847,33314426,NO,1579
chr22,29399838,29401913,NO,2075
chr2,161933211,161935063,NO,1852
chr4,55899133,55905428,NO,6295
chr3,178038086,178039958,NO,1872
chr19,1111952,1114462,NO,2510
chr3,43519010,43524667,NO,5657
chrX,39195049,39197355,NO,2306
chr17,18056850,18062307,NO,5457
chrX,129114165,129117119,NO,2954
chr4,71599789,71601243,NO,1454
chr2,192501717,192503693,NO,1976
chr16,84403542,84413936,NO,10394
chr1,1496658,1498713,NO,2055
chr12,110176051,110191477,NO,15426
chr22,47289143,47292820,NO,3677
chr17,41280428,41282029,NO,1601
chr2,99095533,99101138,NO,5605
chr4,6857326,6861938,NO,4612
chr16,68323068,68325419,NO,2351
chr5,53591395,53593410,NO,2015
chr8,120188846,120190204,NO,1358
chr19,40909385,40910495,NO,1110
chr14,71349469,71354156,NO,4687
chr16,1380985,1383486,NO,2501
chr17,46948948,46951458,NO,2510
chr15,40734958,40738837,NO,3879
chr2,6921258,6922817,NO,1559
chrX,153029572,153032131,NO,2559
chr17,1541394,1544502,NO,3108
chr12,98832412,98834049,NO,1637
chr10,7582774,7584415,NO,1641
chr1,22090266,22095690,NO,5424
chr7,24860761,24874460,NO,13699
chr19,8375748,8377670,NO,1922
chr1,1239746,1241824,NO,2078
chr20,60723407,60725740,NO,2333
chr4,77722620,77734019,NO,11399
chr8,42608713,42610553,NO,1840
chr5,172094592,172096584,NO,1992
chr6,57038700,57043110,NO,4410
chr1,110042147,110044913,NO,2766
chr4,38754042,38755653,NO,1611
chr6,22062920,22072508,NO,9588
chr6,132451268,132453586,NO,2318
chr12,48133321,48135572,NO,2251
chr15,89560361,89562183,NO,1822
chr11,11301157,11303591,NO,2434
chr6,166901584,166904962,NO,3378
chr2,71771604,71773357,NO,1753
chr8,18244129,18245423,NO,1294
chrX,109169937,109172109,NO,2172
chr11,122027561,122030725,NO,3164
chr6,166666624,166673532,NO,6908
chr11,17373821,17375599,NO,1778
chr3,135789585,135790926,NO,1341
chr2,37842720,37854065,NO,11345
chr1,229073347,229075232,NO,1885
chr12,76302626,76304508,NO,1882
chr1,224074928,224076608,NO,1680
chr22,32532881,32534501,NO,1620
chr1,42232211,42238435,NO,6224
chr6,22042761,22044414,NO,1653
chr15,51400988,51403006,NO,2018
chr5,126145698,126148388,NO,2690
chrX,39167939,39170195,NO,2256
chr11,10883280,10889125,NO,5845
chr20,22841946,22844053,NO,2107
chr2,25584553,25586102,NO,1549
chr1,87239345,87241123,NO,1778
chr21,37304280,37306360,NO,2080
chr18,45935834,45937328,NO,1494
chr11,14559794,14563457,NO,3663
chr5,138236253,138240078,NO,3825
chr9,6779195,6789095,NO,9900
chr3,69920247,69923181,NO,2934
chr2,6054849,6056383,NO,1534
chr9,95813762,95815718,NO,1956
chr12,50353111,50358219,NO,5108
chr4,82485987,82487814,NO,1827
chr1,232147037,232149836,NO,2799
chr10,50006780,50010327,NO,3547
chr3,140636043,140644410,NO,8367
chr5,159246029,159254306,NO,8277
chr3,123467915,123470252,NO,2337
chr14,104042521,104044094,NO,1573
chr19,36659792,36661912,NO,2120
chr22,24902626,24907312,NO,4686
chr4,14912467,14919440,NO,6973
chr15,101441719,101443506,NO,1787
chr7,53304988,53306633,NO,1645
chr1,41884127,41899305,NO,15178
chr13,34730708,34737356,NO,6648
chr16,68365786,68367109,NO,1323
chr4,86953180,86954915,NO,1735
chr5,67293847,67295374,NO,1527
chr2,97497402,97499497,NO,2095
chr11,13983695,13995148,NO,11453
chr10,530266,537688,NO,7422
chr16,11120499,11127603,NO,7104
chr3,58372195,58384719,NO,12524
chr10,34367632,34370228,NO,2596
chr2,118861616,118881548,NO,19932
chr7,38350003,38358660,NO,8657
chr10,80534364,80538315,NO,3951
chrX,123350473,123353373,NO,2900
chr14,38678297,38680851,NO,2554
chr16,506653,508684,NO,2031
chr1,95660961,95664250,NO,3289
chr2,237550649,237552584,NO,1935
chr7,25659846,25665707,NO,5861
chr16,28392896,28395461,NO,2565
chr1,101646861,101653004,NO,6143
chr1,214649155,214656985,NO,7830
chr3,8603077,8605124,NO,2047
chr1,56820499,56822744,NO,2245
chr16,28742490,28745056,NO,2566
chr12,7984835,7996555,NO,11720
chr12,58329364,58330502,NO,1138
chrX,114579042,114581028,NO,1986
chr17,64535858,64537932,NO,2074
chr15,85141134,85159859,NO,18725
chr12,110440407,110441774,NO,1367
chr4,25812569,25816920,NO,4351
chr11,121287618,121290160,NO,2542
chr5,124745578,124748187,NO,2609
chr10,81247146,81251112,NO,3966
chr2,30684835,30688435,NO,3600
chr4,83701188,83704526,NO,3338
chr5,16885660,16897300,NO,11640
chr1,226789806,226791732,NO,1926
chr12,6403701,6405727,NO,2026
chr6,78049611,78051770,NO,2159
chr13,49670621,49672663,NO,2042
chr12,52568981,52570330,NO,1349
chr18,7946671,7964016,NO,17345
chr18,45528800,45530946,NO,2146
chr7,23060014,23063162,NO,3148
chr1,52198329,52201236,NO,2907
chr15,32162499,32163706,NO,1207
chr22,22050809,22054057,NO,3248
chr1,23732074,23734388,NO,2314
chr22,46138943,46140818,NO,1875
chr2,39608771,39631042,NO,22271
chr9,109936561,109938969,NO,2408
chr6,90057560,90061430,NO,3870
chr5,180021312,180024335,NO,3023
chr1,205409193,205411907,NO,2714
chr1,20354838,20357802,NO,2964
chr1,209960166,209961642,NO,1476
chr2,62377809,62379646,NO,1837
chr16,72236518,72238184,NO,1666
chr16,85354274,85356392,NO,2118
chr8,80651260,80654384,NO,3124
chr14,91162992,91165789,NO,2797
chr7,101722727,101724657,NO,1930
chr12,51378142,51379687,NO,1545
chr20,46092709,46094333,NO,1624
chr11,94527088,94528486,NO,1398
chr22,24016910,24039344,NO,22434
chr19,2796529,2799025,NO,2496
chr12,15781100,15784630,NO,3530
chr17,21272607,21274530,NO,1923
chr5,147796130,147805736,NO,9606
chr21,38902878,38906205,NO,3327
chr15,45076050,45077218,NO,1168
chr6,140085011,140086406,NO,1395
chr16,89682563,89690743,NO,8180
chr14,77294176,77296503,NO,2327
chr7,8293822,8300268,NO,6446
chr11,49455640,49456281,NO,641
chr6,42280351,42284599,NO,4248
chr17,8268339,8270583,NO,2244
chr1,10960490,10965168,NO,4678
chr2,136995706,136997266,NO,1560
chr3,52925122,52928264,NO,3142
chr13,31286694,31289543,NO,2849
chr2,47006902,47009239,NO,2337
chr5,172337700,172339564,NO,1864
chr3,73494977,73501572,NO,6595
chr3,183270416,183272631,NO,2215
chr8,145002749,145006061,NO,3312
chr10,29094899,29097755,NO,2856
chr10,26910719,26911924,NO,1205
chr7,26140330,26141942,NO,1612
chr17,45176953,45177972,NO,1019
chr3,58405132,58410859,NO,5727
chr17,60547928,60549357,NO,1429
chr15,40268249,40269567,NO,1318
chr2,122384290,122392079,NO,7789
chr14,24475450,24477004,NO,1554
chr9,71485164,71487621,NO,2457
chr1,46008229,46011471,NO,3242
chr1,214279907,214281916,NO,2009
chr2,121199357,121200925,NO,1568
chr3,64312416,64313914,NO,1498
chr17,37807944,37810310,NO,2366
chr1,112490089,112491894,NO,1805
chr22,31004504,31006300,NO,1796
chr7,77035925,77042906,NO,6981
chr1,171156128,171162626,NO,6498
chr12,52429666,52430968,NO,1302
chr20,3293634,3308324,NO,14690
chr1,150231431,150233268,NO,1837
chr10,14098529,14117172,NO,18643
chr18,55869234,55876333,NO,7099
chr3,111480301,111488065,NO,7764
chr19,1879990,1881470,NO,1480
chr7,37349353,37356413,NO,7060
chr2,97330420,97332368,NO,1948
chr1,3309459,3311040,NO,1581
chr3,186100036,186102244,NO,2208
chr6,109369216,109381225,NO,12009
chr9,131005093,131007347,NO,2254
chr2,158898978,158901272,NO,2294
chr1,161972130,161974791,NO,2661
chr3,101848428,101851457,NO,3029
chr11,114667183,114668795,NO,1612
chr10,26768753,26775930,NO,7177
chr2,109825545,109834643,NO,9098
chr18,29628403,29630165,NO,1762
chr5,172366007,172368277,NO,2270
chr7,16101527,16108239,NO,6712
chr1,114325890,114327573,NO,1683
chr10,11267883,11269807,NO,1924
chr2,9959624,9972325,NO,12701
chr11,88153302,88155120,NO,1818
chr5,172146570,172148988,NO,2418
chr19,54102972,54104956,NO,1984
chr12,30975249,30976514,NO,1265
chr17,15930682,15932122,NO,1440
chr8,8698910,8710311,NO,11401
chr22,46396150,46398373,NO,2223
chr14,99501714,99503402,NO,1688
chr3,169105554,169108478,NO,2924
chr10,115860460,115861728,NO,1268
chrX,45365539,45375516,NO,9977
chr5,155900773,155903538,NO,2765
chr22,21102203,21105675,NO,3472
chr9,99267678,99277474,NO,9796
chr12,4665954,4677610,NO,11656
chr8,102771972,102774351,NO,2379
chr17,56708350,56710176,NO,1826
chr3,20112913,20123230,NO,10317
chr3,143162864,143164167,NO,1303
chr15,64445755,64451660,NO,5905
chr20,17939274,17940985,NO,1711
chr1,145561401,145563582,NO,2181
chr12,27219250,27224246,NO,4996
chr19,30335721,30336909,NO,1188
chr15,73865565,73868903,NO,3338
chr2,42067853,42068859,NO,1006
chr22,45845832,45857097,NO,11265
chr10,127729420,127731393,NO,1973
chr16,5031596,5032953,NO,1357
chr4,89261430,89263340,NO,1910
chr5,157841252,157859232,NO,17980
chr2,25078002,25080346,NO,2344
chr2,106406598,106414423,NO,7825
chr16,66520247,66522133,NO,1886
chr8,81956494,81963764,NO,7270
chr20,46196419,46205892,NO,9473
chr17,7919263,7921778,NO,2515
chr4,25924817,25930978,NO,6161
chr9,33229236,33234935,NO,5699
chr19,56096287,56097933,NO,1646
chr1,210409574,210414206,NO,4632
chr7,115956391,115957890,NO,1499
chr8,126307228,126322181,NO,14953
chr1,227107016,227108407,NO,1391
chr10,30777347,30783707,NO,6360
chr13,34371322,34374407,NO,3085
chr11,19889611,19892107,NO,2496
chr1,244462413,244468012,NO,5599
chr16,57546494,57550057,NO,3563
chr16,67029943,67031996,NO,2053
chr11,14274730,14279666,NO,4936
chr2,23839489,23841553,NO,2064
chr17,14100739,14110138,NO,9399
chr15,59642044,59644899,NO,2855
chr3,197121056,197122666,NO,1610
chr3,49049447,49051515,NO,2068
chr11,65582249,65585977,NO,3728
chr2,109170388,109172425,NO,2037
chr3,185347253,185348570,NO,1317
chr8,128047131,128048817,NO,1686
chr5,90457643,90459372,NO,1729
chr5,179893968,179895696,NO,1728
chr14,36851960,36862349,NO,10389
chr8,116462205,116470357,NO,8152
chr14,64580920,64585202,NO,4282
chrX,40614001,40615730,NO,1729
chr1,27695148,27697471,NO,2323
chr2,223598449,223618699,NO,20250
chr16,68812189,68825257,NO,13068
chr20,46039785,46044790,NO,5005
chr4,156614446,156625914,NO,11468
chr3,125931258,125933216,NO,1958
chr1,39695568,39704570,NO,9002
chr15,85568287,85574121,NO,5834
chr15,101806734,101808556,NO,1822
chr1,198180950,198183213,NO,2263
chr6,25174270,25179701,NO,5431
chr17,1519764,1522113,NO,2349
chr9,91390056,91393654,NO,3598
chr6,3281224,3283478,NO,2254
chr13,52359928,52361809,NO,1881
chr19,13318121,13320291,NO,2170
chr12,56130921,56132855,NO,1934
chr3,43406942,43409319,NO,2377
chr8,141454970,141459457,NO,4487
chr17,66949324,66959801,NO,10477
chr13,51564787,51581132,NO,16345
chr12,107369130,107370959,NO,1829
chr1,47078726,47080843,NO,2117
chr10,5112840,5114408,NO,1568
chr18,11366132,11367717,NO,1585
chr1,28782666,28785882,NO,3216
chr17,38737108,38739370,NO,2262
chr5,31987404,32003377,NO,15973
chr22,32265747,32268502,NO,2755
chr15,66232111,66233387,NO,1276
chr3,48746025,48753262,NO,7237
chr6,80375671,80382051,NO,6380
chr6,154754626,154770368,NO,15742
chr4,74569967,74574441,NO,4474
chr5,173133754,173158116,NO,24362
chr5,111016294,111018398,NO,2104
chr9,125065808,125070089,NO,4281
chr16,69923806,69925330,NO,1524
chr8,82042101,82045435,NO,3334
chr14,21776339,21777733,NO,1394
chr12,115791811,115792850,NO,1039
chr16,2382279,2388876,NO,6597
chr12,10305791,10307073,NO,1282
chr13,111451064,111452733,NO,1669
chr18,43217538,43219968,NO,2430
chr2,64954487,64958277,NO,3790
chr5,95107550,95115729,NO,8179
chr17,25313809,25315833,NO,2024
chr10,100220207,100221615,NO,1408
chr11,47263088,47265122,NO,2034
chr6,42035053,42037255,NO,2202
chr1,229545867,229547123,NO,1256
chr22,38701422,38702582,NO,1160
chr3,42723941,42725550,NO,1609
chr6,56514381,56521287,NO,6906
chr1,246771634,246773183,NO,1549
chr12,105351286,105353216,NO,1930
chr2,65058106,65059429,NO,1323
chr6,112293710,112307441,NO,13731
chr6,3377455,3390166,NO,12711
chr17,47673260,47676541,NO,3281
chr1,161564684,161565620,NO,936
chr15,30016061,30029157,NO,13096
chr3,5232053,5237908,NO,5855
chr10,90739335,90741863,NO,2528
chr1,182758145,182764153,NO,6008
chr16,3054037,3055360,NO,1323
chr4,69770216,69772835,NO,2619
chr20,14965276,14967753,NO,2477
chr8,102299601,102313705,NO,14104
chr1,226550926,226553257,NO,2331
chrX,69232329,69234367,NO,2038
chr15,78236178,78237356,NO,1178
chr18,3282704,3297584,NO,14880
chr18,8561339,8563680,NO,2341
chr6,157881546,157883271,NO,1725
chr8,59057789,59068749,NO,10960
chrX,106897618,106899119,NO,1501
chr3,143021097,143022711,NO,1614
chr14,83158755,83159624,NO,869
chr10,25350436,25351981,NO,1545
chr10,11726393,11727699,NO,1306
chr2,180136134,180139004,NO,2870
chr3,125075556,125076788,NO,1232
chr2,183237164,183238254,NO,1090
chr22,27608490,27610398,NO,1908
chr19,47315923,47317529,NO,1606
chr3,138581064,138595067,NO,14003
chr13,28982139,28987707,NO,5568
chr16,66580919,66582869,NO,1950
chr8,93680273,93687087,NO,6814
chr2,56107367,56112876,NO,5509
chr2,37178230,37180266,NO,2036
chr11,74383410,74385394,NO,1984
chr1,2200554,2203023,NO,2469
chr17,37787320,37789359,NO,2039
chr12,47754483,47755811,NO,1328
chr11,63712198,63713704,NO,1506
chr5,72802199,72812338,NO,10139
chr4,77906367,77909169,NO,2802
chr3,99562287,99565389,NO,3102
chr4,8507614,8509422,NO,1808
chr8,97339197,97350502,NO,11305
chr7,76139109,76147954,NO,8845
chr2,48475731,48477582,NO,1851
chr2,3436251,3437540,NO,1289
chr9,131788196,131790644,NO,2448
chr4,88938734,88940224,NO,1490
chr1,206712852,206714823,NO,1971
chr3,149972407,149974028,NO,1621
chr2,165687990,165696214,NO,8224
chr12,71038648,71042705,NO,4057
chr12,105036993,105038858,NO,1865
chr1,24246079,24257936,NO,11857
chr14,95948885,95950919,NO,2034
chr6,35206248,35210350,NO,4102
chr2,110097851,110100722,NO,2871
chr12,121581769,121583474,NO,1705
chr11,118894895,118897027,NO,2132
chr6,56369777,56373267,NO,3490
chr1,20939701,20941310,NO,1609
chr2,160461349,160469508,NO,8159
chr11,70413613,70415579,NO,1966
chr13,111901156,111905672,NO,4516
chr14,21552442,21554388,NO,1946
chr22,41566346,41578125,NO,11779
chr17,8102925,8104075,NO,1150
chr2,106388100,106394077,NO,5977
chr4,146296457,146297228,NO,771
chr7,2479585,2481319,NO,1734
chr17,73055405,73057125,NO,1720
chr17,76640850,76643243,NO,2393
chr11,65137983,65139407,NO,1424
chr16,449509,451250,NO,1741
chr3,16181430,16191162,NO,9732
chr2,12596379,12598077,NO,1698
chr6,134081775,134086128,NO,4353
chr13,114199600,114202630,NO,3030
chr2,158272190,158278082,NO,5892
chr11,2530285,2533857,NO,3572
chr2,33777714,33780731,NO,3017
chr5,172369465,172371491,NO,2026
chrX,34671669,34673516,NO,1847
chr19,32396522,32398258,NO,1736
chr2,8594669,8596556,NO,1887
chr6,143718062,143722875,NO,4813
chr4,40623041,40629102,NO,6061
chr12,121091537,121093121,NO,1584
chr20,14744433,14746823,NO,2390
chr2,26469516,26475381,NO,5865
chr3,190250273,190252651,NO,2378
chr1,14080106,14086338,NO,6232
chr6,34566406,34578454,NO,12048
chr6,125518589,125520327,NO,1738
chr2,162974314,162976189,NO,1875
chr1,198744726,198747147,NO,2421
chr2,110551717,110552575,NO,858
chr1,59910691,59912825,NO,2134
chr7,149118869,149121071,NO,2202
chr14,99874622,99875918,NO,1296
chr9,111789363,111799965,NO,10602
chr3,128897497,128900537,NO,3040
chr2,73403191,73404921,NO,1730
chr3,142692206,142696298,NO,4092
chr1,109781793,109797925,NO,16132
chr11,9340977,9365935,NO,24958
chr4,47579200,47580908,NO,1708
chr2,175636353,175644201,NO,7848
chr4,53689756,53691834,NO,2078
chr12,109873273,109882591,NO,9318
chr10,23137553,23138949,NO,1396
chr6,129423852,129426786,NO,2934
chr1,44792989,44795061,NO,2072
chr7,29127075,29131632,NO,4557
chr15,57626378,57630756,NO,4378
chr18,7324332,7325981,NO,1649
chr6,168150718,168152906,NO,2188
chr9,5517716,5519450,NO,1734
chr22,41444680,41446162,NO,1482
chr22,38661656,38663561,NO,1905
chr6,140202841,140205037,NO,2196
chr19,41244913,41247181,NO,2268
chr15,84813458,84814867,NO,1409
chr7,38374755,38390089,NO,15334
chr8,52558322,52559953,NO,1631
chr6,158089902,158091932,NO,2030
chr13,47064695,47065280,NO,585
chr8,106333812,106348593,NO,14781
chr1,115615640,115628708,NO,13068
chr12,8142523,8148628,NO,6105
chr20,43390659,43392220,NO,1561
chr22,35847480,35849481,NO,2001
chr3,13455384,13456597,NO,1213
chr1,212768446,212779779,NO,11333
chr10,29168429,29180656,NO,12227
chr1,148240942,148248146,NO,7204
chr11,102047512,102050546,NO,3034
chr8,54605161,54606030,NO,869
chr18,10113133,10124068,NO,10935
chr8,101427696,101429867,NO,2171
chr11,85903979,85906678,NO,2699
chr2,219988500,219992061,NO,3561
chr17,69962035,69972118,NO,10083
chr19,50864546,50866801,NO,2255
chr1,2181514,2184350,NO,2836
chr15,44203467,44206558,NO,3091
chr18,13435307,13437530,NO,2223
chr12,57531350,57533925,NO,2575
chr16,65104735,65106446,NO,1711
chr2,121909361,121913876,NO,4515
chr11,110233647,110248048,NO,14401
chr1,224392380,224402037,NO,9657
chr10,5625572,5630140,NO,4568
chr18,9016484,9018266,NO,1782
chr6,127669558,127670716,NO,1158
chr7,1003849,1005668,NO,1819
chr2,192130034,192133822,NO,3788
chr9,119305869,119313545,NO,7676
chr10,89472682,89477277,NO,4595
chr9,124895470,124906332,NO,10862
chr8,97530005,97537997,NO,7992
chr18,20002645,20014346,NO,11701
chr6,27486163,27487440,NO,1277
chr7,33758751,33767599,NO,8848
chr1,1254047,1256114,NO,2067
chr12,63025170,63026726,NO,1556
chr9,34363012,34365179,NO,2167
chr19,4647666,4649165,NO,1499
chr14,104004499,104006232,NO,1733
chr1,245970232,245972027,NO,1795
chr16,2535509,2538227,NO,2718
chr14,59872661,59874700,NO,2039
chr20,43982835,43984596,NO,1761
chr12,7042419,7044112,NO,1693
chr10,76781410,76794368,NO,12958
chr1,230022597,230024740,NO,2143
chr12,119809946,119813533,NO,3587
chr21,33742758,33745054,NO,2296
chr18,9673240,9685770,NO,12530
chr12,114915874,114919457,NO,3583
chr14,52313218,52314412,NO,1194
chr12,47052904,47055541,NO,2637
chr20,5273092,5273800,NO,708
chr12,51179181,51180975,NO,1794
chr1,11210953,11218728,NO,7775
chr8,131054334,131058622,NO,4288
chr3,9129174,9130930,NO,1756
chr10,71933428,71934991,NO,1563
chr17,4003239,4005332,NO,2093
chr20,50148600,50150754,NO,2154
chr10,13424683,13425790,NO,1107
chr17,16389151,16390807,NO,1656
chr6,116329526,116333005,NO,3479
chr19,18400551,18401729,NO,1178
chr2,74326795,74328455,NO,1660
chr19,14036847,14038237,NO,1390
chr5,39721229,39721940,NO,711
chr16,72821009,72823494,NO,2485
chr6,110114997,110116284,NO,1287
chr18,33946218,33948214,NO,1996
chr1,229356918,229366480,NO,9562
chr17,3543165,3545754,NO,2589
chr19,1909015,1910552,NO,1537
chr12,49275592,49278065,NO,2473
chr9,121814283,121815708,NO,1425
chr6,41606798,41624782,NO,17984
chr18,60766541,60768374,NO,1833
chr3,170974592,170984621,NO,10029
chr8,94029357,94031692,NO,2335
chr12,63117897,63133872,NO,15975
chr20,30650029,30657396,NO,7367
chr5,71893122,71896226,NO,3104
chr1,64471757,64473075,NO,1318
chr19,46180007,46185721,NO,5714
chr6,24909140,24911885,NO,2745
chr5,171983562,171986259,NO,2697
chr13,107855298,107856715,NO,1417
chr18,32414438,32419178,NO,4740
chr18,77285603,77287750,NO,2147
chr10,93100332,93109749,NO,9417
chr1,226270361,226271945,NO,1584
chr8,124462280,124464651,NO,2371
chr19,40737200,40748883,NO,11683
chr18,20083753,20085208,NO,1455
chr3,193559862,193570589,NO,10727
chr3,64598099,64601158,NO,3059
chr1,42928291,42929810,NO,1519
chr1,24744740,24746565,NO,1825
chr2,205185835,205187775,NO,1940
chr10,88294151,88295833,NO,1682
chr10,124100199,124102332,NO,2133
chr2,198170707,198173126,NO,2419
chr17,80402285,80404249,NO,1964
chr1,43795219,43796824,NO,1605
chr1,150185317,150186983,NO,1666
chr12,66526133,66538519,NO,12386
chr16,68331938,68333573,NO,1635
chr12,48227794,48230719,NO,2925
chr17,31196287,31199289,NO,3002
chr20,4151899,4153449,NO,1550
chr19,35808282,35810743,NO,2461
chr2,166980962,166984139,NO,3177
chr19,1239378,1240550,NO,1172
chr16,28761218,28762388,NO,1170
chr7,50423374,50431606,NO,8232
chr16,28375548,28376718,NO,1170
chr10,17486221,17488028,NO,1807
chr2,8721250,8724835,NO,3585
chr8,21867146,21868669,NO,1523
chr6,154974114,154976085,NO,1971
chr3,64973179,64982094,NO,8915
chr5,115724144,115732877,NO,8733
chr3,169002597,169005338,NO,2741
chr16,17438530,17442023,NO,3493
chr15,35014025,35015176,NO,1151
chr14,75383336,75385344,NO,2008
chr3,66443179,66445681,NO,2502
chr2,161440201,161442684,NO,2483
chr6,17417607,17419196,NO,1589
chr17,53315229,53316552,NO,1323
chr10,30956628,30958362,NO,1734
chr3,101503091,101504920,NO,1829
chr11,64018166,64021188,NO,3022
chr10,61942543,61948771,NO,6228
chr10,31907083,31910189,NO,3106
chr4,15480645,15481809,NO,1164
chr6,30069252,30071785,NO,2533
chr8,121757122,121762149,NO,5027
chr20,30815164,30816747,NO,1583
chr11,1524298,1530697,NO,6399
chr10,705532,707703,NO,2171
chr14,101143552,101145406,NO,1854
chr12,57160259,57164894,NO,4635
chr11,65170817,65172921,NO,2104
chr10,53157459,53166303,NO,8844
chr17,64456434,64465551,NO,9117
chr10,89912105,89919256,NO,7151
chr1,2177402,2178960,NO,1558
chr13,32783531,32786352,NO,2821
chrX,55033312,55036084,NO,2772
chr17,8029179,8030938,NO,1759
chr7,27873369,27875411,NO,2042
chr1,47495447,47497637,NO,2190
chr1,160070332,160071949,NO,1617
chr9,12923181,12924400,NO,1219
chr16,81934115,81936113,NO,1998
chr16,47526246,47528268,NO,2022
chr10,131328829,131331909,NO,3080
chr8,28799250,28800078,NO,828
chr2,133997754,134006443,NO,8689
chr3,111685275,111690897,NO,5622
chr8,18984761,18987125,NO,2364
chr7,27403404,27405016,NO,1612
chr3,192204114,192207706,NO,3592
chr16,18969996,18973866,NO,3870
chr6,106993771,106996261,NO,2490
chr14,50830068,50831227,NO,1159
chr10,14645266,14654674,NO,9408
chr16,30550168,30551807,NO,1639
chr13,49227060,49234961,NO,7901
chr8,80802808,80804608,NO,1800
chr4,139948818,139950201,NO,1383
chr17,65629174,65634814,NO,5640
chr21,47874694,47876765,NO,2071
chr3,69248429,69250386,NO,1957
chr12,12686141,12687578,NO,1437
chrX,135196488,135209988,NO,13500
chr9,12813819,12819009,NO,5190
chr19,58175247,58176606,NO,1359
chr19,1087562,1089962,NO,2400
chr8,81976830,81984651,NO,7821
chr6,112096680,112102984,NO,6304
chr1,114455116,114456414,NO,1298
chr16,84172199,84173899,NO,1700
chr19,15513670,15516189,NO,2519
chr13,110356476,110358215,NO,1739
chr9,137036111,137038556,NO,2445
chr18,6119869,6133814,NO,13945
chr14,105738427,105761046,NO,22619
chr10,94516032,94518099,NO,2067
chr1,59433416,59434771,NO,1355
chr10,57389580,57391628,NO,2048
chr7,113135001,113138735,NO,3734
chr8,96099969,96113947,NO,13978
chr12,124715978,124718944,NO,2966
chr2,9486622,9488266,NO,1644
chr11,121611670,121613894,NO,2224
chr11,119649217,119651458,NO,2241
chr13,74339170,74341926,NO,2756
chr3,122874141,122877177,NO,3036
chr10,100120738,100122031,NO,1293
chr15,77479653,77482446,NO,2793
chr9,91613296,91616860,NO,3564
chr5,55760527,55762677,NO,2150
chr6,2632679,2635032,NO,2353
chr16,30840560,30857092,NO,16532
chr13,33665717,33667867,NO,2150
chr7,17269834,17274221,NO,4387
chr10,115738274,115743822,NO,5548
chr20,45190589,45192045,NO,1456
chr8,53606508,53608809,NO,2301
chr11,11264845,11266568,NO,1723
chr3,107675572,107676964,NO,1392
chr5,35851882,35859664,NO,7782
chr13,42121008,42122777,NO,1769
chr8,134741742,134743465,NO,1723
chr18,19664064,19668878,NO,4814
chr6,136929308,136931728,NO,2420
chr4,169717064,169719466,NO,2402
chr19,11805057,11806359,NO,1302
chr22,50837664,50839126,NO,1462
chr11,14402244,14403416,NO,1172
chr11,68657526,68659595,NO,2069
chr20,30780476,30782886,NO,2410
chr17,13319000,13324422,NO,5422
chr11,48190428,48192130,NO,1702
chr12,22428950,22436757,NO,7807
chr21,27918563,27920228,NO,1665
chr1,115906153,115907938,NO,1785
chr8,71127228,71130092,NO,2864
chr16,88520494,88522778,NO,2284
chr6,139572323,139573977,NO,1654
chr5,6766110,6767508,NO,1398
chr19,42407339,42415056,NO,7717
chr16,10936766,10941435,NO,4669
chr11,65202843,65204437,NO,1594
chr8,19520133,19523479,NO,3346
chr4,184686273,184688034,NO,1761
chr10,115141631,115145729,NO,4098
chr11,35296600,35304153,NO,7553
chr2,18705879,18708400,NO,2521
chr4,40674179,40675921,NO,1742
chr14,90740927,90742571,NO,1644
chr7,27175399,27177025,NO,1626
chr12,6586685,6588025,NO,1340
chr2,112703062,112716277,NO,13215
chr16,84674735,84677642,NO,2907
chr5,179032485,179038032,NO,5547
chr5,16588288,16598653,NO,10365
chr7,50347894,50354970,NO,7076
chr16,68309317,68310951,NO,1634
chr5,137940819,137947601,NO,6782
chr3,16810487,16812745,NO,2258
chr7,56355359,56356114,NO,755
chr6,113885469,113886665,NO,1196
chr8,48343382,48351164,NO,7782
chr17,18758811,18760262,NO,1451
chr9,33372419,33376734,NO,4315
chr15,68829057,68836561,NO,7504
chr11,43665507,43666545,NO,1038
chr3,133970442,133972248,NO,1806
chr20,31251582,31253570,NO,1988
chr20,36818744,36838243,NO,19499
chr5,42840313,42841655,NO,1342
chr9,92111327,92114352,NO,3025
chr5,148850408,148851962,NO,1554
chr8,142382821,142385435,NO,2614
chr21,39542405,39544599,NO,2194
chr1,207392037,207397581,NO,5544
chr18,47794327,47795234,NO,907
chr1,31437171,31439334,NO,2163
chr10,126027725,126030432,NO,2707
chr8,117812799,117815741,NO,2942
chr8,102167118,102172095,NO,4977
chr8,30573497,30581219,NO,7722
chr13,80510143,80511474,NO,1331
chr9,35540244,35554166,NO,13922
chr8,58787335,58788745,NO,1410
chr4,87825025,87830445,NO,5420
chr2,119997697,119999427,NO,1730
chr9,71613011,71614894,NO,1883
chr11,19462645,19464448,NO,1803
chrX,70917507,70919204,NO,1697
chrX,71002069,71003766,NO,1697
chr15,84513478,84516039,NO,2561
chr4,78773951,78778535,NO,4584
chr4,56222781,56226192,NO,3411
chr12,95069450,95070720,NO,1270
chr3,49275502,49286496,NO,10994
chr11,122561158,122569184,NO,8026
chr15,46211701,46214459,NO,2758
chr4,129076548,129078111,NO,1563
chr2,87546187,87559776,NO,13589
chr17,43379832,43380908,NO,1076
chr6,154798697,154804840,NO,6143
chr12,6752405,6754136,NO,1731
chr8,58843308,58846904,NO,3596
chr2,110270983,110272687,NO,1704
chr10,121275732,121278213,NO,2481
chr19,16228347,16230149,NO,1802
chr10,50567643,50577538,NO,9895
chr18,67959349,67964102,NO,4753
chr11,6489754,6491307,NO,1553
chr18,10268736,10271286,NO,2550
chr1,27738814,27741154,NO,2340
chr1,225881853,225888312,NO,6459
chr6,155813633,155816893,NO,3260
chr3,150066296,150068075,NO,1779
chr12,122224005,122225649,NO,1644
chr9,37416341,37417141,NO,800
chr11,3051079,3065611,NO,14532
chr19,18672253,18673317,NO,1064
chr19,57828751,57829284,NO,533
chr21,43459652,43461589,NO,1937
chr21,47529046,47531510,NO,2464
chr8,144073026,144075895,NO,2869
chr1,182166029,182176815,NO,10786
chr18,43355054,43356029,NO,975
chr3,50685360,50687649,NO,2289
chr10,76049509,76054014,NO,4505
chr12,26163204,26164882,NO,1678
chr7,107734138,107736202,NO,2064
chr5,75838821,75844032,NO,5211
chr4,99978997,99982523,NO,3526
chr17,72740748,72742486,NO,1738
chr14,31634106,31635975,NO,1869
chr3,24187309,24188274,NO,965
chr19,47141271,47143546,NO,2275
chr15,91405981,91407578,NO,1597
chr8,141247664,141249305,NO,1641
chr22,34175765,34178401,NO,2636
chr11,72089601,72091697,NO,2096
chr6,17580518,17584723,NO,4205
chr12,30948053,30949726,NO,1673
chr10,44459636,44462071,NO,2435
chr8,66860571,66863867,NO,3296
chr17,75806225,75808142,NO,1917
chr5,58653467,58654837,NO,1370
chr6,32360507,32362288,NO,1781
chr15,42392150,42393312,NO,1162
chr10,18467487,18469703,NO,2216
chr10,65930213,65930988,NO,775
chr4,160122505,160125993,NO,3488
chr7,769822,772396,NO,2574
chr12,31029121,31031297,NO,2176
chr17,44231145,44236706,NO,5561
chr2,9747660,9751851,NO,4191
chr6,150643051,150644970,NO,1919
chr21,41424444,41427373,NO,2929
chr21,38802649,38808980,NO,6331
chrX,115004457,115009991,NO,5534
chr14,35519622,35531459,NO,11837
chr16,969651,971467,NO,1816
chr11,63889607,63891668,NO,2061
chr7,51253347,51256652,NO,3305
chr17,20610055,20611080,NO,1025
chr12,56329049,56334329,NO,5280
chr1,90371892,90374870,NO,2978
chrX,9850387,9852413,NO,2026
chr1,12569961,12572544,NO,2583
chr19,13023591,13025457,NO,1866
chr6,150004186,150008034,NO,3848
chr1,30555958,30557792,NO,1834
chr11,65215449,65216908,NO,1459
chr2,191217136,191237339,NO,20203
chr10,121654715,121656995,NO,2280
chr7,87908542,87921748,NO,13206
chr17,78915453,78917396,NO,1943
chr9,18437441,18439072,NO,1631
chr4,1844807,1854108,NO,9301
chr19,49427828,49430667,NO,2839
chr19,23432379,23433506,NO,1127
chr13,100309970,100311174,NO,1204
chr2,73210456,73212582,NO,2126
chr3,171367744,171373240,NO,5496
chr1,207201630,207203036,NO,1406
chr1,89727479,89729107,NO,1628
chr1,25348852,25350486,NO,1634
chr18,9771179,9782523,NO,11344
chr4,713645,721202,NO,7557
chr18,3177633,3179983,NO,2350
chr11,46339664,46341195,NO,1531
chr6,52786998,52796080,NO,9082
chr3,169719481,169722423,NO,2942
chr17,43382770,43384586,NO,1816
chr2,170361133,170361662,NO,529
chr11,824456,826445,NO,1989
chr5,32274352,32276608,NO,2256
chr8,29144032,29147297,NO,3265
chr6,143140799,143143449,NO,2650
chr6,139138931,139140199,NO,1268
chr12,53931977,53938298,NO,6321
chr5,159199777,159201024,NO,1247
chr9,2654803,2664324,NO,9521
chr9,13896844,13900556,NO,3712
chr10,31146402,31147855,NO,1453
chr6,155596625,155604516,NO,7891
chr2,30659311,30661735,NO,2424
chr4,42787790,42789346,NO,1556
chr6,71106873,71109595,NO,2722
chr1,85990719,85992562,NO,1843
chr9,4762693,4764087,NO,1394
chr1,85690476,85692002,NO,1526
chr8,8167437,8169092,NO,1655
chr5,106804498,106806279,NO,1781
chr15,91457808,91460121,NO,2313
chr20,3593728,3597725,NO,3997
chr20,52739490,52750247,NO,10757
chr12,92469151,92474505,NO,5354
chr8,26023951,26033004,NO,9053
chr5,148844003,148845347,NO,1344
chr16,81418067,81419573,NO,1506
chr6,170482468,170494604,NO,12136
chr12,76653759,76670872,NO,17113
chr1,183286913,183288013,NO,1100
chr15,88944140,88945819,NO,1679
chr3,177439926,177442595,NO,2669
chr15,99846746,99847770,NO,1024
chr7,132737140,132738348,NO,1208
chr2,102921124,102922733,NO,1609
chr17,45005112,45014104,NO,8992
chr6,134616168,134617859,NO,1691
chr16,67211332,67213125,NO,1793
chr9,72903,74104,NO,1201
chr1,33618075,33627507,NO,9432
chr12,110301139,110303101,NO,1962
chr3,50680490,50683883,NO,3393
chr1,1659002,1661025,NO,2023
chr2,65432004,65432582,NO,578
chr2,25383835,25385015,NO,1180
chr4,143269213,143273626,NO,4413
chr11,117814872,117816593,NO,1721
chr17,3909308,3913135,NO,3827
chr5,124820174,124821632,NO,1458
chr4,40909805,40912212,NO,2407
chr4,159762136,159763434,NO,1298
chr9,98899605,98902733,NO,3128
chr8,10537778,10539846,NO,2068
chr14,23314764,23316727,NO,1963
chr15,70011005,70019145,NO,8140
chr1,146501031,146503818,NO,2787
chr2,122453772,122465689,NO,11917
chr6,12314194,12337001,NO,22807
chr11,122653363,122656455,NO,3092
chr15,42124380,42129891,NO,5511
chrX,16612030,16623843,NO,11813
chr8,22413262,22415111,NO,1849
chr16,69205344,69207824,NO,2480
chr2,13024657,13025914,NO,1257
chr1,40005660,40007669,NO,2009
chr16,24787766,24790087,NO,2321
chr4,126310653,126311893,NO,1240
chr8,66938437,66941525,NO,3088
chr19,3552493,3553584,NO,1091
chr15,63290776,63293079,NO,2303
chr13,102663596,102665721,NO,2125
chr11,118145125,118148563,NO,3438
chr6,34713586,34714742,NO,1156
chr17,42180045,42181203,NO,1158
chr15,65093599,65095120,NO,1521
chr20,22964311,22966377,NO,2066
chr14,21554821,21556565,NO,1744
chr14,105854821,105857254,NO,2433
chr11,129694684,129698688,NO,4004
chr9,112012957,112016670,NO,3713
chr3,123324502,123338667,NO,14165
chr4,166794148,166796503,NO,2355
chr6,21986717,21999856,NO,13139
chr10,43248478,43250661,NO,2183
chr5,141625031,141629345,NO,4314
chr5,25909271,25909966,NO,695
chr2,219138231,219140220,NO,1989
chr3,8595540,8597375,NO,1835
chr7,139541954,139556428,NO,14474
chr5,137840156,137844606,NO,4450
chr7,6377719,6379113,NO,1394
chr2,237982302,237985353,NO,3051
chr5,173250514,173252764,NO,2250
chr5,76372551,76373900,NO,1349
chr2,28176902,28178554,NO,1652
chr17,80606701,80613893,NO,7192
chr6,111174808,111181191,NO,6383
chr16,11254920,11257101,NO,2181
chr13,24275152,24277472,NO,2320
chrX,101914397,101915760,NO,1363
chr7,75420527,75426103,NO,5576
chr14,59948498,59949747,NO,1249
chr7,94003397,94006008,NO,2611
chr4,187124249,187126479,NO,2230
chr6,86170829,86174641,NO,3812
chrX,33433557,33434833,NO,1276
chr14,55850149,55853634,NO,3485
chr18,11856737,11857990,NO,1253
chr6,123839410,123840987,NO,1577
chr10,105783510,105789375,NO,5865
chr1,88928097,88929147,NO,1050
chr2,237780098,237781144,NO,1046
chr2,232226043,232228179,NO,2136
chr3,114818624,114819715,NO,1091
chr20,20118060,20119642,NO,1582
chr4,154169740,154171214,NO,1474
chr5,106723683,106725383,NO,1700
chr21,36062148,36076279,NO,14131
chr12,56117442,56120201,NO,2759
chr2,153260921,153264429,NO,3508
chr6,13077458,13080498,NO,3040
chr8,37699580,37702662,NO,3082
chr16,73156273,73160638,NO,4365
chr20,4953962,4955034,NO,1072
chr8,22342378,22343953,NO,1575
chr2,18157773,18159533,NO,1760
chr6,41471433,41486435,NO,15002
chr9,98533702,98535617,NO,1915
chr10,61296180,61296987,NO,807
chr1,160634342,160636396,NO,2054
chr11,121233548,121234255,NO,707
chr17,14990637,14996404,NO,5767
chr3,179430976,179432429,NO,1453
chr3,38656209,38658562,NO,2353
chr1,53490408,53491772,NO,1364
chr3,126568518,126571673,NO,3155
chr12,131445337,131447136,NO,1799
chr3,190209174,190211055,NO,1881
chr11,8935345,8939316,NO,3971
chr19,1183111,1184339,NO,1228
chr1,2252056,2254908,NO,2852
chr6,11460234,11474089,NO,13855
chr11,86289189,86290729,NO,1540
chr7,35504740,35506666,NO,1926
chr1,26095160,26098600,NO,3440
chr12,9234205,9246919,NO,12714
chr3,61671070,61674859,NO,3789
chr13,50985028,50995677,NO,10649
chr4,24068841,24070391,NO,1550
chr10,125756368,125758340,NO,1972
chr3,43538840,43541171,NO,2331
chr15,90223064,90224830,NO,1766
chr12,16131356,16137321,NO,5965
chr16,66963466,66965017,NO,1551
chr16,11794365,11800935,NO,6570
chr16,83747233,83749586,NO,2353
chr17,41494288,41509671,NO,15383
chr16,81026634,81038501,NO,11867
chr2,56540563,56543301,NO,2738
chr21,37669848,37670913,NO,1065
chr1,162701829,162703401,NO,1572
chr11,34846288,34849338,NO,3050
chr6,157609388,157611408,NO,2020
chr19,50650580,50651754,NO,1174
chr6,133451347,133453301,NO,1954
chr2,169578731,169580014,NO,1283
chr1,57119269,57121688,NO,2419
chr2,38355376,38357540,NO,2164
chr16,86898910,86901042,NO,2132
chr20,47904158,47914524,NO,10366
chr19,40897888,40899825,NO,1937
chr11,65782250,65783820,NO,1570
chr6,14476533,14478512,NO,1979
chr1,237483004,237485224,NO,2220
chrX,132809302,132810732,NO,1430
chr5,73583308,73585511,NO,2203
chr8,131661839,131664209,NO,2370
chr14,55347700,55349356,NO,1656
chr11,65332219,65334781,NO,2562
chr8,58925822,58929888,NO,4066
chr12,57845954,57847073,NO,1119
chr5,130588225,130593936,NO,5711
chr17,56457466,56469395,NO,11929
chr11,127811269,127811964,NO,695
chr6,31319737,31323193,NO,3456
chr1,230515976,230518027,NO,2051
chr16,58114858,58116254,NO,1396
chr2,48573294,48580935,NO,7641
chr18,74132789,74141919,NO,9130
chr2,204974218,204979978,NO,5760
chr18,6056101,6059371,NO,3270
chr10,65558251,65560039,NO,1788
chr10,129376359,129377877,NO,1518
chr9,123287459,123295610,NO,8151
chr1,10920494,10922844,NO,2350
chr4,124778029,124792998,NO,14969
chr12,4713774,4714481,NO,707
chr20,47545203,47547627,NO,2424
chr16,29855759,29857912,NO,2153
chr5,38783421,38810283,NO,26862
chr5,148824985,148826206,NO,1221
chr1,92102984,92117448,NO,14464
chr12,94675896,94684930,NO,9034
chr15,90858546,90859889,NO,1343
chr12,68304326,68305919,NO,1593
chr18,56689697,56692861,NO,3164
chr10,6423598,6425858,NO,2260
chr8,81903359,81905626,NO,2267
chr6,30557513,30559325,NO,1812
chr1,161154829,161156494,NO,1665
chr9,100782991,100784750,NO,1759
chr19,37742013,37743402,NO,1389
chr10,72501626,72503704,NO,2078
chr12,96838921,96842581,NO,3660
chr20,44001598,44002950,NO,1352
chr18,8341229,8343873,NO,2644
chr10,104212277,104213934,NO,1657
chr12,57627341,57630607,NO,3266
chr22,29372804,29374727,NO,1923
chr7,390583,392939,NO,2356
chr17,55555380,55558691,NO,3311
chr17,77924922,77926669,NO,1747
chr21,40130690,40139510,NO,8820
chr17,30822359,30832179,NO,9820
chr5,111742185,111748209,NO,6024
chr9,85834029,85835424,NO,1395
chr5,71852096,71853884,NO,1788
chr10,74877824,74878776,NO,952
chr17,48156951,48159228,NO,2277
chr13,52541512,52543031,NO,1519
chr1,212291791,212293649,NO,1858
chr7,27937062,27941599,NO,4537
chr1,47102324,47104088,NO,1764
chr7,112001240,112003308,NO,2068
chr16,74901910,74903615,NO,1705
chr1,160370331,160372839,NO,2508
chr17,48205084,48206694,NO,1610
chr1,162176623,162188891,NO,12268
chr15,39505133,39506553,NO,1420
chr6,43295528,43297523,NO,1995
chr6,54119511,54121544,NO,2033
chr9,131057521,131074114,NO,16593
chr2,30888508,30889639,NO,1131
chr4,113591760,113593267,NO,1507
chr7,304030,305574,NO,1544
chr2,149371475,149373635,NO,2160
chr14,92867213,92875888,NO,8675
chr5,36744358,36746093,NO,1735
chr1,236666315,236670951,NO,4636
chr5,170947201,170949601,NO,2400
chr10,3440919,3442540,NO,1621
chr3,184242759,184244254,NO,1495
chr6,141723906,141725481,NO,1575
chr11,68292060,68296674,NO,4614
chr5,73399255,73401760,NO,2505
chr7,134451246,134453195,NO,1949
chr6,82543535,82544742,NO,1207
chrX,62876987,62878679,NO,1692
chr5,77933146,77935398,NO,2252
chr9,4933209,4939733,NO,6524
chr19,6022402,6023835,NO,1433
chr17,5129977,5136173,NO,6196
chr15,65933984,65945243,NO,11259
chr10,118607992,118610267,NO,2275
chr17,46641801,46643392,NO,1591
chr18,43829972,43841024,NO,11052
chr11,78271850,78273717,NO,1867
chr20,19232271,19235172,NO,2901
chr5,52069713,52072369,NO,2656
chrX,65232637,65236467,NO,3830
chr1,100653779,100655347,NO,1568
chr1,184253231,184268466,NO,15235
chr22,38609261,38611895,NO,2634
chr17,78559849,78561483,NO,1634
chr19,46379490,46382149,NO,2659
chr22,31544330,31552458,NO,8128
chr14,74980796,74981988,NO,1192
chr11,122451309,122452474,NO,1165
chr15,95829920,95831567,NO,1647
chr8,23655461,23656979,NO,1518
chr5,18745366,18746729,NO,1363
chr6,21885252,21888477,NO,3225
chr2,236325583,236326908,NO,1325
chr2,225791552,225793167,NO,1615
chr12,10658120,10658682,NO,562
chr7,128573094,128575803,NO,2709
chr19,16844259,16845217,NO,958
chr17,80313239,80315198,NO,1959
chr7,107235116,107236488,NO,1372
chr6,138913916,138914814,NO,898
chr12,9802792,9816010,NO,13218
chr10,135461825,135462891,NO,1066
chr1,15392182,15395804,NO,3622
chr4,54720856,54723357,NO,2501
chr2,197972144,197974087,NO,1943
chr5,167652969,167655553,NO,2584
chr1,153544272,153546183,NO,1911
chr2,238268167,238270777,NO,2610
chr6,139899175,139919490,NO,20315
chr1,210484409,210485756,NO,1347
chr15,84361776,84364351,NO,2575
chr13,52951368,52952998,NO,1630
chr3,186082578,186084276,NO,1698
chr22,49968306,49970317,NO,2011
chr10,63751710,63753248,NO,1538
chr11,2762083,2764102,NO,2019
chr1,61781982,61784942,NO,2960
chr17,55699624,55701416,NO,1792
chr19,46713829,46715924,NO,2095
chr3,16981140,16983355,NO,2215
chr15,81068614,81070712,NO,2098
chr1,232613224,232623277,NO,10053
chr14,52591200,52592975,NO,1775
chr16,57443097,57451579,NO,8482
chr10,77351586,77352944,NO,1358
chr12,10219856,10222112,NO,2256
chr20,6193559,6194643,NO,1084
chr10,15779452,15782003,NO,2551
chr3,13931364,13938282,NO,6918
chr6,3883622,3889061,NO,5439
chr8,55294252,55296172,NO,1920
chr1,86094122,86095477,NO,1355
chr12,104449430,104450455,NO,1025
chr1,110158793,110160713,NO,1920
chr5,65956796,65966089,NO,9293
chr8,27920478,27931178,NO,10700
chr20,56120341,56121865,NO,1524
chr17,71198878,71200729,NO,1851
chr12,117031829,117038215,NO,6386
chr2,100252191,100265601,NO,13410
chr5,175000056,175001612,NO,1556
chr17,33541420,33546977,NO,5557
chr17,42117187,42120920,NO,3733
chr7,100514532,100528040,NO,13508
chr5,1930335,1932101,NO,1766
chr17,2009332,2011365,NO,2033
chr6,14638941,14640246,NO,1305
chr1,109704144,109705946,NO,1802
chr12,105878634,105880823,NO,2189
chr14,103726295,103727630,NO,1335
chr12,2566134,2568144,NO,2010
chr10,97364073,97365744,NO,1671
chr1,24222613,24229783,NO,7170
chr18,32352574,32354594,NO,2020
chr6,5096444,5098011,NO,1567
chr11,94609301,94611113,NO,1812
chr2,161840643,161851027,NO,10384
chr6,25359199,25370299,NO,11100
chr12,119684587,119698354,NO,13767
chr10,79312932,79315179,NO,2247
chr13,27741865,27744199,NO,2334
chr14,76776489,76777841,NO,1352
chr14,23290956,23292484,NO,1528
chr5,153577199,153579236,NO,2037
chr10,80347026,80348817,NO,1791
chr4,95469618,95471209,NO,1591
chr5,1315617,1317141,NO,1524
chr7,35225037,35226442,NO,1405
chr10,91596628,91598454,NO,1826
chr1,36866002,36867737,NO,1735
chr3,171759906,171773700,NO,13794
chr10,24565975,24567795,NO,1820
chr16,49474433,49487326,NO,12893
chr2,87972869,87984198,NO,11329
chr16,4689381,4691580,NO,2199
chr1,204317075,204318513,NO,1438
chr3,42802585,42806381,NO,3796
chr14,23309896,23313040,NO,3144
chr11,12765063,12767050,NO,1987
chr4,54648057,54653611,NO,5554
chr3,53741872,53744422,NO,2550
chr16,70624002,70626530,NO,2528
chr7,28076025,28077118,NO,1093
chr6,13526551,13527752,NO,1201
chr6,170054330,170055816,NO,1486
chr5,131438042,131440170,NO,2128
chr19,50187707,50190059,NO,2352
chr17,19800204,19804663,NO,4459
chr1,174768427,174769774,NO,1347
chr19,1180063,1181212,NO,1149
chr20,32850021,32851033,NO,1012
chr8,13294894,13303226,NO,8332
chr7,141362872,141375415,NO,12543
chr19,56602071,56603903,NO,1832
chr11,71198697,71200420,NO,1723
chr8,19613838,19615572,NO,1734
chr15,61208819,61210557,NO,1738
chr12,50143802,50148395,NO,4593
chr10,18600511,18602593,NO,2082
chr6,39152164,39153897,NO,1733
chr19,50220661,50231461,NO,10800
chr17,30430330,30431827,NO,1497
chr16,90143779,90149286,NO,5507
chr13,50782222,50783623,NO,1401
chr12,110325561,110327083,NO,1522
chr15,37084040,37085767,NO,1727
chr1,216988433,216989699,NO,1266
chr2,64455016,64456046,NO,1030
chr22,38631858,38633999,NO,2141
chr17,43169059,43170074,NO,1015
chr16,3056695,3059176,NO,2481
chr2,161522303,161523603,NO,1300
chr19,609797,611761,NO,1964
chr3,69228061,69231422,NO,3361
chr18,54242086,54244551,NO,2465
chr17,56735900,56744862,NO,8962
chr9,2298494,2300410,NO,1916
chr12,121271856,121288076,NO,16220
chr2,74228656,74230567,NO,1911
chrX,131614352,131615293,NO,941
chr11,122612051,122615566,NO,3515
chr10,14049880,14052318,NO,2438
chr18,21405594,21407156,NO,1562
chr17,1656872,1658598,NO,1726
chr6,5132541,5133787,NO,1246
chr1,184394473,184398443,NO,3970
chr10,99360515,99362062,NO,1547
chr11,116941813,116944071,NO,2258
chr11,33915154,33934652,NO,19498
chr3,155378759,155383600,NO,4841
chr20,44986783,44988849,NO,2066
chr19,16309792,16311832,NO,2040
chr1,217307768,217309709,NO,1941
chr9,111756605,111759121,NO,2516
chrX,11369428,11370203,NO,775
chr2,112023792,112035158,NO,11366
chr8,35382380,35383394,NO,1014
chr13,98905327,98918923,NO,13596
chr15,90669572,90670624,NO,1052
chr17,12887605,12889763,NO,2158
chr7,150735527,150737471,NO,1944
chr5,149423261,149424832,NO,1571
chr10,71654999,71663105,NO,8106
chr7,18125556,18127122,NO,1566
chr10,104215538,104216809,NO,1271
chr15,64149503,64153031,NO,3528
chr10,116157189,116160022,NO,2833
chr4,24105526,24107956,NO,2430
chr8,19435824,19438087,NO,2263
chr15,26074838,26076702,NO,1864
chr3,53337037,53338463,NO,1426
chr2,33516417,33522378,NO,5961
chr7,4881573,4882806,NO,1233
chr2,105274465,105276145,NO,1680
chr12,122362499,122363750,NO,1251
chr5,119781729,119790752,NO,9023
chr9,35269048,35278771,NO,9723
chr17,66905177,66907721,NO,2544
chr2,106730054,106730902,NO,848
chr11,119991485,119993931,NO,2446
chr6,117815704,117819993,NO,4289
chr7,4859284,4861155,NO,1871
chr9,78046368,78048796,NO,2428
chr2,64043413,64047362,NO,3949
chr6,28834080,28835170,NO,1090
chr4,25100867,25102213,NO,1346
chr2,197195119,197196513,NO,1394
chr6,21341851,21343677,NO,1826
chr2,71927281,71928973,NO,1692
chr7,80569888,80580329,NO,10441
chr17,48238205,48239644,NO,1439
chr10,81863538,81870548,NO,7010
chr4,84138007,84141330,NO,3323
chr5,155755182,155756645,NO,1463
chr9,98224061,98225770,NO,1709
chr2,218195738,218197233,NO,1495
chr9,97828614,97830151,NO,1537
chr1,35785670,35787200,NO,1530
chr22,38641762,38644007,NO,2245
chr16,21174113,21176075,NO,1962
chr5,172232586,172233658,NO,1072
chr15,59023663,59035485,NO,11822
chr15,75614578,75615117,NO,539
chr15,93257235,93258394,NO,1159
chr10,73372793,73384024,NO,11231
chr14,69480311,69482066,NO,1755
chr4,48129345,48130709,NO,1364
chr6,150773010,150775043,NO,2033
chr11,121592711,121594689,NO,1978
chr13,42135343,42137881,NO,2538
chr20,31410198,31418546,NO,8348
chr6,53949661,53951844,NO,2183
chr13,24693557,24699676,NO,6119
chr2,169868392,169870209,NO,1817
chr21,45022414,45030155,NO,7741
chr1,111416546,111418610,NO,2064
chr19,14516088,14521810,NO,5722
chr3,45062456,45063880,NO,1424
chr1,112806468,112811282,NO,4814
chr15,70562211,70564169,NO,1958
chr4,17233787,17235240,NO,1453
chr5,14397751,14407953,NO,10202
chr2,69134699,69136520,NO,1821
chr2,37616960,37618691,NO,1731
chr9,436879,438975,NO,2096
chr2,87936301,87938918,NO,2617
chr1,245761512,245763439,NO,1927
chr2,113191532,113193836,NO,2304
chr20,56156689,56159045,NO,2356
chr20,50107894,50115246,NO,7352
chr1,118238281,118239536,NO,1255
chr11,61301669,61303479,NO,1810
chr13,95878737,95889578,NO,10841
chr2,129104931,129106716,NO,1785
chr12,122191530,122192775,NO,1245
chr2,208258837,208260423,NO,1586
chr7,134116982,134118159,NO,1177
chr1,183884561,183885991,NO,1430
chr10,112115638,112118131,NO,2493
chr17,49209735,49211271,NO,1536
chr13,48890683,48893037,NO,2354
chr5,52132911,52141629,NO,8718
chr2,112068823,112071654,NO,2831
chr2,127445963,127450927,NO,4964
chr17,70497234,70499379,NO,2145
chr15,88491888,88493606,NO,1718
chr1,161142664,161143943,NO,1279
chrX,118005435,118007233,NO,1798
chr12,50605005,50615052,NO,10047
chr8,19265895,19267197,NO,1302
chr17,7508822,7510479,NO,1657
chr8,38457656,38458955,NO,1299
chr11,46670615,46672192,NO,1577
chr7,66507295,66508988,NO,1693
chr6,169589582,169591563,NO,1981
chr5,137030358,137032273,NO,1915
chr3,12671211,12673434,NO,2223
chr10,30503977,30509849,NO,5872
chr15,71999089,72001971,NO,2882
chr9,21095754,21097025,NO,1271
chr2,88958260,88959678,NO,1418
chr11,36448098,36453603,NO,5505
chr5,55881200,55883196,NO,1996
chr8,56795856,56798708,NO,2852
chr2,65244846,65246408,NO,1562
chr1,224526412,224529094,NO,2682
chr15,40320279,40323222,NO,2943
chr5,158153974,158156185,NO,2211
chr1,94850073,94851308,NO,1235
chr4,38871476,38875821,NO,4345
chr5,9045987,9047540,NO,1553
chr1,116774742,116786878,NO,12136
chr10,49863157,49864529,NO,1372
chr2,13058328,13060301,NO,1973
chr8,70772178,70773070,NO,892
chr19,5090718,5094060,NO,3342
chr2,218112067,218113986,NO,1919
chr9,139542978,139544051,NO,1073
chr4,190970171,190971052,NO,881
chr1,207127024,207141538,NO,14514
chr17,72375594,72377559,NO,1965
chr6,52878117,52878914,NO,797
chr18,6773707,6782400,NO,8693
chr8,20185041,20187154,NO,2113
chr16,12234877,12242425,NO,7548
chr22,46259481,46261445,NO,1964
chr16,2546438,2549671,NO,3233
chr22,24359589,24365290,NO,5701
chr21,46806125,46809074,NO,2949
chr7,28660894,28663138,NO,2244
chr19,13280315,13281553,NO,1238
chr6,169541737,169542990,NO,1253
chr18,19576530,19579031,NO,2501
chr4,26788966,26790754,NO,1788
chr7,37969267,37983152,NO,13885
chr11,73577129,73578313,NO,1184
chr2,9854695,9856602,NO,1907
chr7,86945522,86948930,NO,3408
chrX,57977380,57979451,NO,2071
chr4,86705352,86709434,NO,4082
chr17,71470091,71473724,NO,3633
chr1,65329604,65342200,NO,12596
chr3,39143979,39147187,NO,3208
chr17,73224254,73246751,NO,22497
chr5,111589535,111591023,NO,1488
chr19,3941901,3943787,NO,1886
chr11,6271041,6274231,NO,3190
chr7,55279571,55281996,NO,2425
chr19,38307415,38308820,NO,1405
chr13,73635824,73650247,NO,14423
chr7,37247576,37251712,NO,4136
chr6,123760512,123763455,NO,2943
chr3,128583123,128584710,NO,1587
chr16,87839681,87841180,NO,1499
chr2,73928978,73931463,NO,2485
chr11,68316558,68318136,NO,1578
chr17,21213525,21215647,NO,2122
chr3,108127261,108130075,NO,2814
chr8,25044928,25046228,NO,1300
chr12,122218784,122220864,NO,2080
chr7,70738806,70752011,NO,13205
chr1,171639437,171640310,NO,873
chr7,26452974,26458306,NO,5332
chr4,164531880,164544293,NO,12413
chr3,195862442,195863526,NO,1084
chr1,158147045,158147972,NO,927
chr11,68269833,68273590,NO,3757
chrX,102893018,102894279,NO,1261
chr1,20684305,20686071,NO,1766
chr2,40355366,40358840,NO,3474
chr8,61431497,61433949,NO,2452
chr19,11397523,11405274,NO,7751
chr12,125608876,125610244,NO,1368
chr6,117868619,117869986,NO,1367
chr19,12162965,12164263,NO,1298
chr1,228456989,228463961,NO,6972
chr1,18094503,18096348,NO,1845
chr1,246273000,246278252,NO,5252
chr3,172366541,172376633,NO,10092
chr5,80263508,80283043,NO,19535
chr9,100668422,100670469,NO,2047
chr1,147735315,147736617,NO,1302
chr11,118528501,118530880,NO,2379
chr11,66310618,66312162,NO,1544
chr3,32618347,32619859,NO,1512
chr12,106315378,106317216,NO,1838
chr8,42748363,42749949,NO,1586
chr1,184761183,184762233,NO,1050
chr13,109808263,109810163,NO,1900
chrX,47220981,47222653,NO,1672
chr21,44284914,44286964,NO,2050
chr4,4270549,4271976,NO,1427
chr1,172359408,172364030,NO,4622
chr10,101802961,101804305,NO,1344
chr22,44915121,44920660,NO,5539
chr11,6418005,6419657,NO,1652
chr9,115593537,115594547,NO,1010
chr5,172266492,172268071,NO,1579
chr15,56189446,56190335,NO,889
chr16,88336942,88339276,NO,2334
chr4,77447269,77448620,NO,1351
chr11,64109384,64110408,NO,1024
chr10,124289023,124291074,NO,2051
chr14,99727012,99730025,NO,3013
chr11,34331749,34333339,NO,1590
chr3,167833836,167839651,NO,5815
chr19,5536080,5538608,NO,2528
chr7,49669231,49671645,NO,2414
chr9,135088773,135093859,NO,5086
chr11,47255386,47257254,NO,1868
chr9,96844179,96846021,NO,1842
chr4,123704188,123705540,NO,1352
chr3,179244044,179245909,NO,1865
chr2,46862722,46884533,NO,21811
chr1,145285830,145288090,NO,2260
chr4,184181743,184184321,NO,2578
chrX,15597874,15599145,NO,1271
chr16,1208802,1210864,NO,2062
chr22,36179399,36181834,NO,2435
chr22,20817859,20819232,NO,1373
chr5,167978780,167980391,NO,1611
chr1,230219371,230221645,NO,2274
chr21,37543323,37544934,NO,1611
chr6,37336573,37339827,NO,3254
chr1,149293796,149294928,NO,1132
chr1,152139719,152141592,NO,1873
chr1,232688441,232691492,NO,3051
chr7,101707067,101708420,NO,1353
chrX,71216737,71224544,NO,7807
chr13,36497113,36502721,NO,5608
chr7,17591915,17597707,NO,5792
chr2,153398816,153400346,NO,1530
chr7,157094285,157095804,NO,1519
chr2,27667954,27669290,NO,1336
chr3,45098032,45107315,NO,9283
chr19,38663570,38665075,NO,1505
chr1,47322537,47323932,NO,1395
chr19,56187981,56190235,NO,2254
chr3,128000689,128002427,NO,1738
chr9,101540905,101554566,NO,13661
chr13,26998155,27000591,NO,2436
chr2,201577675,201578976,NO,1301
chr6,147234830,147236346,NO,1516
chr3,170892940,170894822,NO,1882
chr1,34870883,34873038,NO,2155
chr11,76049471,76051334,NO,1863
chr7,91808149,91809279,NO,1130
chr5,8827965,8829740,NO,1775
chr19,49946148,49947404,NO,1256
chr12,51013051,51015839,NO,2788
chr6,15595617,15596913,NO,1296
chr17,46631517,46632648,NO,1131
chr3,185813282,185816457,NO,3175
chr1,16074831,16077173,NO,2342
chr7,104884863,104886620,NO,1757
chr12,6887290,6888865,NO,1575
chr6,43780972,43794766,NO,13794
chr17,72755103,72757925,NO,2822
chr1,161066127,161068876,NO,2749
chr2,85034347,85035265,NO,918
chr7,75193978,75195290,NO,1312
chr7,22520760,22528651,NO,7891
chr5,55418590,55420102,NO,1512
chr20,62891258,62893058,NO,1800
chr5,130714813,130716942,NO,2129
chr2,242319118,242321098,NO,1980
chrX,50512262,50514234,NO,1972
chr13,113663675,113678546,NO,14871
chr1,207063403,207069596,NO,6193
chr16,86416506,86422253,NO,5747
chr8,116660147,116660895,NO,748
chr14,100905232,100907237,NO,2005
chr16,63651028,63652201,NO,1173
chr2,183813680,183814982,NO,1302
chr7,99941748,99942807,NO,1059
chr21,27058714,27062040,NO,3326
chr10,44201531,44204312,NO,2781
chr3,150305768,150318308,NO,12540
chr3,193714452,193716074,NO,1622
chr12,122277027,122278334,NO,1307
chr6,134757159,134758806,NO,1647
chr1,100995525,100997486,NO,1961
chr15,80543200,80544800,NO,1600
chr3,185000060,185001357,NO,1297
chr22,18890724,18892306,NO,1582
chr2,64581658,64587545,NO,5887
chr9,112350838,112353588,NO,2750
chr1,22773585,22774927,NO,1342
chr18,56159734,56161298,NO,1564
chr14,64547296,64549865,NO,2569
chr1,171189491,171191371,NO,1880
chr2,130634186,130636295,NO,2109
chr9,123333536,123334799,NO,1263
chr9,85895622,85897088,NO,1466
chr1,227974471,227976814,NO,2343
chr2,20233105,20236565,NO,3460
chr3,14245139,14246916,NO,1777
chr2,102079632,102081755,NO,2123
chr12,12185293,12186621,NO,1328
chr13,27976898,27978497,NO,1599
chr9,75746868,75747793,NO,925
chr2,146508688,146510371,NO,1683
chr19,45953098,45954063,NO,965
chr2,196398517,196399516,NO,999
chr18,29664325,29666098,NO,1773
chr19,1897263,1898380,NO,1117
chr3,126247425,126250176,NO,2751
chr7,155382599,155387782,NO,5183
chr3,8556631,8558278,NO,1647
chr1,11340554,11342709,NO,2155
chr18,12551759,12553770,NO,2011
chr19,35157557,35159163,NO,1606
chr19,752536,753463,NO,927
chr13,107301711,107304265,NO,2554
chr2,204443548,204446027,NO,2479
chr15,58782248,58784533,NO,2285
chr16,86774209,86775767,NO,1558
chr5,10625462,10628365,NO,2903
chr22,45554503,45556340,NO,1837
chr1,149679340,149680472,NO,1132
chr9,93799355,93801209,NO,1854
chr2,106646814,106647807,NO,993
chr16,57200120,57201345,NO,1225
chr12,115874513,115890894,NO,16381
chr9,97827258,97828337,NO,1079
chr3,15403140,15420042,NO,16902
chr3,8550907,8552168,NO,1261
chr4,40201340,40207350,NO,6010
chr1,157123485,157125669,NO,2184
chr1,89594615,89595691,NO,1076
chr16,81763594,81764805,NO,1211
chr10,124415987,124417649,NO,1662
chr12,50926084,50927589,NO,1505
chr1,162253264,162255981,NO,2717
chr9,125014697,125024275,NO,9578
chr17,74481301,74482752,NO,1451
chr12,123445858,123447605,NO,1747
chr6,76043705,76044833,NO,1128
chr10,134143041,134144290,NO,1249
chrX,66764936,66766866,NO,1930
chr5,54826262,54826995,NO,733
chr1,20992013,20993475,NO,1462
chr9,140682402,140684283,NO,1881
chr6,132811024,132812317,NO,1293
chr12,46824365,46826043,NO,1678
chr9,115571778,115573952,NO,2174
chr20,39676043,39680647,NO,4604
chr9,35790203,35791505,NO,1302
chr22,46591494,46593078,NO,1584
chr2,30806121,30807652,NO,1531
chr3,51377358,51379028,NO,1670
chr10,17009090,17011212,NO,2122
chr12,131302736,131311145,NO,8409
chr9,3936645,3964189,NO,27544
chr11,35833893,35843953,NO,10060
chr7,47400484,47402753,NO,2269
chr6,143857450,143858933,NO,1483
chr11,35560814,35563366,NO,2552
chr12,69724730,69735491,NO,10761
chr16,87260590,87261698,NO,1108
chr5,10484731,10486621,NO,1890
chr13,20135058,20139428,NO,4370
chr12,20365253,20366414,NO,1161
chr10,92782010,92783742,NO,1732
chr11,70474217,70475966,NO,1749
chr6,1363448,1365323,NO,1875
chr18,13499592,13500928,NO,1336
chr12,25956001,25956509,NO,508
chr5,127208015,127212051,NO,4036
chr1,172743565,172747485,NO,3920
chr1,147718268,147719456,NO,1188
chr6,150245811,150247661,NO,1850
chr3,158464609,158466961,NO,2352
chr12,110018988,110027344,NO,8356
chr4,124509166,124521638,NO,12472
chr7,21619396,21620723,NO,1327
chr21,36626237,36629593,NO,3356
chr2,48642066,48648250,NO,6184
chr13,39922149,39925326,NO,3177
chr14,95961606,95963578,NO,1972
chr12,27022828,27032200,NO,9372
chr2,173220749,173223069,NO,2320
chr2,109914740,109918048,NO,3308
chr1,232441909,232456083,NO,14174
chr4,40724046,40734201,NO,10155
chr8,22721858,22723503,NO,1645
chr14,95731345,95732671,NO,1326
chr8,19313622,19316262,NO,2640
chr1,207177961,207179865,NO,1904
chr1,60358557,60367934,NO,9377
chr5,175025656,175026872,NO,1216
chrX,55548310,55549769,NO,1459
chr13,95949607,95951606,NO,1999
chr10,90146084,90148414,NO,2330
chr7,134616634,134618604,NO,1970
chr17,60896583,60897956,NO,1373
chr7,2338486,2345136,NO,6650
chr5,78203341,78204722,NO,1381
chr1,145426862,145428405,NO,1543
chr6,70642936,70648056,NO,5120
chr6,159482932,159485134,NO,2202
chrX,40791528,40793823,NO,2295
chr1,34040239,34041653,NO,1414
chr3,12270437,12271759,NO,1322
chr1,25985063,25988384,NO,3321
chr11,112704454,112706129,NO,1675
chr6,34283570,34293078,NO,9508
chr17,33787276,33787908,NO,632
chr16,49672855,49674557,NO,1702
chr15,40841518,40843186,NO,1668
chr1,201907439,201909408,NO,1969
chr3,17112029,17130882,NO,18853
chrX,11398468,11404830,NO,6362
chr6,154477282,154487806,NO,10524
chr8,61620737,61627704,NO,6967
chr9,109211563,109213707,NO,2144
chr2,17994213,18004121,NO,9908
chr1,205752036,205753688,NO,1652
chr8,96235826,96238431,NO,2605
chr2,218224802,218226762,NO,1960
chr11,78081296,78082820,NO,1524
chr13,111717802,111720137,NO,2335
chr12,57114181,57115873,NO,1692
chr9,94908229,94910420,NO,2191
chr10,81344731,81349252,NO,4521
chr22,23494304,23501011,NO,6707
chr20,17854042,17856243,NO,2201
chr5,118697208,118702860,NO,5652
chr17,45911198,45913607,NO,2409
chr17,6949214,6950439,NO,1225
chr22,24381711,24383140,NO,1429
chr17,53508085,53511826,NO,3741
chr10,18702209,18704611,NO,2402
chr5,54873095,54874160,NO,1065
chr6,109402197,109403799,NO,1602
chr4,189659421,189659879,NO,458
chr11,65159165,65162102,NO,2937
chr4,169539610,169541184,NO,1574
chr7,21656926,21658258,NO,1332
chr14,95991895,95993928,NO,2033
chr6,149320476,149321882,NO,1406
chr16,58096665,58098166,NO,1501
chr17,43375886,43377304,NO,1418
chr9,71887759,71889382,NO,1623
chrX,133803374,133804913,NO,1539
chr18,73350248,73351323,NO,1075
chr1,59549524,59550727,NO,1203
chr8,57307415,57317888,NO,10473
chr17,79228412,79230375,NO,1963
chr3,186818895,186820050,NO,1155
chr11,35723498,35724309,NO,811
chr1,116872771,116877116,NO,4345
chr8,11331556,11333050,NO,1494
chr7,101958970,101962862,NO,3892
chr12,67824023,67828970,NO,4947
chr11,14443833,14445468,NO,1635
chr7,37122333,37123894,NO,1561
chr2,162100903,162101999,NO,1096
chr11,75537162,75538525,NO,1363
chr7,17137304,17139666,NO,2362
chr12,2539673,2542102,NO,2429
chr5,1479079,1481271,NO,2192
chr1,46357347,46358574,NO,1227
chr13,33577462,33578749,NO,1287
chr19,18810369,18812399,NO,2030
chr4,42655762,42657421,NO,1659
chr17,40966255,40968273,NO,2018
chr6,42660222,42662262,NO,2040
chr14,89695026,89708658,NO,13632
chr14,95855653,95857081,NO,1428
chr2,114575366,114576794,NO,1428
chr15,37065662,37070739,NO,5077
chr2,216978842,216980359,NO,1517
chr1,161195794,161197912,NO,2118
chr7,29295432,29297181,NO,1749
chr5,141474380,141475804,NO,1424
chr8,128218031,128219864,NO,1833
chr2,202329458,202332323,NO,2865
chr11,65322085,65323839,NO,1754
chr12,95008866,95010783,NO,1917
chr8,30505291,30506608,NO,1317
chr8,49230805,49232216,NO,1411
chr10,77228185,77229884,NO,1699
chr21,43084046,43086935,NO,2889
chr19,45747666,45749472,NO,1806
chr9,130528134,130528961,NO,827
chr15,70433230,70458856,NO,25626
chr14,73736201,73737611,NO,1410
chr11,130641646,130653343,NO,11697
chr4,166501079,166502345,NO,1266
chr18,7459731,7464793,NO,5062
chr22,29775847,29779398,NO,3551
chr1,161016658,161018373,NO,1715
chr11,117587622,117589262,NO,1640
chr15,68929225,68931845,NO,2620
chr16,14203827,14206858,NO,3031
chr1,162869149,162875355,NO,6206
chr16,16186907,16195824,NO,8917
chr5,75469872,75470442,NO,570
chr22,24755014,24758641,NO,3627
chr12,79941063,79942738,NO,1675
chrX,309349,310960,NO,1611
chr4,23789627,23792073,NO,2446
chr2,60665298,60667201,NO,1903
chr20,56736475,56751140,NO,14665
chr2,208701165,208713774,NO,12609
chr14,72452761,72454287,NO,1526
chr12,4251540,4252682,NO,1142
chr8,144552361,144554701,NO,2340
chr1,232840750,232842638,NO,1888
chr5,118722260,118747990,NO,25730
chr7,101628433,101630745,NO,2312
chr1,47902608,47903921,NO,1313
chr2,43686143,43689177,NO,3034
chr10,79748363,79749822,NO,1459
chr3,32086410,32087578,NO,1168
chr5,88753015,88754617,NO,1602
chr1,100193319,100195356,NO,2037
chr11,57795207,57797061,NO,1854
chr7,50108262,50109956,NO,1694
chr14,102816851,102818957,NO,2106
chr6,111944303,111948248,NO,3945
chr5,138944773,138957741,NO,12968
chr13,23412080,23423692,NO,11612
chr14,22838541,22849954,NO,11413
chr9,80612119,80613364,NO,1245
chr5,171067287,171068574,NO,1287
chr4,25426186,25427863,NO,1677
chr10,21653022,21662498,NO,9476
chr17,46627256,46628639,NO,1383
chr16,53807191,53810362,NO,3171
chr12,94241986,94243326,NO,1340
chr1,81958692,81959978,NO,1286
chr17,1132074,1133826,NO,1752
chr6,149400906,149402288,NO,1382
chr13,44626544,44628188,NO,1644
chr9,97783375,97784656,NO,1281
chr3,87101578,87102158,NO,580
chr5,123032421,123036981,NO,4560
chr5,171380839,171393911,NO,13072
chr5,153381743,153382820,NO,1077
chrX,55934513,55935922,NO,1409
chr10,52085212,52087168,NO,1956
chr7,70684821,70686378,NO,1557
chr2,28128841,28139798,NO,10957
chr1,147993899,148000910,NO,7011
chr14,71371611,71372606,NO,995
chrX,48928789,48930713,NO,1924
chrX,373812,374989,NO,1177
chr2,112676473,112678136,NO,1663
chr3,112994574,112995930,NO,1356
chr17,37795771,37799012,NO,3241
chr3,184474195,184475638,NO,1443
chr4,57653436,57666558,NO,13122
chr12,116757254,116758746,NO,1492
chr19,54123090,54126374,NO,3284
chr1,60385869,60388113,NO,2244
chr1,1439798,1441199,NO,1401
chr2,121017744,121020737,NO,2993
chr10,4076771,4077939,NO,1168
chr22,46524654,46526177,NO,1523
chr6,170363372,170365774,NO,2402
chr3,61622815,61623788,NO,973
chr17,56401236,56402391,NO,1155
chr6,157947596,157956945,NO,9349
chr8,41649226,41650293,NO,1067
chr10,7603162,7614333,NO,11171
chr5,58453408,58455152,NO,1744
chr6,164406651,164407906,NO,1255
chr13,103244172,103245245,NO,1073
chr18,55396115,55405730,NO,9615
chr3,184208852,184209669,NO,817
chr7,17018560,17030957,NO,12397
chr19,10206285,10207667,NO,1382
chr1,47573324,47574719,NO,1395
chr1,2223446,2225039,NO,1593
chr18,55360908,55366362,NO,5454
chr2,240386395,240388213,NO,1818
chr9,130674207,130675669,NO,1462
chr6,16391598,16392767,NO,1169
chr2,198113340,198120703,NO,7363
chrX,30618425,30619382,NO,957
chr2,236172032,236176834,NO,4802
chr13,27031228,27034131,NO,2903
chrX,115083238,115085696,NO,2458
chr1,66765833,66767333,NO,1500
chr20,4906001,4908247,NO,2246
chr9,97831021,97832718,NO,1697
chr5,39501915,39504248,NO,2333
chr20,22427596,22436430,NO,8834
chr1,243447467,243452083,NO,4616
chr14,33171693,33172744,NO,1051
chr2,110811989,110812884,NO,895
chr2,111073735,111074630,NO,895
chr5,171022895,171024424,NO,1529
chr10,50232046,50234129,NO,2083
chr9,98947961,98949982,NO,2021
chr6,155568624,155569855,NO,1231
chr1,203566157,203567957,NO,1800
chr12,12234737,12264215,NO,29478
chr1,29101417,29102581,NO,1164
chr16,66063743,66070553,NO,6810
chr3,14766626,14768682,NO,2056
chr8,24075432,24076591,NO,1159
chr13,22009650,22011138,NO,1488
chrX,36975558,36976724,NO,1166
chr4,2661903,2663531,NO,1628
chr20,30083833,30086075,NO,2242
chr11,47561713,47573520,NO,11807
chr4,114534158,114538823,NO,4665
chr3,32822425,32837249,NO,14824
chr15,100466067,100469429,NO,3362
chr9,22117277,22118584,NO,1307
chr9,101644209,101650023,NO,5814
chr4,47527632,47534646,NO,7014
chr5,172105122,172107239,NO,2117
chr17,6929460,6931365,NO,1905
chr16,85319256,85321534,NO,2278
chr3,188692558,188698080,NO,5522
chr1,43732832,43733813,NO,981
chr4,148248360,148251160,NO,2800
chr13,23756236,23757824,NO,1588
chr3,148673498,148674604,NO,1106
chr8,141536747,141538220,NO,1473
chr1,32701084,32702163,NO,1079
chr10,72348503,72350330,NO,1827
chr1,155149106,155151060,NO,1954
chrX,18719837,18721376,NO,1539
chr11,115493143,115494519,NO,1376
chr1,1354324,1355704,NO,1380
chr9,130020811,130022151,NO,1340
chr16,2656243,2657887,NO,1644
chr8,40048655,40056362,NO,7707
chr3,71056329,71060782,NO,4453
chr11,122536504,122544195,NO,7691
chr19,446508,448687,NO,2179
chr17,70187426,70189678,NO,2252
chr9,5608419,5609297,NO,878
chr1,43760105,43761424,NO,1319
chr14,68407484,68408789,NO,1305
chr17,18553397,18554040,NO,643
chr17,46653074,46653985,NO,911
chr1,100904302,100910279,NO,5977
chr6,32037769,32039380,NO,1611
chr1,65152882,65157864,NO,4982
chr10,65188596,65190941,NO,2345
chr5,123145677,123151017,NO,5340
chr11,94987174,94989690,NO,2516
chr2,134431779,134432966,NO,1187
chr11,2256055,2258490,NO,2435
chr8,20044403,20045342,NO,939
chr20,43665494,43682450,NO,16956
chr17,29395083,29396256,NO,1173
chr14,74765230,74766717,NO,1487
chr3,140313929,140316799,NO,2870
chr1,245254152,245256215,NO,2063
chr3,113603756,113604497,NO,741
chr22,46535400,46536450,NO,1050
chr12,48174636,48177544,NO,2908
chr9,116918575,116921053,NO,2478
chr5,111701848,111704762,NO,2914
chr17,60771330,60783843,NO,12513
chr16,678987,681199,NO,2212
chr1,86894569,86896634,NO,2065
chr1,185344247,185346593,NO,2346
chr8,25336573,25338962,NO,2389
chr1,151445373,151446478,NO,1105
chr12,105917031,105918074,NO,1043
chr15,94902879,94911074,NO,8195
chr12,64574410,64575941,NO,1531
chr19,54271525,54272670,NO,1145
chr16,67047250,67048905,NO,1655
chr17,65107350,65108914,NO,1564
chr22,28535656,28540441,NO,4785
chr7,104523791,104524993,NO,1202
chr8,141801062,141802125,NO,1063
chr5,71436727,71438384,NO,1657
chr16,23575626,23577061,NO,1435
chr2,230162031,230166424,NO,4393
chr19,42749825,42751996,NO,2171
chr19,47538454,47539889,NO,1435
chr3,169040821,169042286,NO,1465
chr6,24857923,24859393,NO,1470
chr1,36803006,36805428,NO,2422
chr1,155042849,155044195,NO,1346
chr6,163142345,163146368,NO,4023
chr2,240072456,240086518,NO,14062
chr8,1757775,1762703,NO,4928
chr9,6079808,6081229,NO,1421
chr8,74431743,74433112,NO,1369
chr11,67783455,67786174,NO,2719
chr1,25174237,25175480,NO,1243
chr18,43028692,43030199,NO,1507
chr2,112283520,112300131,NO,16611
chr4,26360962,26361532,NO,570
chr14,103781494,103782829,NO,1335
chr2,107127546,107128883,NO,1337
chr20,44573966,44576146,NO,2180
chr16,56713035,56714256,NO,1221
chr16,30001668,30003625,NO,1957
chr2,87063945,87065282,NO,1337
chr3,50552034,50554577,NO,2543
chr9,107968121,107970108,NO,1987
chr6,161458785,161460460,NO,1675
chr21,17197583,17200270,NO,2687
chr22,50248745,50250301,NO,1556
chr1,229194300,229206407,NO,12107
chr8,132928803,132929937,NO,1134
chr5,159032170,159033519,NO,1349
chr17,79581316,79589048,NO,7732
chr4,184075790,184086746,NO,10956
chr8,75647363,75649914,NO,2551
chrX,50336631,50338924,NO,2293
chr16,83988068,83997884,NO,9816
chr1,114888209,114889419,NO,1210
chr5,66989548,66991316,NO,1768
chr17,74520514,74521661,NO,1147
chr1,220473412,220474523,NO,1111
chr3,159646840,159648218,NO,1378
chr7,116595761,116597326,NO,1565
chr1,44938334,44952280,NO,13946
chr3,46704948,46706687,NO,1739
chr7,47796921,47798716,NO,1795
chr22,38663601,38665319,NO,1718
chr8,133958443,133968541,NO,10098
chr11,33883663,33886932,NO,3269
chr3,12369623,12370772,NO,1149
chr13,45287962,45294484,NO,6522
chr3,9694795,9696450,NO,1655
chr5,926604,933222,NO,6618
chr2,127932348,127935123,NO,2775
chr7,44635211,44636304,NO,1093
chr6,133383690,133384705,NO,1015
chr3,16585866,16588179,NO,2313
chr16,66906632,66908598,NO,1966
chr3,160799424,160800569,NO,1145
chr1,41920991,41922504,NO,1513
chr20,42285644,42286878,NO,1234
chr9,139934944,139936805,NO,1861
chr2,152627665,152631976,NO,4311
chr4,10055252,10057100,NO,1848
chr19,1075532,1076365,NO,833
chr15,63765500,63767492,NO,1992
chr2,216922291,216923263,NO,972
chr9,123200451,123205917,NO,5466
chr13,49116033,49117476,NO,1443
chr16,78717461,78719286,NO,1825
chr22,21056409,21057605,NO,1196
chr6,119467905,119469405,NO,1500
chr3,193263050,193271153,NO,8103
chr11,122310269,122311919,NO,1650
chr1,9652650,9654613,NO,1963
chr1,46659600,46661000,NO,1400
chr10,79161750,79166289,NO,4539
chr1,48249315,48251753,NO,2438
chr7,219048,230396,NO,11348
chr1,87614247,87618090,NO,3843
chr15,61043846,61045951,NO,2105
chr2,190522451,190523849,NO,1398
chr19,29589470,29590919,NO,1449
chr5,137290209,137295824,NO,5615
chr6,111147237,111148075,NO,838
chr17,62007456,62009833,NO,2377
chr9,31334658,31347661,NO,13003
chr5,142623126,142624650,NO,1524
chr9,131623616,131625296,NO,1680
chr17,628794,630575,NO,1781
chr17,6494790,6502646,NO,7856
chr1,16768663,16771111,NO,2448
chr12,26116475,26129281,NO,12806
chr6,139723838,139725443,NO,1605
chr20,17730608,17731921,NO,1313
chr1,113054860,113057147,NO,2287
chr12,113579724,113581152,NO,1428
chr10,134777764,134779596,NO,1832
chr11,130449808,130451468,NO,1660
chr3,47461922,47464685,NO,2763
chr10,101639315,101640841,NO,1526
chr11,34875547,34877722,NO,2175
chr13,114763132,114764673,NO,1541
chr7,3256837,3259035,NO,2198
chr3,14364720,14379062,NO,14342
chr2,189831528,189841159,NO,9631
chr7,158860182,158862161,NO,1979
chr11,75919422,75920823,NO,1401
chr19,18439258,18440383,NO,1125
chr5,41456644,41458292,NO,1648
chr1,207921149,207922861,NO,1712
chr15,81629463,81631253,NO,1790
chr7,32976308,32977956,NO,1648
chr7,25790184,25793083,NO,2899
chr10,104813359,104818065,NO,4706
chr17,79092331,79094457,NO,2126
chr12,42325816,42327000,NO,1184
chr2,40530536,40543539,NO,13003
chr11,12577636,12579137,NO,1501
chr15,48704039,48705618,NO,1579
chr17,79425564,79426897,NO,1333
chr7,151200226,151201855,NO,1629
chr3,8540259,8541553,NO,1294
chr1,243954775,243957002,NO,2227
chr16,78680422,78682759,NO,2337
chr12,102820556,102824174,NO,3618
chr5,14035616,14037047,NO,1431
chr2,39923335,39925317,NO,1982
chr3,176668211,176670116,NO,1905
chr2,235587286,235589519,NO,2233
chrX,49044802,49046766,NO,1964
chr3,182850212,182853724,NO,3512
chr11,65312566,65314426,NO,1860
chr6,15066538,15067946,NO,1408
chr10,44400830,44402515,NO,1685
chr13,113162768,113163759,NO,991
chr8,94891467,94893358,NO,1891
chr9,98388809,98390715,NO,1906
chr6,32086246,32088015,NO,1769
chr2,69159192,69171775,NO,12583
chr9,84202300,84203915,NO,1615
chr6,119634782,119636326,NO,1544
chr3,171124541,171135902,NO,11361
chr2,63925271,63926663,NO,1392
chr17,74510991,74512248,NO,1257
chr6,13810672,13812723,NO,2051
chr15,95846904,95847961,NO,1057
chrX,102020432,102024602,NO,4170
chr19,10727763,10728820,NO,1057
chr13,78095297,78098534,NO,3237
chr16,78539043,78540702,NO,1659
chr7,1687039,1688216,NO,1177
chr10,103118298,103128117,NO,9819
chr18,7197959,7205439,NO,7480
chr5,52021075,52023966,NO,2891
chr19,58520490,58521879,NO,1389
chr22,28032234,28033845,NO,1611
chr22,50979215,50980394,NO,1179
chr19,13292335,13293312,NO,977
chr2,158298035,158310824,NO,12789
chr17,1997766,1999209,NO,1443
chr1,89449852,89451412,NO,1560
chr1,110983544,110985080,NO,1536
chr5,34585587,34587010,NO,1423
chr19,1231570,1233480,NO,1910
chr15,51385445,51387451,NO,2006
chr11,128077267,128079122,NO,1855
chr15,58214521,58216325,NO,1804
chr18,21811257,21812800,NO,1543
chr14,102394286,102395913,NO,1627
chr22,49985974,49987746,NO,1772
chr16,78849168,78851998,NO,2830
chr4,3502820,3505318,NO,2498
chr6,30780754,30782339,NO,1585
chr5,1885032,1886942,NO,1910
chr8,125029908,125031361,NO,1453
chr9,137762166,137763772,NO,1606
chr12,94817900,94819018,NO,1118
chr4,46726174,46726725,NO,551
chr10,134922673,134924932,NO,2259
chr3,170671218,170672125,NO,907
chr10,63771124,63779996,NO,8872
chr18,20290761,20292727,NO,1966
chr11,11350201,11352794,NO,2593
chr2,203670686,203672935,NO,2249
chr1,220964171,220965717,NO,1546
chr18,77550572,77553051,NO,2479
chr12,56093696,56095381,NO,1685
chr6,34330491,34338486,NO,7995
chr4,297894,299547,NO,1653
chr2,130931957,130933423,NO,1466
chr19,18867637,18874025,NO,6388
chr12,102106621,102107652,NO,1031
chr5,140705618,140706471,NO,853
chr3,184762750,184765151,NO,2401
chr2,220549493,220554435,NO,4942
chr10,46913658,46914467,NO,809
chr10,63697520,63704997,NO,7477
chr1,36807160,36809674,NO,2514
chr2,217081566,217082913,NO,1347
chr8,101538824,101540120,NO,1296
chr12,95510520,95513065,NO,2545
chr17,78724883,78733436,NO,8553
chr9,133564821,133566374,NO,1553
chr11,86167150,86170227,NO,3077
chr22,28281675,28284076,NO,2401
chr14,102446148,102447927,NO,1779
chr2,37915404,37917206,NO,1802
chr3,133187858,133194450,NO,6592
chr8,19028146,19029763,NO,1617
chr2,238292855,238296680,NO,3825
chr12,131430366,131431720,NO,1354
chr1,207176137,207177262,NO,1125
chr19,34951400,34953398,NO,1998
chr17,2060059,2061385,NO,1326
chr3,169663014,169672913,NO,9899
chr4,146460901,146468286,NO,7385
chr4,128543893,128545094,NO,1201
chr5,54081366,54082929,NO,1563
chr6,145692900,145694644,NO,1744
chr2,173831524,173834000,NO,2476
chr11,65209156,65210324,NO,1168
chr17,8323057,8335053,NO,11996
chr16,677058,678918,NO,1860
chr13,34064749,34069381,NO,4632
chr9,117715630,117720898,NO,5268
chr10,20234188,20236242,NO,2054
chr21,45916331,45918171,NO,1840
chr2,178214987,178216868,NO,1881
chr9,136206548,136209513,NO,2965
chr4,41507099,41509631,NO,2532
chr9,13586658,13589023,NO,2365
chr11,76271487,76273065,NO,1578
chr18,43873693,43877422,NO,3729
chr5,34000966,34002198,NO,1232
chr6,15621442,15622332,NO,890
chr12,12162759,12164828,NO,2069
chr15,66696259,66698108,NO,1849
chr1,207096543,207098753,NO,2210
chr17,29637342,29645933,NO,8591
chr14,90167501,90168832,NO,1331
chr8,144157382,144158459,NO,1077
chr2,66780948,66783396,NO,2448
chr4,124570276,124571734,NO,1458
chr20,48016387,48017756,NO,1369
chr5,138060212,138061870,NO,1658
chr11,74531248,74533811,NO,2563
chr7,84814653,84816333,NO,1680
chr4,129556164,129557799,NO,1635
chr12,119594968,119596690,NO,1722
chr13,110675787,110677227,NO,1440
chr6,46318441,46321131,NO,2690
chr21,44855632,44856974,NO,1342
chr14,63762072,63763589,NO,1517
chr9,34701062,34702391,NO,1329
chr7,151182349,151187392,NO,5043
chr12,19698855,19700338,NO,1483
chr4,119512318,119513449,NO,1131
chr2,86299122,86300331,NO,1209
chr7,142493862,142495936,NO,2074
chr9,93195102,93196520,NO,1418
chr1,41617483,41618648,NO,1165
chr5,153746644,153748341,NO,1697
chrX,39377749,39379201,NO,1452
chrX,149935011,149936830,NO,1819
chr20,61069306,61070952,NO,1646
chr15,37207422,37214495,NO,7073
chr7,138927254,138928958,NO,1704
chr10,13674712,13676853,NO,2141
chr15,61004522,61006254,NO,1732
chr3,127114126,127132061,NO,17935
chr3,142857767,142859839,NO,2072
chr3,193806845,193808095,NO,1250
chr10,98432548,98434145,NO,1597
chr3,31273351,31276069,NO,2718
chr3,9358408,9359352,NO,944
chrX,150879532,150881255,NO,1723
chr17,46079392,46080892,NO,1500
chr1,6970791,6973573,NO,2782
chr2,61088379,61094927,NO,6548
chr10,95970121,95973555,NO,3434
chr13,102965121,102971213,NO,6092
chr6,33595187,33596927,NO,1740
chr6,26571789,26572785,NO,996
chr18,331352,333034,NO,1682
chr4,122515434,122517441,NO,2007
chr22,47538456,47540453,NO,1997
chrX,22153032,22155015,NO,1983
chr12,57535424,57537774,NO,2350
chr10,88648069,88661337,NO,13268
chr6,139644587,139645487,NO,900
chr14,50236576,50238087,NO,1511
chr1,235613329,235614738,NO,1409
chr11,64080459,64082368,NO,1909
chr19,11128364,11130381,NO,2017
chr2,99178208,99179913,NO,1705
chr7,99159667,99160958,NO,1291
chr14,93030794,93035918,NO,5124
chr1,36832632,36833706,NO,1074
chr5,134772525,134774811,NO,2286
chr7,72147319,72148410,NO,1091
chr3,52516766,52518207,NO,1441
chr1,28640081,28641591,NO,1510
chr18,19410916,19412060,NO,1144
chr19,5036685,5047339,NO,10654
chr7,14800645,14801885,NO,1240
chr12,116096936,116098371,NO,1435
chr3,126107767,126108992,NO,1225
chr15,66662157,66662959,NO,802
chr7,72248535,72250221,NO,1686
chr10,4556337,4557468,NO,1131
chr10,7838731,7839703,NO,972
chr3,58320325,58321755,NO,1430
chr16,57139475,57141010,NO,1535
chr5,58582770,58593026,NO,10256
chr16,19341800,19357506,NO,15706
chr2,132439349,132440551,NO,1202
chr1,85313025,85320293,NO,7268
chr19,1860248,1862884,NO,2636
chr7,66593841,66594932,NO,1091
chr5,118609094,118611403,NO,2309
chr12,96042811,96048082,NO,5271
chr11,68853583,68856010,NO,2427
chr3,188534771,188537898,NO,3127
chr15,86621958,86623632,NO,1674
chr15,99751831,99753365,NO,1534
chr18,20957906,20960878,NO,2972
chr4,166551814,166553143,NO,1329
chr13,24001060,24002436,NO,1376
chr2,112188417,112190393,NO,1976
chr5,172301966,172303331,NO,1365
chr5,71723727,71730744,NO,7017
chr12,64977284,64978738,NO,1454
chr17,38286534,38287627,NO,1093
chr5,149807319,149822020,NO,14701
chr4,16225385,16226627,NO,1242
chr15,65550292,65551959,NO,1667
chr18,8450407,8451657,NO,1250
chr14,56273405,56274943,NO,1538
chr13,52569267,52570975,NO,1708
chr7,42519936,42533985,NO,14049
chr1,22970087,22972574,NO,2487
chr15,40554823,40559671,NO,4848
chr1,42083004,42084878,NO,1874
chr19,11009103,11010451,NO,1348
chr1,182204480,182206241,NO,1761
chr1,200211177,200212693,NO,1516
chr3,99263642,99267486,NO,3844
chr10,88739186,88740799,NO,1613
chr3,141049937,141051829,NO,1892
chr15,75912475,75914195,NO,1720
chr5,124241879,124243287,NO,1408
chr2,203638772,203639413,NO,641
chr20,34078222,34079447,NO,1225
chr10,32249986,32253077,NO,3091
chr2,188267973,188269991,NO,2018
chr2,204647992,204652064,NO,4072
chr8,96690063,96691637,NO,1574
chr17,42195532,42197367,NO,1835
chr3,139904450,139906516,NO,2066
chr4,15402109,15403273,NO,1164
chr6,25192576,25193740,NO,1164
chr7,73708383,73721965,NO,13582
chr5,137704640,137705566,NO,926
chr7,157646424,157648060,NO,1636
chr1,48901239,48901889,NO,650
chr12,111282052,111283586,NO,1534
chr19,42970110,42971773,NO,1663
chr19,10245812,10247184,NO,1372
chr4,103235477,103241390,NO,5913
chr20,11176224,11177798,NO,1574
chr9,46843577,46844432,NO,855
chr1,39174351,39175617,NO,1266
chr1,98789392,98792871,NO,3479
chr8,93061046,93064451,NO,3405
chr9,7368352,7369987,NO,1635
chr9,14180370,14182110,NO,1740
chr17,16345396,16348259,NO,2863
chr1,10044757,10051911,NO,7154
chr17,1484047,1485223,NO,1176
chr19,7721963,7722818,NO,855
chr3,192315284,192325180,NO,9896
chr3,138159188,138160728,NO,1540
chr6,69847485,69849414,NO,1929
chr18,22716478,22717862,NO,1384
chr8,1648910,1650389,NO,1479
chr16,87904467,87906299,NO,1832
chr3,53354713,53363145,NO,8432
chr2,87817528,87819505,NO,1977
chr6,134693826,134696201,NO,2375
chr14,104859328,104872390,NO,13062
chr10,6441400,6452811,NO,11411
chr5,54014946,54016074,NO,1128
chr10,5544207,5546684,NO,2477
chr3,112965484,112968877,NO,3393
chr2,41824773,41838726,NO,13953
chr17,38242247,38243974,NO,1727
chr2,161487205,161492519,NO,5314
chr1,146708042,146709589,NO,1547
chr9,109437465,109438953,NO,1488
chr11,65207687,65209057,NO,1370
chr12,110157186,110159655,NO,2469
chr10,101226485,101228162,NO,1677
chr5,55451567,55456113,NO,4546
chr4,124939691,124941374,NO,1683
chr1,64434823,64447671,NO,12848
chr21,47311600,47312514,NO,914
chr1,247523667,247525188,NO,1521
chr6,167918347,167920100,NO,1753
chrX,47904599,47906297,NO,1698
chr12,26451583,26452723,NO,1140
chr7,8250299,8251924,NO,1625
chr5,88027996,88030522,NO,2526
chr16,53406722,53407942,NO,1220
chr19,850056,851566,NO,1510
chr6,162607607,162609505,NO,1898
chr16,57117735,57119167,NO,1432
chr5,153872882,153873320,NO,438
chrX,41241950,41243980,NO,2030
chr17,18871363,18873057,NO,1694
chr2,32493916,32494880,NO,964
chr2,24587333,24588521,NO,1188
chr10,80487503,80488553,NO,1050
chr1,175567559,175569225,NO,1666
chr12,91532023,91535721,NO,3698
chr5,66013391,66014785,NO,1394
chr22,23062881,23064322,NO,1441
chr9,128411191,128412800,NO,1609
chr12,7106115,7107716,NO,1601
chr1,87222284,87223700,NO,1416
chr15,88038654,88040118,NO,1464
chr17,72291824,72293060,NO,1236
chr6,40995206,40996819,NO,1613
chr11,69980966,69986493,NO,5527
chr20,46310573,46312033,NO,1460
chr9,130515490,130517531,NO,2041
chr3,149351275,149357095,NO,5820
chr20,19006043,19007962,NO,1919
chr10,65274531,65275601,NO,1070
chr10,134042954,134044768,NO,1814
chr19,1162495,1164498,NO,2003
chr1,3191726,3209651,NO,17925
chr17,36475254,36477447,NO,2193
chr3,72939074,72940903,NO,1829
chr9,44401680,44402418,NO,738
chr1,116353161,116354826,NO,1665
chr16,11352424,11353686,NO,1262
chr6,22828375,22829269,NO,894
chr22,46105135,46106485,NO,1350
chr3,107740511,107742699,NO,2188
chr5,95674212,95675914,NO,1702
chr11,44720867,44723711,NO,2844
chr1,6605293,6607582,NO,2289
chr17,60857560,60859339,NO,1779
chr10,35097494,35098751,NO,1257
chr1,245206689,245218567,NO,11878
chr10,72310838,72319757,NO,8919
chr5,14798343,14810504,NO,12161
chr10,30893817,30895207,NO,1390
chr6,139539865,139541143,NO,1278
chr9,139924178,139926466,NO,2288
chr4,141562626,141564822,NO,2196
chr4,80957583,80965329,NO,7746
chr2,39767577,39769009,NO,1432
chr1,101725576,101730024,NO,4448
chr16,85707127,85708713,NO,1586
chr12,124510821,124512548,NO,1727
chr22,37494714,37497537,NO,2823
chr11,27236363,27238538,NO,2175
chr13,33475934,33477921,NO,1987
chr5,125785366,125798938,NO,13572
chr16,2589389,2592020,NO,2631
chr12,111131598,111133091,NO,1493
chr12,52416306,52418178,NO,1872
chr5,168108063,168109606,NO,1543
chr2,122353781,122354815,NO,1034
chr2,219162616,219163824,NO,1208
chrX,50541735,50543365,NO,1630
chr8,67693052,67698215,NO,5163
chr2,191674521,191676432,NO,1911
chr11,102422522,102424230,NO,1708
chr22,29738567,29739951,NO,1384
chr5,173097665,173099138,NO,1473
chr2,163117851,163118495,NO,644
chr3,183254552,183256096,NO,1544
chr8,94997644,95004222,NO,6578
chr11,123431336,123432915,NO,1579
chr2,239078327,239079628,NO,1301
chr16,17542541,17543485,NO,944
chr9,130520506,130522093,NO,1587
chr22,46084240,46085549,NO,1309
chr6,45412921,45414313,NO,1392
chr2,173319674,173328137,NO,8463
chr1,233098828,233114293,NO,15465
chr2,143625676,143632257,NO,6581
chr2,29346062,29353348,NO,7286
chr9,127104397,127106311,NO,1914
chr2,219670125,219671532,NO,1407
chr18,77955564,77959978,NO,4414
chr8,131339243,131343840,NO,4597
chr21,33171490,33176670,NO,5180
chr1,76619460,76620753,NO,1293
chr3,51655306,51657290,NO,1984
chr1,213144857,213155427,NO,10570
chr3,11408099,11409392,NO,1293
chr7,26194966,26195881,NO,915
chr1,59183055,59184708,NO,1653
chr12,1684435,1686598,NO,2163
chr7,26588545,26590069,NO,1524
chr13,103051859,103053357,NO,1498
chr1,207179972,207181003,NO,1031
chrX,47037183,47039450,NO,2267
chr2,111941807,111943518,NO,1711
chr3,188295904,188297272,NO,1368
chr16,85455707,85457244,NO,1537
chr3,45044137,45045516,NO,1379
chr6,3138818,3140375,NO,1557
chr8,119558037,119559789,NO,1752
chr8,119207604,119215141,NO,7537
chr5,8843409,8845381,NO,1972
chr10,74836152,74837048,NO,896
chr10,97501174,97502462,NO,1288
chrX,10450628,10451978,NO,1350
chr12,6479037,6480713,NO,1676
chr2,232205833,232207698,NO,1865
chr16,527097,528253,NO,1156
chr8,1861609,1863371,NO,1762
chr8,129026181,129031460,NO,5279
chr9,114688579,114701195,NO,12616
chr8,145082022,145084021,NO,1999
chr13,103549679,103550993,NO,1314
chr12,94698243,94699628,NO,1385
chr15,89740664,89745134,NO,4470
chr3,19930163,19931791,NO,1628
chr20,8412388,8413920,NO,1532
chr18,55473902,55487693,NO,13791
chr2,171360881,171362934,NO,2053
chr20,46396536,46403522,NO,6986
chr6,15791673,15797367,NO,5694
chr2,128708903,128711531,NO,2628
chr14,102509508,102511392,NO,1884
chr9,27412647,27414790,NO,2143
chr11,110648541,110650215,NO,1674
chr12,94542663,94544702,NO,2039
chr19,46355193,46357751,NO,2558
chr6,139477272,139482764,NO,5492
chr2,88913416,88914999,NO,1583
chr2,40447276,40451760,NO,4484
chr15,38669943,38671369,NO,1426
chr2,27237909,27239318,NO,1409
chr9,6197476,6199013,NO,1537
chr22,38628004,38629894,NO,1890
chr2,236617494,236620069,NO,2575
chr11,107710693,107712315,NO,1622
chr1,161605260,161614607,NO,9347
chr3,192872973,192875181,NO,2208
chr7,136609133,136616438,NO,7305
chr2,97355921,97358765,NO,2844
chr12,122212026,122213068,NO,1042
chr9,78795178,78796776,NO,1598
chr6,163651709,163654129,NO,2420
chr3,99663033,99664614,NO,1581
chr2,120513892,120515003,NO,1111
chr3,32489902,32509691,NO,19789
chr1,205647494,205649701,NO,2207
chr7,134278071,134288493,NO,10422
chrX,17544301,17546597,NO,2296
chr10,3306046,3307170,NO,1124
chr20,46355589,46357575,NO,1986
chr2,56088521,56090842,NO,2321
chr21,30608903,30618146,NO,9243
chr11,67079464,67080859,NO,1395
chr15,76023175,76025467,NO,2292
chr16,1950103,1954914,NO,4811
chr4,149755128,149756490,NO,1362
chr10,105835802,105837533,NO,1731
chr5,154345010,154346659,NO,1649
chr6,43817847,43820361,NO,2514
chr8,102979392,102980239,NO,847
chr4,86682021,86684862,NO,2841
chr14,76334198,76344112,NO,9914
chr17,76712750,76714083,NO,1333
chr1,150545442,150546756,NO,1314
chr17,46636377,46637904,NO,1527
chr17,67604679,67606064,NO,1385
chr10,50216483,50217624,NO,1141
chr2,70342501,70343740,NO,1239
chr9,109459824,109470921,NO,11097
chr14,66892214,66893512,NO,1298
chr2,60281302,60282311,NO,1009
chr8,135790227,135791399,NO,1172
chr7,112031119,112032819,NO,1700
chr2,153467978,153469699,NO,1721
chr19,3930763,3932514,NO,1751
chr9,130570312,130572102,NO,1790
chr7,67785813,67787294,NO,1481
chr21,45444671,45446120,NO,1449
chr4,157867732,157868714,NO,982
chr3,8601030,8602573,NO,1543
chr6,148271228,148272077,NO,849
chr11,75314965,75316258,NO,1293
chr2,230131039,230135196,NO,4157
chr4,63682273,63682666,NO,393
chr7,101790003,101797352,NO,7349
chr13,29214696,29216125,NO,1429
chr1,222216514,222217999,NO,1485
chr15,41273297,41275746,NO,2449
chr8,81034396,81035580,NO,1184
chr3,53649903,53658876,NO,8973
chr2,216296424,216298431,NO,2007
chr1,112343192,112344950,NO,1758
chr21,16576549,16578063,NO,1514
chr1,28606889,28608643,NO,1754
chr5,32504771,32506929,NO,2158
chr1,55111138,55112270,NO,1132
chr10,47395720,47396539,NO,819
chr4,42341819,42342865,NO,1046
chr10,11939776,11941333,NO,1557
chr8,55155285,55157881,NO,2596
chr2,2059638,2061158,NO,1520
chr14,58705397,58706689,NO,1292
chr17,42927142,42929283,NO,2141
chr11,3443084,3444279,NO,1195
chr3,4574491,4576301,NO,1810
chr20,57622472,57623705,NO,1233
chr22,28263001,28264602,NO,1601
chr22,17544645,17546269,NO,1624
chr21,44891159,44892753,NO,1594
chr11,119761811,119763408,NO,1597
chr11,702431,703971,NO,1540
chr10,363339,375990,NO,12651
chr6,151767086,151768589,NO,1503
chr5,6597578,6599347,NO,1769
chr2,192223080,192232061,NO,8981
chr3,16144813,16151976,NO,7163
chr3,126500207,126501869,NO,1662
chr1,173839230,173840885,NO,1655
chrX,9713610,9715047,NO,1437
chr16,86292622,86304658,NO,12036
chr1,89776419,89777925,NO,1506
chr1,2246727,2249110,NO,2383
chr2,25479373,25481110,NO,1737
chr9,137174234,137176675,NO,2441
chr19,15305583,15306944,NO,1361
chr9,130788432,130789723,NO,1291
chr9,94798449,94799931,NO,1482
chr19,47132894,47133699,NO,805
chr12,29542134,29542822,NO,688
chr2,43745694,43747785,NO,2091
chr6,148914167,148915243,NO,1076
chr15,91223267,91225013,NO,1746
chr2,219084362,219093782,NO,9420
chr8,145000932,145002698,NO,1766
chr19,13075880,13076844,NO,964
chr2,145694932,145696260,NO,1328
chr10,90782090,90792122,NO,10032
chr10,73577221,73579169,NO,1948
chr5,62736085,62737130,NO,1045
chr3,74692255,74693398,NO,1143
chr11,64738917,64740141,NO,1224
chr22,40811144,40813052,NO,1908
chr2,121691271,121694142,NO,2871
chr18,22239802,22240755,NO,953
chr3,3213834,3216034,NO,2200
chr17,21752198,21753652,NO,1454
chr2,182670382,182676365,NO,5983
chr3,70881179,70882417,NO,1238
chr1,29597604,29599169,NO,1565
chr6,15539407,15552454,NO,13047
chr13,44587105,44588546,NO,1441
chr1,28404825,28406119,NO,1294
chr8,49701067,49702074,NO,1007
chr1,56055182,56056385,NO,1203
chr12,95566774,95568489,NO,1715
chr1,47943111,47944653,NO,1542
chr4,78841877,78843924,NO,2047
chr18,74398208,74409858,NO,11650
chr5,2801862,2804185,NO,2323
chr22,30251292,30252683,NO,1391
chr18,22676497,22678393,NO,1896
chr16,68288357,68290163,NO,1806
chr8,25898700,25900765,NO,2065
chr8,145911150,145912238,NO,1088
chr19,18396738,18399425,NO,2687
chr9,33850005,33852871,NO,2866
chr22,25463205,25466777,NO,3572
chr2,169401991,169403048,NO,1057
chr7,20447419,20448487,NO,1068
chr20,8834557,8835588,NO,1031
chrX,47372462,47373064,NO,602
chr4,185776021,185781982,NO,5961
chr2,9832427,9834101,NO,1674
chr9,130369794,130371261,NO,1467
chr1,110591989,110594370,NO,2381
chr2,192067285,192068372,NO,1087
chr7,94631619,94634506,NO,2887
chr3,69057870,69060952,NO,3082
chr12,21929074,21939431,NO,10357
chr9,5557211,5566424,NO,9213
chr16,84429475,84431067,NO,1592
chr7,48008906,48011409,NO,2503
chr13,40723049,40724527,NO,1478
chr1,153332333,153334008,NO,1675
chr11,94770548,94771356,NO,808
chr18,72695570,72707630,NO,12060
chr3,33848637,33849546,NO,909
chr6,70500853,70502477,NO,1624
chr4,53454305,53456287,NO,1982
chr21,33719740,33722180,NO,2440
chr7,129031870,129035673,NO,3803
chr6,144356879,144358078,NO,1199
chr8,106102245,106103277,NO,1032
chr12,106213963,106215455,NO,1492
chr18,55379282,55380406,NO,1124
chr11,1302404,1303646,NO,1242
chr9,86046483,86047604,NO,1121
chr7,16066007,16067829,NO,1822
chr2,37812262,37813390,NO,1128
chr9,116842553,116845019,NO,2466
chr8,579380,581800,NO,2420
chr2,61666056,61667683,NO,1627
chr2,109998697,110000877,NO,2180
chr1,209861366,209863145,NO,1779
chr7,114648314,114649310,NO,996
chr13,40174858,40175644,NO,786
chr17,8749908,8750931,NO,1023
chr3,130235380,130236876,NO,1496
chr4,89739704,89742541,NO,2837
chr4,26075310,26078011,NO,2701
chr3,24084137,24085222,NO,1085
chr9,124614073,124615896,NO,1823
chr6,151325095,151326159,NO,1064
chr12,111494035,111495635,NO,1600
chr10,90234398,90235339,NO,941
chr1,43758839,43760074,NO,1235
chr17,2808334,2810162,NO,1828
chr15,77399144,77400723,NO,1579
chr20,32240902,32242941,NO,2039
chr15,77435998,77437230,NO,1232
chr22,29474660,29476758,NO,2098
chr6,5723998,5725116,NO,1118
chr10,3168205,3169935,NO,1730
chr12,98811830,98813187,NO,1357
chr5,126187128,126188337,NO,1209
chr4,146694275,146695989,NO,1714
chr19,8258514,8260108,NO,1594
chr9,130527151,130528086,NO,935
chr11,69957123,69958590,NO,1467
chr19,7770639,7772349,NO,1710
chr11,123389561,123391052,NO,1491
chr19,57182037,57183487,NO,1450
chr2,232163938,232165856,NO,1918
chr21,38710625,38712291,NO,1666
chr18,29881286,29883249,NO,1963
chr12,4273715,4274775,NO,1060
chr16,2885654,2886825,NO,1171
chr15,31846037,31847551,NO,1514
chr12,48178991,48181017,NO,2026
chr3,71743598,71760944,NO,17346
chr19,23185216,23186295,NO,1079
chr1,27527595,27528339,NO,744
chr12,93381285,93382053,NO,768
chr22,45150587,45152211,NO,1624
chr10,15481059,15482368,NO,1309
chr6,52136754,52137995,NO,1241
chr3,42492994,42494045,NO,1051
chr22,45014756,45016303,NO,1547
chr14,103021000,103022278,NO,1278
chr11,587243,588543,NO,1300
chr1,2174196,2175526,NO,1330
chr2,38964300,38965591,NO,1291
chr6,134350186,134351642,NO,1456
chr19,1073210,1075470,NO,2260
chr12,71005314,71007379,NO,2065
chr11,112434491,112435862,NO,1371
chr1,40888964,40890030,NO,1066
chr9,127887871,127889053,NO,1182
chr19,8431607,8432923,NO,1316
chr7,116020606,116036070,NO,15464
chr16,67888786,67890228,NO,1442
chr18,43142907,43147396,NO,4489
chr2,100829996,100831958,NO,1962
chr3,8598327,8600019,NO,1692
chr18,55642653,55643665,NO,1012
chr6,157507950,157520227,NO,12277
chr12,53984969,53986150,NO,1181
chr22,45093798,45095607,NO,1809
chr9,117011936,117013597,NO,1661
chr13,51721876,51723401,NO,1525
chr14,23082159,23083632,NO,1473
chr13,76209340,76211117,NO,1777
chr8,30634945,30636107,NO,1162
chr1,8353992,8355589,NO,1597
chr15,33314313,33315457,NO,1144
chr4,169185824,169187090,NO,1266
chr12,12627311,12628734,NO,1423
chr6,105793315,105794377,NO,1062
chr7,14875022,14876566,NO,1544
chr1,228872891,228875885,NO,2994
chr7,130969098,130970399,NO,1301
chr9,139589853,139591347,NO,1494
chr2,224625490,224628757,NO,3267
chr17,55364835,55367013,NO,2178
chr2,237897276,237898571,NO,1295
chr16,49653626,49655441,NO,1815
chr7,123239296,123241286,NO,1990
chr9,96918523,96920116,NO,1593
chr5,55614938,55616152,NO,1214
chr3,27632586,27633621,NO,1035
chr16,66185010,66186911,NO,1901
chr9,86954453,86955836,NO,1383
chr8,21601404,21602884,NO,1480
chr9,139591586,139592752,NO,1166
chr6,151177742,151179655,NO,1913
chr1,231413935,231415148,NO,1213
chr6,134734774,134736293,NO,1519
chr2,25196471,25209534,NO,13063
chr6,32551334,32552803,NO,1469
chr2,232388200,232389053,NO,853
chr5,31775468,31776543,NO,1075
chr2,145340262,145365519,NO,25257
chr14,51974237,51975534,NO,1297
chr1,3154219,3156167,NO,1948
chr6,170653578,170657792,NO,4214
chr3,127174934,127176437,NO,1503
chr22,47225463,47226847,NO,1384
chr19,50174891,50175986,NO,1095
chr17,14212193,14213864,NO,1671
chr2,237640164,237641663,NO,1499
chr1,214434668,214435800,NO,1132
chr1,216938572,216939792,NO,1220
chr7,31850975,31852183,NO,1208
chr1,33495072,33496425,NO,1353
chr3,128689698,128691075,NO,1377
chr15,58520317,58521773,NO,1456
chrX,46315133,46321405,NO,6272
chrX,107541161,107542351,NO,1190
chr11,114210899,114212177,NO,1278
chr10,86596447,86598225,NO,1778
chr7,105817883,105819726,NO,1843
chrX,18739802,18743912,NO,4110
chr10,77370630,77371934,NO,1304
chr8,10872717,10874194,NO,1477
chr4,140969880,140982608,NO,12728
chr20,40137929,40139270,NO,1341
chr2,121282813,121284077,NO,1264
chr1,245081760,245082998,NO,1238
chr6,42358174,42373392,NO,15218
chr14,61611593,61613146,NO,1553
chr1,113447395,113448593,NO,1198
chr3,97670861,97672067,NO,1206
chr2,237569653,237572445,NO,2792
chr17,42163194,42164341,NO,1147
chr16,14394837,14396046,NO,1209
chr7,107114414,107115649,NO,1235
chr8,139615328,139616771,NO,1443
chr19,19701939,19706569,NO,4630
chr16,3842552,3843819,NO,1267
chr10,129678469,129680226,NO,1757
chr10,104477523,104478773,NO,1250
chr7,25764660,25766908,NO,2248
chr12,90256465,90257818,NO,1353
chr22,33276518,33277858,NO,1340
chr9,130006796,130008086,NO,1290
chr10,14491640,14493029,NO,1389
chr17,8975082,8976933,NO,1851
chr1,223850739,223852006,NO,1267
chr19,36822066,36823120,NO,1054
chr7,129108331,129109162,NO,831
chr20,6749812,6751462,NO,1650
chr10,125978404,125980715,NO,2311
chr5,142481466,142487546,NO,6080
chr10,15125742,15127412,NO,1670
chr13,27049749,27051311,NO,1562
chr1,116693998,116708473,NO,14475
chr1,97003440,97004525,NO,1085
chr3,99393011,99397310,NO,4299
chr8,12900695,12909742,NO,9047
chr18,21656204,21669420,NO,13216
chr10,93811315,93824421,NO,13106
chr3,32913845,32915749,NO,1904
chr8,1790152,1791304,NO,1152
chr12,53889324,53890508,NO,1184
chr3,121713782,121714805,NO,1023
chr16,75375380,75377140,NO,1760
chr2,122226618,122238746,NO,12128
chr1,161523900,161533261,NO,9361
chr11,64814578,64816282,NO,1704
chr12,66584378,66589446,NO,5068
chr10,27608394,27609628,NO,1234
chr7,99814449,99815818,NO,1369
chr6,75977984,75982986,NO,5002
chr21,44264475,44266097,NO,1622
chr19,20958923,20959804,NO,881
chr8,81609367,81611120,NO,1753
chr10,78335803,78342825,NO,7022
chr2,111033749,111035280,NO,1531
chr12,95037408,95038778,NO,1370
chr10,12375257,12376610,NO,1353
chr6,10441146,10452902,NO,11756
chr8,56918765,56919606,NO,841
chr13,50796686,50804434,NO,7748
chr17,42621147,42625425,NO,4278
chr19,6729481,6730735,NO,1254
chr12,121497653,121498767,NO,1114
chr3,16782670,16783865,NO,1195
chr4,102112125,102113244,NO,1119
chr2,217604722,217606304,NO,1582
chr20,48062709,48064793,NO,2084
chr5,172090469,172091781,NO,1312
chr15,36923843,36925156,NO,1313
chr2,160998471,161001101,NO,2630
chr17,2448438,2449532,NO,1094
chr11,65219931,65220986,NO,1055
chr19,5127010,5128757,NO,1747
chr1,6335849,6336865,NO,1016
chr8,29027051,29028584,NO,1533
chr17,6001489,6002686,NO,1197
chr20,61334574,61336499,NO,1925
chr5,137193021,137194226,NO,1205
chr4,88541142,88542702,NO,1560
chr12,48123765,48124732,NO,967
chr9,97832721,97833688,NO,967
chr14,67912850,67914036,NO,1186
chr1,168605696,168606977,NO,1281
chr11,19439813,19441820,NO,2007
chr9,137624564,137626677,NO,2113
chr8,48909954,48911434,NO,1480
chr15,50346988,50348605,NO,1617
chr9,132998837,133001375,NO,2538
chr5,32193394,32194335,NO,941
chr22,32726771,32728588,NO,1817
chr1,173821799,173823007,NO,1208
chr10,99544165,99549271,NO,5106
chr11,77940911,77942286,NO,1375
chr6,66804325,66804868,NO,543
chr10,23687998,23689084,NO,1086
chr4,26219407,26220881,NO,1474
chr7,30590243,30591313,NO,1070
chr4,72473047,72473948,NO,901
chr15,35875827,35876773,NO,946
chr10,107231941,107233333,NO,1392
chr7,48675729,48677121,NO,1392
chr12,53906689,53908546,NO,1857
chr17,64708057,64709151,NO,1094
chr7,157064054,157065983,NO,1929
chr1,20419835,20421406,NO,1571
chr7,70610854,70611970,NO,1116
chr2,114643826,114645460,NO,1634
chr22,24734739,24735845,NO,1106
chr15,70896784,70898808,NO,2024
chr22,46879279,46880922,NO,1643
chr18,10289843,10291397,NO,1554
chr20,31278271,31278985,NO,714
chr13,44341116,44342285,NO,1169
chr17,49295,50941,NO,1646
chr8,144714446,144715477,NO,1031
chr12,57512197,57513456,NO,1259
chr22,30937878,30939020,NO,1142
chr13,21035717,21037087,NO,1370
chr2,110393444,110402984,NO,9540
chr8,120931665,120933283,NO,1618
chr16,75602315,75604614,NO,2299
chr5,135371992,135373702,NO,1710
chr16,29993815,29996243,NO,2428
chr1,147293200,147294985,NO,1785
chrX,39788224,39790631,NO,2407
chr11,2553518,2555810,NO,2292
chr10,89303597,89307793,NO,4196
chr9,137787861,137789289,NO,1428
chr10,12283743,12284840,NO,1097
chr3,142569109,142570552,NO,1443
chr11,64454714,64456756,NO,2042
chr12,8298175,8299622,NO,1447
chr10,28689799,28692431,NO,2632
chr2,40391606,40392975,NO,1369
chr10,100099660,100100950,NO,1290
chr14,78291835,78293488,NO,1653
chr1,28269336,28270789,NO,1453
chr13,39776056,39784215,NO,8159
chr3,4516069,4517332,NO,1263
chr9,112047957,112050095,NO,2138
chr12,59309397,59311397,NO,2000
chr3,105716195,105717546,NO,1351
chr6,105749019,105750370,NO,1351
chr5,172224283,172225516,NO,1233
chr6,130028800,130030054,NO,1254
chr14,81866268,81867957,NO,1689
chr3,5259418,5261339,NO,1921
chr3,133288579,133289784,NO,1205
chr12,116602195,116604096,NO,1901
chr8,103075682,103077152,NO,1470
chr2,65576747,65578596,NO,1849
chr10,120629746,120631361,NO,1615
chr5,40570851,40574495,NO,3644
chr21,44830201,44832750,NO,2549
chr11,111197937,111199469,NO,1532
chr19,50866804,50867608,NO,804
chr12,65996591,65997643,NO,1052
chr9,5843519,5845221,NO,1702
chr10,133741388,133743498,NO,2110
chr22,32225466,32226791,NO,1325
chr21,36695709,36697427,NO,1718
chr2,72986433,72987620,NO,1187
chr14,65148302,65149730,NO,1428
chr22,35805851,35807270,NO,1419
chr8,18941802,18953759,NO,11957
chr4,143300257,143301760,NO,1503
chr15,60875093,60876596,NO,1503
chr9,130425976,130428041,NO,2065
chr18,829546,830752,NO,1206
chr10,60616147,60617309,NO,1162
chr13,20748587,20750036,NO,1449
chr5,58612663,58613965,NO,1302
chr17,77966861,77968179,NO,1318
chr3,65874689,65875888,NO,1199
chr8,26160551,26162408,NO,1857
chr5,61727648,61728787,NO,1139
chr7,127963233,127964479,NO,1246
chr17,60937580,60939177,NO,1597
chr8,134930710,134932274,NO,1564
chr13,85225662,85228318,NO,2656
chr12,20781202,20783239,NO,2037
chr9,130538453,130539704,NO,1251
chr2,60962397,60963238,NO,841
chr18,47537559,47538653,NO,1094
chr3,58665412,58666504,NO,1092
chr8,133893558,133906505,NO,12947
chr10,86055560,86056499,NO,939
chr2,232092265,232093563,NO,1298
chr1,62072121,62082909,NO,10788
chr19,13153607,13154783,NO,1176
chr9,113505034,113507714,NO,2680
chr11,118560158,118561963,NO,1805
chr2,42569083,42570671,NO,1588
chr16,86644265,86645450,NO,1185
chr14,95037217,95038697,NO,1480
chr5,138720247,138721503,NO,1256
chr1,97973683,97975271,NO,1588
chr10,53181778,53182636,NO,858
chr11,8720600,8722363,NO,1763
chr1,159748341,159749814,NO,1473
chr17,66308102,66309255,NO,1153
chr3,12601740,12603951,NO,2211
chr10,13157692,13159123,NO,1431
chr15,80907631,80909252,NO,1621
chr21,35028140,35030287,NO,2147
chr5,155821905,155823938,NO,2033
chr2,33663824,33665113,NO,1289
chr18,29926514,29930254,NO,3740
chr2,164589109,164590690,NO,1581
chr10,100190298,100191618,NO,1320
chr16,50127098,50128502,NO,1404
chr9,97763091,97763656,NO,565
chr7,47846222,47847834,NO,1612
chr10,126632536,126633602,NO,1066
chr3,62171768,62173685,NO,1917
chr1,6531615,6533073,NO,1458
chr3,57095994,57103219,NO,7225
chr9,6216778,6218387,NO,1609
chr3,187888964,187890274,NO,1310
chr1,79088129,79089815,NO,1686
chr20,3321034,3322216,NO,1182
chr16,75766636,75768289,NO,1653
chr3,187925426,187926728,NO,1302
chr17,41016111,41017129,NO,1018
chr9,99104857,99108379,NO,3522
chr9,106835591,106838819,NO,3228
chr10,6156187,6157708,NO,1521
chrX,39336351,39337758,NO,1407
chr20,45752881,45753490,NO,609
chr18,10530070,10543685,NO,13615
chr13,75900095,75900992,NO,897
chr13,80809143,80813693,NO,4550
chr3,158527114,158529436,NO,2322
chr5,112252681,112254877,NO,2196
chr10,22614556,22615321,NO,765
chr10,28664779,28668643,NO,3864
chr15,58438796,58440056,NO,1260
chr12,121889823,121891303,NO,1480
chr10,80516077,80517353,NO,1276
chr5,159894264,159895627,NO,1363
chr13,33542949,33544188,NO,1239
chr16,75411468,75424600,NO,13132
chr17,19912064,19913624,NO,1560
chr1,3138037,3139647,NO,1610
chr8,131117870,131119440,NO,1570
chr12,19386616,19387807,NO,1191
chr11,72796277,72799364,NO,3087
chr14,65800899,65802230,NO,1331
chr6,140667147,140668419,NO,1272
chr8,22428851,22430624,NO,1773
chr16,68329974,68331395,NO,1421
chr4,55143912,55148250,NO,4338
chr2,68661864,68664502,NO,2638
chr16,58762327,58763468,NO,1141
chr3,112371906,112373982,NO,2076
chr19,13192285,13194403,NO,2118
chr5,172126938,172128339,NO,1401
chr6,150436945,150440718,NO,3773
chr1,32689078,32690184,NO,1106
chr19,47162360,47164499,NO,2139
chr11,86729682,86731181,NO,1499
chr18,75581713,75583457,NO,1744
chr16,28152480,28153396,NO,916
chr16,78703824,78704758,NO,934
chr1,223673209,223674722,NO,1513
chr7,111594210,111595264,NO,1054
chr9,106853560,106854699,NO,1139
chr5,135354382,135356093,NO,1711
chr9,130501789,130502999,NO,1210
chr2,25008608,25013787,NO,5179
chr12,14525758,14538499,NO,12741
chr16,89648253,89649968,NO,1715
chr5,112425511,112427163,NO,1652
chr1,110520893,110522744,NO,1851
chrX,154840194,154841395,NO,1201
chr17,70147346,70148401,NO,1055
chr5,32767792,32769106,NO,1314
chr14,69754140,69755735,NO,1595
chr1,108384756,108393889,NO,9133
chr5,172246286,172248183,NO,1897
chr20,58569004,58570605,NO,1601
chr20,20257761,20259410,NO,1649
chr7,158522646,158533345,NO,10699
chr7,962474,963776,NO,1302
chr6,100624146,100625578,NO,1432
chr9,134420371,134421994,NO,1623
chr4,124981499,124982402,NO,903
chr2,144232514,144233569,NO,1055
chr2,8654030,8656682,NO,2652
chr3,195171395,195172385,NO,990
chr1,101468119,101469178,NO,1059
chr3,188884596,188885968,NO,1372
chr10,3567955,3582103,NO,14148
chr11,19617454,19618751,NO,1297
chrX,70322574,70324022,NO,1448
chr5,71506053,71507385,NO,1332
chr2,56185139,56186603,NO,1464
chr8,11488511,11490212,NO,1701
chr20,30699293,30701338,NO,2045
chr14,75515730,75516668,NO,938
chr3,33479100,33480480,NO,1380
chrX,152645620,152648208,NO,2588
chr12,46948513,46949915,NO,1402
chr1,95486873,95488318,NO,1445
chr1,184618033,184619382,NO,1349
chr21,44027144,44035451,NO,8307
chr7,73949157,73950664,NO,1507
chr15,74531610,74533603,NO,1993
chr9,124838143,124850885,NO,12742
chr4,152034697,152036253,NO,1556
chr12,111076964,111078770,NO,1806
chr9,112760077,112761466,NO,1389
chr4,185434665,185436446,NO,1781
chr16,24711641,24712581,NO,940
chr15,68235925,68237376,NO,1451
chr2,67673521,67676844,NO,3323
chr10,24704251,24705212,NO,961
chr6,88371040,88381769,NO,10729
chr8,6148902,6149690,NO,788
chr8,12829448,12830490,NO,1042
chr9,71959276,71972906,NO,13630
chr12,47549275,47550760,NO,1485
chr7,4831984,4832926,NO,942
chr4,5034550,5035950,NO,1400
chr11,94578721,94589128,NO,10407
chr6,163630800,163631907,NO,1107
chr4,149135544,149136799,NO,1255
chr20,10844531,10845602,NO,1071
chr10,64342237,64343577,NO,1340
chr6,11631196,11633492,NO,2296
chr11,323998,325248,NO,1250
chr22,49412166,49413835,NO,1669
chr8,146224892,146226537,NO,1645
chr2,23603539,23604266,NO,727
chr6,152718067,152721042,NO,2975
chr10,124209202,124210979,NO,1777
chr3,126545616,126547316,NO,1700
chr8,135820246,135821900,NO,1654
chr11,19870519,19871909,NO,1390
chr2,47452088,47454120,NO,2032
chr4,120291383,120292295,NO,912
chr12,117463281,117465084,NO,1803
chr10,120879926,120891731,NO,11805
chr16,2604126,2605379,NO,1253
chr8,102550127,102551789,NO,1662
chr20,49306688,49309111,NO,2423
chr11,117954626,117955948,NO,1322
chr1,145584134,145585837,NO,1703
chr3,100676225,100688394,NO,12169
chr14,104375934,104377050,NO,1116
chr8,126131113,126133384,NO,2271
chrX,49600644,49601964,NO,1320
chr15,70052747,70053987,NO,1240
chr18,8799894,8801809,NO,1915
chr6,5026041,5034120,NO,8079
chr7,73601631,73603559,NO,1928
chr9,101093740,101104798,NO,11058
chrX,39817096,39830065,NO,12969
chr5,171136914,171138020,NO,1106
chr2,26044821,26045679,NO,858
chr15,40712155,40713564,NO,1409
chr16,31464310,31465465,NO,1155
chr10,11303149,11304588,NO,1439
chr1,118132956,118135262,NO,2306
chr18,60804781,60806198,NO,1417
chr5,158303332,158304660,NO,1328
chr5,172161740,172163837,NO,2097
chr6,41028886,41029936,NO,1050
chr8,55065531,55067270,NO,1739
chrX,71489830,71490850,NO,1020
chr2,101647007,101648323,NO,1316
chr3,44621840,44622938,NO,1098
chr9,130542269,130543428,NO,1159
chr17,27888461,27890271,NO,1810
chr20,9281466,9283400,NO,1934
chr13,77396848,77404382,NO,7534
chr16,12087883,12089064,NO,1181
chr1,67926375,67927570,NO,1195
chr1,227916272,227918989,NO,2717
chr4,102266368,102267236,NO,868
chr2,37686654,37688177,NO,1523
chr6,42219431,42220723,NO,1292
chr1,8746636,8747662,NO,1026
chr2,3653111,3654557,NO,1446
chr16,20450242,20452365,NO,2123
chr6,7086126,7087918,NO,1792
chr20,23899987,23902104,NO,2117
chr13,48809436,48810307,NO,871
chr11,116857102,116861238,NO,4136
chr8,101859271,101860376,NO,1105
chr16,1689602,1691863,NO,2261
chr3,52518307,52519997,NO,1690
chr3,129071143,129073128,NO,1985
chr4,7650376,7652373,NO,1997
chr10,103607612,103609161,NO,1549
chr4,656928,658414,NO,1486
chr6,135591871,135593064,NO,1193
chr16,67984775,67986350,NO,1575
chr12,8861780,8865642,NO,3862
chr19,10518989,10520296,NO,1307
chr20,4063126,4064383,NO,1257
chr9,75092600,75093487,NO,887
chr2,241232557,241234089,NO,1532
chr8,102019180,102022350,NO,3170
chr1,173472980,173477331,NO,4351
chr5,153600601,153601604,NO,1003
chr6,13268820,13273515,NO,4695
chr7,127657091,127658937,NO,1846
chr1,150544366,150545439,NO,1073
chr12,51719920,51721388,NO,1468
chr16,56881334,56883939,NO,2605
chr3,123352675,123354593,NO,1918
chr17,1436187,1437938,NO,1751
chr6,112164606,112167158,NO,2552
chrX,47399460,47400714,NO,1254
chr6,158234130,158235722,NO,1592
chr9,8857273,8859422,NO,2149
chr19,5805337,5806662,NO,1325
chr13,69559020,69559663,NO,643
chr2,219128184,219130218,NO,2034
chr4,118496934,118497403,NO,469
chr6,141485723,141486830,NO,1107
chr8,102701334,102703541,NO,2207
chr4,25638833,25640524,NO,1691
chr20,34416076,34417306,NO,1230
chr16,88095660,88097208,NO,1548
chr11,130697184,130698626,NO,1442
chrX,114765946,114767884,NO,1938
chr2,10913867,10915182,NO,1315
chr7,4918649,4920581,NO,1932
chr8,41015448,41016628,NO,1180
chr3,65469670,65470862,NO,1192
chr1,229714406,229718573,NO,4167
chr19,2127027,2128651,NO,1624
chr3,8583143,8585133,NO,1990
chr19,59073224,59074706,NO,1482
chr14,34965776,34967269,NO,1493
chr12,106375835,106377025,NO,1190
chr15,39650339,39651927,NO,1588
chr17,80896856,80898626,NO,1770
chr13,114631028,114632612,NO,1584
chr2,132228414,132229864,NO,1450
chr1,85084825,85087020,NO,2195
chr16,81684122,81685575,NO,1453
chr12,133198723,133200420,NO,1697
chr9,37471800,37472694,NO,894
chr21,27520260,27521908,NO,1648
chr1,15697219,15698763,NO,1544
chr19,41241138,41242640,NO,1502
chr2,69692077,69693682,NO,1605
chr3,114619666,114622237,NO,2571
chr3,107380362,107381079,NO,717
chr11,95845066,95846172,NO,1106
chr2,131788681,131790167,NO,1486
chr3,188841276,188850552,NO,9276
chr14,52817614,52822177,NO,4563
chr19,49971377,49972785,NO,1408
chr1,1252682,1253960,NO,1278
chr3,57014533,57016219,NO,1686
chr21,35717048,35718690,NO,1642
chr4,147113354,147114210,NO,856
chr3,170745792,170747036,NO,1244
chr8,87403673,87404706,NO,1033
chr17,19655558,19656791,NO,1233
chr4,100721296,100723448,NO,2152
chr2,85535601,85537483,NO,1882
chr2,167350095,167351536,NO,1441
chrX,66783243,66784188,NO,945
chr2,201629898,201631118,NO,1220
chr20,3793440,3794507,NO,1067
chr5,146845659,146846885,NO,1226
chr5,154103209,154104389,NO,1180
chr13,51210026,51210976,NO,950
chr6,17212683,17213624,NO,941
chr13,99933476,99934662,NO,1186
chr12,122213094,122214765,NO,1671
chr17,33324080,33325568,NO,1488
chr4,86853441,86854439,NO,998
chr11,116800653,116802543,NO,1890
chr5,57367178,57368672,NO,1494
chr1,82956447,82958512,NO,2065
chr2,127534327,127535261,NO,934
chr2,145764664,145765737,NO,1073
chr7,105779620,105780980,NO,1360
chr17,39679658,39681348,NO,1690
chr17,7107492,7108957,NO,1465
chr11,102138452,102139774,NO,1322
chr1,46419575,46421570,NO,1995
chr12,64334242,64350292,NO,16050
chr2,129223961,129225562,NO,1601
chr2,238674536,238675543,NO,1007
chr3,189022325,189023336,NO,1011
chr2,197156228,197157591,NO,1363
chr6,156488270,156489744,NO,1474
chr3,37006639,37011928,NO,5289
chr9,137580672,137583265,NO,2593
chr17,4845355,4846957,NO,1602
chr7,116269121,116273749,NO,4628
chr8,19173326,19177208,NO,3882
chr2,111498031,111499776,NO,1745
chr3,14513815,14515198,NO,1383
chr11,86303489,86304633,NO,1144
chr10,592119,593828,NO,1709
chr20,9324376,9325336,NO,960
chr6,168240125,168251947,NO,11822
chr5,74862025,74863944,NO,1919
chr6,80779732,80780493,NO,761
chr17,29378770,29380012,NO,1242
chr10,21386955,21389687,NO,2732
chr1,91358849,91359672,NO,823
chr6,105806893,105808243,NO,1350
chr4,25554018,25562473,NO,8455
chr20,6716230,6717244,NO,1014
chr2,28671356,28672385,NO,1029
chr11,65318336,65320568,NO,2232
chr3,55519215,55519976,NO,761
chr21,27339837,27343358,NO,3521
chr5,168122959,168124640,NO,1681
chr1,168090416,168091717,NO,1301
chr3,122486504,122487584,NO,1080
chr2,111704145,111705896,NO,1751
chr17,1649850,1651016,NO,1166
chr7,102801774,102804097,NO,2323
chr4,108721010,108723160,NO,2150
chr6,43214038,43215557,NO,1519
chr10,1120008,1121139,NO,1131
chr17,76137504,76138910,NO,1406
chr13,31421584,31422789,NO,1205
chr8,18835834,18836810,NO,976
chr5,127606849,127607982,NO,1133
chr11,64098828,64100178,NO,1350
chr19,8389029,8390330,NO,1301
chr5,34532002,34534221,NO,2219
chr9,128651239,128652619,NO,1380
chr12,110265573,110266853,NO,1280
chr1,10126135,10127091,NO,956
chr10,111726781,111741968,NO,15187
chr1,35971670,35973481,NO,1811
chr6,27720574,27721270,NO,696
chr7,104562062,104564185,NO,2123
chr1,203322365,203324467,NO,2102
chr13,43842810,43843839,NO,1029
chr17,27087546,27089171,NO,1625
chr18,7414135,7415487,NO,1352
chr6,137289868,137291456,NO,1588
chr16,3059527,3060620,NO,1093
chr20,23186149,23187334,NO,1185
chr2,74432630,74433973,NO,1343
chr18,55843909,55854701,NO,10792
chr17,80627357,80628530,NO,1173
chr19,49164008,49165009,NO,1001
chr1,110626332,110627850,NO,1518
chr16,19842304,19853080,NO,10776
chrX,139805349,139807505,NO,2156
chr15,64889141,64890138,NO,997
chr5,15576688,15577683,NO,995
chr21,17748954,17750144,NO,1190
chr5,172119960,172120929,NO,969
chr5,14491014,14493196,NO,2182
chr15,63728413,63729786,NO,1373
chr10,46121407,46123608,NO,2201
chr9,91429452,91430298,NO,846
chr7,48031019,48032078,NO,1059
chr2,170571542,170573965,NO,2423
chr22,37805031,37807380,NO,2349
chr7,30736624,30738577,NO,1953
chr5,14760516,14761702,NO,1186
chr16,10831991,10832814,NO,823
chr13,108918738,108919619,NO,881
chr2,205889610,205890813,NO,1203
chr11,109816810,109817880,NO,1070
chr1,100046052,100057121,NO,11069
chr20,43996030,43997670,NO,1640
chr6,161371141,161373170,NO,2029
chr3,72204023,72205400,NO,1377
chr3,159386603,159387907,NO,1304
chr19,16253921,16255288,NO,1367
chr8,102647346,102648814,NO,1468
chr18,32175601,32176552,NO,951
chr15,48883964,48895780,NO,11816
chr5,146825411,146826736,NO,1325
chr11,11169197,11171049,NO,1852
chr4,47705565,47707216,NO,1651
chr8,58908893,58910709,NO,1816
chr15,40803129,40804503,NO,1374
chr1,179783414,179785777,NO,2363
chr13,50432105,50434175,NO,2070
chr19,17960915,17961764,NO,849
chr2,62683774,62684908,NO,1134
chrX,49032859,49034399,NO,1540
chr3,149864716,149866318,NO,1602
chr3,40001241,40003423,NO,2182
chr19,54750949,54752690,NO,1741
chr8,17177917,17179159,NO,1242
chr12,92757114,92758008,NO,894
chr7,117312985,117314049,NO,1064
chr2,130959788,130961242,NO,1454
chr4,1358355,1359534,NO,1179
chrX,152252474,152253464,NO,990
chrX,152438846,152439836,NO,990
chr10,104238465,104240248,NO,1783
chr1,9045594,9047122,NO,1528
chr6,13097763,13099069,NO,1306
chr14,38778600,38779708,NO,1108
chr5,55710295,55711465,NO,1170
chr5,73091767,73092683,NO,916
chr7,53254721,53255349,NO,628
chr12,54697469,54701599,NO,4130
chr7,144539152,144540021,NO,869
chr2,198010018,198018050,NO,8032
chr11,6597924,6598762,NO,838
chr17,2951814,2952988,NO,1174
chr10,90984256,90985275,NO,1019
chr11,19934767,19941641,NO,6874
chr12,102170459,102172161,NO,1702
chr4,14878566,14879962,NO,1396
chr2,220574200,220574849,NO,649
chr1,36824995,36826131,NO,1136
chr3,178101904,178103079,NO,1175
chr4,141967749,141968655,NO,906
chr20,4836676,4851028,NO,14352
chr10,77887868,77889435,NO,1567
chr19,47713497,47714585,NO,1088
chr18,76301878,76303631,NO,1753
chr12,70049126,70051955,NO,2829
chr4,40787776,40788323,NO,547
chr4,77560372,77562209,NO,1837
chr9,22102940,22104546,NO,1606
chr18,32286994,32288285,NO,1291
chr12,113477783,113479181,NO,1398
chr10,114571374,114573091,NO,1717
chr3,123518275,123519669,NO,1394
chr4,40814231,40814842,NO,611
chr9,140522856,140527766,NO,4910
chr16,54375878,54377045,NO,1167
chr1,171685938,171687182,NO,1244
chr12,52764609,52765938,NO,1329
chr6,33599927,33601524,NO,1597
chr7,129563518,129565792,NO,2274
chr17,43396024,43397212,NO,1188
chr20,30398715,30400476,NO,1761
chr10,124180142,124182170,NO,2028
chr17,41025841,41026890,NO,1049
chr12,45800765,45802887,NO,2122
chr2,192301381,192306796,NO,5415
chr11,11523225,11524780,NO,1555
chr19,8420086,8421495,NO,1409
chr2,64835959,64837359,NO,1400
chr3,47435438,47437413,NO,1975
chr12,45730888,45733001,NO,2113
chr12,69283292,69284770,NO,1478
chr22,33751094,33751896,NO,802
chr22,17620636,17622261,NO,1625
chr8,74331565,74333036,NO,1471
chr17,2843001,2844377,NO,1376
chr1,150504659,150505987,NO,1328
chrX,24497357,24498887,NO,1530
chr22,29759532,29760494,NO,962
chr17,43175590,43177471,NO,1881
chr16,25093499,25099723,NO,6224
chr6,164569973,164573218,NO,3245
chr4,151643695,151645141,NO,1446
chr18,8176356,8178138,NO,1782
chr16,56974927,56979663,NO,4736
chr17,72775284,72777115,NO,1831
chr13,113698732,113700674,NO,1942
chr5,142693333,142695983,NO,2650
chr6,151134290,151135354,NO,1064
chr12,43090067,43100147,NO,10080
chr3,45010274,45012074,NO,1800
chr20,32281116,32283012,NO,1896
chr20,6054581,6056850,NO,2269
chr20,33025105,33026058,NO,953
chr9,2093099,2094902,NO,1803
chr1,231913560,231917996,NO,4436
chr8,144772799,144773993,NO,1194
chr4,129783685,129784801,NO,1116
chr9,133655494,133670688,NO,15194
chr8,145222387,145224250,NO,1863
chr18,6254925,6255698,NO,773
chr10,98035328,98047690,NO,12362
chr15,78394903,78397305,NO,2402
chr5,168713731,168724229,NO,10498
chr5,172170472,172171903,NO,1431
chr9,35996229,35997213,NO,984
chr8,95874574,95875739,NO,1165
chr2,218578405,218579658,NO,1253
chr1,33520548,33521681,NO,1133
chr4,185188806,185189673,NO,867
chr11,63999012,64000589,NO,1577
chr6,111434501,111444327,NO,9826
chr9,130627165,130628780,NO,1615
chr7,127671840,127673014,NO,1174
chr17,56420844,56422587,NO,1743
chr21,41047375,41048754,NO,1379
chr17,54188044,54188844,NO,800
chr18,72168211,72169082,NO,871
chr5,148329396,148330361,NO,965
chr10,76961678,76963291,NO,1613
chr8,80872105,80876374,NO,4269
chrX,73642234,73643232,NO,998
chr1,239549581,239551566,NO,1985
chr16,81807908,81809338,NO,1430
chr5,138439669,138442039,NO,2370
chr5,54129119,54131030,NO,1911
chr3,132167029,132168454,NO,1425
chr3,149615753,149616617,NO,864
chr8,125052863,125054408,NO,1545
chr3,12503328,12504715,NO,1387
chr9,129482084,129485480,NO,3396
chr6,130341179,130342163,NO,984
chr22,31709307,31710117,NO,810
chr20,42527891,42530358,NO,2467
chr17,17301497,17303165,NO,1668
chr8,39896670,39898643,NO,1973
chr17,78900434,78902040,NO,1606
chr2,201652050,201653393,NO,1343
chr17,38863721,38865151,NO,1430
chr10,76829835,76831299,NO,1464
chrX,8694354,8697426,NO,3072
chr13,78470704,78471899,NO,1195
chr12,122216432,122218032,NO,1600
chr18,66388892,66389871,NO,979
chr8,75210245,75211577,NO,1332
chr3,184039183,184040621,NO,1438
chr3,185481982,185483618,NO,1636
chr18,46578797,46599342,NO,20545
chr7,64712066,64713122,NO,1056
chr6,33552849,33554938,NO,2089
chr11,11448440,11450232,NO,1792
chr1,165810983,165812434,NO,1451
chr7,31013541,31014763,NO,1222
chr6,146592340,146596684,NO,4344
chr17,43120016,43121807,NO,1791
chr14,60864350,60865126,NO,776
chr9,112507098,112508813,NO,1715
chr10,124253860,124258983,NO,5123
chr21,28942176,28943125,NO,949
chr6,170626357,170627856,NO,1499
chr13,99965410,99967823,NO,2413
chr10,104251992,104253338,NO,1346
chr1,64940242,64942148,NO,1906
chr8,22402381,22403540,NO,1159
chr1,36845497,36847260,NO,1763
chr13,33630861,33632058,NO,1197
chr4,152640030,152641596,NO,1566
chr7,100164721,100166766,NO,2045
chr19,40924911,40926208,NO,1297
chr2,121493469,121494679,NO,1210
chr1,33077383,33078664,NO,1281
chr16,3640639,3642487,NO,1848
chr4,187025670,187027192,NO,1522
chr5,180327270,180328204,NO,934
chr11,111504645,111506797,NO,2152
chr6,55733657,55735154,NO,1497
chr16,49991915,49995154,NO,3239
chr2,7067218,7081365,NO,14147
chr16,667756,668504,NO,748
chr16,87574359,87575388,NO,1029
chr12,24687476,24689462,NO,1986
chr22,38877134,38882480,NO,5346
chr18,51281798,51283199,NO,1401
chr7,46212815,46214028,NO,1213
chr6,53146587,53147576,NO,989
chr4,103932305,103933279,NO,974
chr1,43880706,43882522,NO,1816
chr6,164185593,164198611,NO,13018
chr20,32445354,32448055,NO,2701
chr14,51326000,51327275,NO,1275
chr2,223858517,223859481,NO,964
chr13,77338604,77339592,NO,988
chr2,132255525,132257060,NO,1535
chr1,61767282,61768006,NO,724
chr3,192424073,192425369,NO,1296
chr1,210770391,210771812,NO,1421
chrX,130926273,130927472,NO,1199
chr1,236276433,236277502,NO,1069
chr11,46450592,46451188,NO,596
chrX,122898737,122899653,NO,916
chrX,118174740,118175654,NO,914
chr1,52048796,52050197,NO,1401
chr12,115941549,115943275,NO,1726
chr16,20598343,20600287,NO,1944
chr15,63306907,63308490,NO,1583
chr6,167104462,167105773,NO,1311
chr3,8564874,8566487,NO,1613
chrX,134516044,134517658,NO,1614
chr12,1582734,1584282,NO,1548
chr18,68001016,68001882,NO,866
chr2,38143425,38144616,NO,1191
chr1,177243610,177244800,NO,1190
chr9,97772473,97773337,NO,864
chr3,169227383,169228705,NO,1322
chr1,23551170,23552274,NO,1104
chr17,80091652,80092775,NO,1123
chr17,56137400,56138789,NO,1389
chrX,19734423,19744512,NO,10089
chr8,22403668,22404813,NO,1145
chr3,185927303,185936139,NO,8836
chr1,157938031,157939557,NO,1526
chr2,162948749,162950269,NO,1520
chr11,33284300,33285429,NO,1129
chr19,47746593,47747783,NO,1190
chr4,186886305,186887646,NO,1341
chr13,32858854,32859742,NO,888
chr14,101586680,101588165,NO,1485
chr15,60419671,60420564,NO,893
chr3,59639456,59664233,NO,24777
chr5,126220108,126221000,NO,892
chr14,102745589,102746990,NO,1401
chr18,48141206,48142566,NO,1360
chr9,18849930,18850703,NO,773
chr5,138708895,138709944,NO,1049
chr3,130935269,130936665,NO,1396
chr5,73552825,73553907,NO,1082
chr8,95448544,95459249,NO,10705
chr14,23853354,23854190,NO,836
chr17,8287694,8289104,NO,1410
chr5,34717478,34718435,NO,957
chr7,51208167,51210074,NO,1907
chr7,106125021,106126440,NO,1419
chr17,1515378,1516700,NO,1322
chr7,120709029,120710145,NO,1116
chr14,53311178,53312311,NO,1133
chr18,42496805,42498181,NO,1376
chr11,69813271,69815157,NO,1886
chr19,33118483,33119711,NO,1228
chr7,36241616,36243188,NO,1572
chr6,64515563,64516871,NO,1308
chr15,89525480,89526762,NO,1282
chr7,115858010,115871309,NO,13299
chr3,187878416,187879674,NO,1258
chrX,100793923,100794561,NO,638
chr9,111729979,111734873,NO,4894
chr14,53477298,53478629,NO,1331
chr19,41426631,41428372,NO,1741
chr1,108479100,108480086,NO,986
chr7,75778863,75779780,NO,917
chr12,92453179,92454231,NO,1052
chr2,113568786,113569728,NO,942
chr10,27547523,27548784,NO,1261
chr10,62422742,62423423,NO,681
chr8,141679644,141684038,NO,4394
chr14,102836554,102837986,NO,1432
chr8,48473655,48486567,NO,12912
chr4,160318768,160320343,NO,1575
chr20,4700528,4707884,NO,7356
chr5,71268972,71270210,NO,1238
chr3,105624990,105626202,NO,1212
chr12,104571331,104572473,NO,1142
chr18,42406131,42407159,NO,1028
chr11,74128609,74129557,NO,948
chr2,127476424,127478447,NO,2023
chr7,75639553,75641634,NO,2081
chr9,34185095,34186342,NO,1247
chr6,159031530,159033512,NO,1982
chr12,57463221,57463941,NO,720
chr1,27714785,27715710,NO,925
chr3,153002859,153003651,NO,792
chr20,34494493,34495589,NO,1096
chr6,105774601,105775977,NO,1376
chr13,46963586,46964806,NO,1220
chr21,34639940,34641912,NO,1972
chr19,13054078,13055836,NO,1758
chr22,21239371,21240661,NO,1290
chr15,63049692,63051586,NO,1894
chrX,13781648,13783171,NO,1523
chr12,110661729,110662996,NO,1267
chr13,23001930,23003157,NO,1227
chr6,150531989,150533840,NO,1851
chr17,39662910,39664194,NO,1284
chr6,121841459,121844347,NO,2888
chr11,10718146,10719477,NO,1331
chr2,120451622,120453778,NO,2156
chr1,56756688,56770759,NO,14071
chr20,19829742,19831456,NO,1714
chr1,62335001,62336445,NO,1444
chr3,159449742,159450957,NO,1215
chr5,163342661,163343807,NO,1146
chr2,228052334,228054314,NO,1980
chr19,10385092,10386057,NO,965
chr2,122012149,122013074,NO,925
chr1,10105566,10107302,NO,1736
chr3,150256140,150256981,NO,841
chr7,47708559,47710117,NO,1558
chr22,19531242,19532658,NO,1416
chr8,17376105,17379622,NO,3517
chr15,88782006,88782946,NO,940
chr20,48467564,48468971,NO,1407
chr21,45857775,45859062,NO,1287
chr8,41890423,41891889,NO,1466
chr12,130612373,130613983,NO,1610
chr3,51891368,51891833,NO,465
chr16,46823324,46824448,NO,1124
chr7,116327696,116333756,NO,6060
chr8,96705054,96706248,NO,1194
chr5,90167689,90175109,NO,7420
chr1,22195770,22197599,NO,1829
chr10,31322976,31325663,NO,2687
chr5,98368304,98369795,NO,1491
chr19,29354433,29355888,NO,1455
chr2,161725098,161726110,NO,1012
chr2,20000567,20002627,NO,2060
chr5,148811691,148812961,NO,1270
chr2,20577755,20579560,NO,1805
chr20,11139221,11140771,NO,1550
chr8,81805545,81806719,NO,1174
chr5,126376437,126377578,NO,1141
chr1,165508795,165509947,NO,1152
chr15,92237201,92250159,NO,12958
chr13,29393988,29395051,NO,1063
chr15,41852629,41855067,NO,2438
chr6,47382104,47383212,NO,1108
chr2,86546633,86547534,NO,901
chr6,53394478,53397719,NO,3241
chr15,49267847,49269205,NO,1358
chr15,77891466,77892720,NO,1254
chr1,31989121,31990956,NO,1835
chr11,108518004,108519288,NO,1284
chr2,204225193,204226346,NO,1153
chr20,31020812,31021815,NO,1003
chr4,140808404,140809870,NO,1466
chr13,99542428,99546524,NO,4096
chr17,1653744,1654738,NO,994
chr3,124277815,124278937,NO,1122
chr6,46158511,46159356,NO,845
chr4,148024385,148025089,NO,704
chr3,152855886,152857620,NO,1734
chr12,110608140,110609556,NO,1416
chr16,89738550,89739639,NO,1089
chr12,47770654,47772431,NO,1777
chr12,95729526,95730600,NO,1074
chr9,124291191,124292650,NO,1459
chr16,22008390,22009733,NO,1343
chr8,131684492,131685755,NO,1263
chr10,43624178,43625355,NO,1177
chr16,20685918,20687779,NO,1861
chr3,177196382,177197350,NO,968
chr7,25226947,25228168,NO,1221
chr9,127004615,127005725,NO,1110
chr1,244301034,244302218,NO,1184
chr2,242822936,242824869,NO,1933
chr5,53843363,53844673,NO,1310
chr4,185017639,185025975,NO,8336
chr9,139228822,139231694,NO,2872
chr6,105612037,105613279,NO,1242
chr8,145056568,145057839,NO,1271
chr11,117979416,117980804,NO,1388
chr22,42176722,42178122,NO,1400
chr11,123007944,123016954,NO,9010
chr1,207414576,207415330,NO,754
chr1,207174535,207175862,NO,1327
chr2,231321716,231322412,NO,696
chr4,4576334,4577820,NO,1486
chr17,43386224,43387512,NO,1288
chr3,196006065,196007435,NO,1370
chr7,132157221,132158274,NO,1053
chr19,20847546,20848706,NO,1160
chr1,100824628,100827629,NO,3001
chr12,55808217,55809031,NO,814
chr1,150227878,150229320,NO,1442
chr6,138571302,138572263,NO,961
chr12,3720629,3721915,NO,1286
chr4,38212180,38213698,NO,1518
chr6,32404666,32406048,NO,1382
chr4,124620969,124622164,NO,1195
chr8,10191600,10192858,NO,1258
chr12,19343263,19345008,NO,1745
chr3,4459430,4463010,NO,3580
chr19,51897014,51898132,NO,1118
chr7,3905921,3906817,NO,896
chr3,30514505,30515905,NO,1400
chr16,19214657,19216196,NO,1539
chr7,44153273,44154957,NO,1684
chr17,7943967,7944766,NO,799
chr19,47867187,47874056,NO,6869
chr11,123414944,123416207,NO,1263
chr20,32496236,32497698,NO,1462
chr11,36521418,36522344,NO,926
chr2,120337305,120338709,NO,1404
chrX,118909543,118916869,NO,7326
chr18,55810069,55811144,NO,1075
chr1,100856985,100864069,NO,7084
chr8,98244075,98245423,NO,1348
chr10,75949961,75950916,NO,955
chr11,838365,839641,NO,1276
chr5,172184427,172186173,NO,1746
chr8,120994328,120995392,NO,1064
chr9,71692944,71694203,NO,1259
chr8,125763742,125764805,NO,1063
chr9,19492646,19493877,NO,1231
chr6,35229893,35231306,NO,1413
chr3,152314125,152315051,NO,926
chr3,134396151,134397397,NO,1246
chr7,45029577,45030770,NO,1193
chr1,185615159,185616112,NO,953
chr20,19387106,19388241,NO,1135
chr15,64134377,64135423,NO,1046
chr1,44052352,44054131,NO,1779
chr8,98445603,98447757,NO,2154
chr7,130070489,130071865,NO,1376
chr7,74460197,74470254,NO,10057
chr8,143440636,143442030,NO,1394
chr12,115534229,115542147,NO,7918
chr17,45927053,45928645,NO,1592
chr1,84326061,84326965,NO,904
chr17,48143399,48144825,NO,1426
chr9,130556190,130557446,NO,1256
chr6,38229414,38230476,NO,1062
chr1,40559714,40561352,NO,1638
chr7,132086990,132088539,NO,1549
chr20,24007337,24008560,NO,1223
chr7,98928437,98929159,NO,722
chr14,62330899,62331758,NO,859
chr7,35686636,35688432,NO,1796
chr5,123736863,123738277,NO,1414
chr13,29138280,29139211,NO,931
chr10,45466505,45467564,NO,1059
chr2,242241523,242243074,NO,1551
chr4,122632547,122633548,NO,1001
chr6,152084572,152085812,NO,1240
chr16,19606011,19607126,NO,1115
chr2,242002169,242004122,NO,1953
chr3,8581822,8583043,NO,1221
chr12,92987193,92988318,NO,1125
chr1,151740208,151741160,NO,952
chr19,22320550,22321201,NO,651
chr2,226895310,226896398,NO,1088
chr20,22775856,22776931,NO,1075
chr19,44405382,44406482,NO,1100
chr1,117532945,117534054,NO,1109
chr8,124683339,124684264,NO,925
chr16,78244975,78247025,NO,2050
chr5,67638705,67639976,NO,1271
chr6,157546095,157558272,NO,12177
chr14,74037716,74049474,NO,11758
chr2,19985480,19986624,NO,1144
chr3,172280026,172281223,NO,1197
chr15,70800425,70802551,NO,2126
chr5,179868609,179869596,NO,987
chr2,58478378,58479198,NO,820
chr6,137736186,137737038,NO,852
chr5,33362553,33364704,NO,2151
chr7,80512262,80513380,NO,1118
chr10,30013845,30014936,NO,1091
chr3,39469918,39475869,NO,5951
chr5,137229258,137230133,NO,875
chr11,12560309,12562046,NO,1737
chr3,13891835,13893257,NO,1422
chr3,148692892,148693983,NO,1091
chr12,48163707,48164993,NO,1286
chr8,134387042,134388718,NO,1676
chr17,68105624,68107232,NO,1608
chr22,17089376,17090733,NO,1357
chr5,31886175,31887843,NO,1668
chr1,62802697,62804037,NO,1340
chr6,37469823,37471315,NO,1492
chr7,86845935,86846970,NO,1035
chr1,167570295,167571633,NO,1338
chr14,93158358,93171271,NO,12913
chr11,859235,860648,NO,1413
chr7,151063144,151064117,NO,973
chr12,115389877,115391026,NO,1149
chr10,124228724,124234299,NO,5575
chr20,30621897,30628972,NO,7075
chr22,38646640,38648001,NO,1361
chr4,152701341,152702802,NO,1461
chr13,95511547,95513089,NO,1542
chr15,75416355,75417918,NO,1563
chr8,22440248,22441078,NO,830
chr2,1512906,1514615,NO,1709
chr1,156585644,156595176,NO,9532
chr1,26551144,26552501,NO,1357
chr7,65813960,65817600,NO,3640
chrX,37604911,37614508,NO,9597
chr19,45956886,45957650,NO,764
chr22,33935657,33937023,NO,1366
chr6,31798029,31799170,NO,1141
chr14,103603751,103605276,NO,1525
chr1,39916394,39918742,NO,2348
chr16,82335606,82336892,NO,1286
chr5,55470812,55472219,NO,1407
chr20,31820633,31821518,NO,885
chr16,56662365,56663664,NO,1299
chr10,23630352,23632030,NO,1678
chr4,190654372,190656631,NO,2259
chr13,111317621,111319010,NO,1389
chr9,130039618,130042797,NO,3179
chr3,29212288,29213572,NO,1284
chr7,80351358,80352510,NO,1152
chr3,111731621,111732677,NO,1056
chr3,135860496,135862141,NO,1645
chr2,231034367,231035582,NO,1215
chr2,239850524,239852119,NO,1595
chr1,6656706,6658275,NO,1569
chr5,716511,718171,NO,1660
chr1,144007598,144009099,NO,1501
chr1,182140234,182143875,NO,3641
chr19,16619953,16621708,NO,1755
chr10,104228075,104229307,NO,1232
chr19,1076832,1078177,NO,1345
chr1,7634131,7635961,NO,1830
chr16,78776086,78777357,NO,1271
chr21,45425386,45427097,NO,1711
chr9,116647668,116649170,NO,1502
chr9,92806092,92807585,NO,1493
chr1,183187100,183188496,NO,1396
chrX,47057508,47058977,NO,1469
chr10,33950362,33964460,NO,14098
chr9,4797857,4800075,NO,2218
chr18,21198700,21199828,NO,1128
chr6,41650237,41651672,NO,1435
chr6,5831392,5832480,NO,1088
chr6,42514786,42516183,NO,1397
chr17,38440234,38441219,NO,985
chr19,7959178,7960655,NO,1477
chr2,161979323,161980679,NO,1356
chr4,81122804,81124383,NO,1579
chr8,125434215,125435209,NO,994
chr5,15902593,15915298,NO,12705
chr12,121860924,121861766,NO,842
chr9,14434257,14436219,NO,1962
chr6,17830469,17832067,NO,1598
chr3,33578150,33579097,NO,947
chr19,38907652,38909425,NO,1773
chr6,33601617,33603096,NO,1479
chr5,72836405,72838619,NO,2214
chr21,27128549,27129194,NO,645
chr1,145444083,145445031,NO,948
chr17,60970248,60971555,NO,1307
chr12,2522503,2523960,NO,1457
chr22,45124347,45126553,NO,2206
chr5,95949758,95951530,NO,1772
chr5,172336324,172337559,NO,1235
chr5,71697863,71699463,NO,1600
chr5,123934710,123941541,NO,6831
chr2,19157533,19158491,NO,958
chr1,87691416,87692607,NO,1191
chr3,194047148,194049036,NO,1888
chr1,212923190,212926851,NO,3661
chr19,6752913,6754140,NO,1227
chr2,1775495,1777269,NO,1774
chr12,125533525,125534697,NO,1172
chr3,113810639,113811944,NO,1305
chr7,97958294,97959568,NO,1274
chr6,22447107,22449024,NO,1917
chr1,244777060,244778580,NO,1520
chr14,95946451,95948088,NO,1637
chr10,104912804,104913671,NO,867
chr10,76345176,76346256,NO,1080
chr1,7841367,7842920,NO,1553
chr22,24989768,24998642,NO,8874
chr6,150466699,150468201,NO,1502
chr6,34309042,34310130,NO,1088
chr18,77103608,77104967,NO,1359
chr1,229227957,229229335,NO,1378
chr1,27705541,27707915,NO,2374
chr19,55525711,55527010,NO,1299
chr19,40920262,40921489,NO,1227
chr1,231980677,231982211,NO,1534
chr8,19743647,19745413,NO,1766
chr16,17398677,17408006,NO,9329
chr1,163136894,163145446,NO,8552
chr19,37498188,37499321,NO,1133
chr3,53838429,53839938,NO,1509
chr6,19465251,19466150,NO,899
chr5,125337810,125338730,NO,920
chr4,184161607,184162632,NO,1025
chr16,65283473,65284460,NO,987
chr9,125093604,125095203,NO,1599
chr5,156527212,156534518,NO,7306
chr3,64276532,64277754,NO,1222
chr19,48044832,48053207,NO,8375
chr6,24360096,24360972,NO,876
chr20,56649166,56650334,NO,1168
chr12,76863759,76865440,NO,1681
chr19,57849456,57850845,NO,1389
chr12,81271650,81272654,NO,1004
chr5,126564431,126565679,NO,1248
chr1,206602567,206604328,NO,1761
chr1,172255475,172256428,NO,953
chr20,623010,624482,NO,1472
chrX,133851467,133853268,NO,1801
chr4,76621240,76623933,NO,2693
chr2,54349356,54350406,NO,1050
chr20,37678220,37679147,NO,927
chr8,10519543,10521196,NO,1653
chr10,81227098,81228431,NO,1333
chr15,102180871,102183060,NO,2189
chr8,23749364,23750913,NO,1549
chr1,32014656,32015831,NO,1175
chr1,24893361,24894794,NO,1433
chr5,156811220,156812799,NO,1579
chr17,74641042,74642221,NO,1179
chr16,15904755,15906167,NO,1412
chr6,158507572,158508802,NO,1230
chr20,62843620,62844889,NO,1269
chr10,116081766,116083003,NO,1237
chr3,47403675,47405202,NO,1527
chr1,21348648,21349631,NO,983
chr10,123283941,123285767,NO,1826
chr11,118018031,118019767,NO,1736
chr1,160544792,160546073,NO,1281
chr16,11153121,11154170,NO,1049
chr2,189650291,189651741,NO,1450
chr2,8143531,8144452,NO,921
chr17,1681513,1682489,NO,976
chr5,92413979,92415195,NO,1216
chr3,89163105,89164294,NO,1189
chr8,42575703,42576595,NO,892
chr2,232134587,232135938,NO,1351
chr1,110074944,110089978,NO,15034
chr19,18395352,18396155,NO,803
chr1,247124808,247126047,NO,1239
chr22,27972342,27974068,NO,1726
chr1,160864596,160876037,NO,11441
chr7,158822939,158824161,NO,1222
chr18,21523517,21524370,NO,853
chr8,62672028,62673335,NO,1307
chr3,64930778,64941407,NO,10629
chr9,128393857,128395841,NO,1984
chr17,62354765,62356456,NO,1691
chr3,12791708,12792971,NO,1263
chr20,33276757,33278039,NO,1282
chr8,59084954,59085762,NO,808
chr8,18814683,18815523,NO,840
chr10,127750491,127752021,NO,1530
chr9,13841171,13842524,NO,1353
chr2,39696523,39697534,NO,1011
chr5,172922753,172924052,NO,1299
chr9,32395374,32396904,NO,1530
chr11,126455241,126456540,NO,1299
chr2,8617526,8618864,NO,1338
chr6,152467665,152469492,NO,1827
chrX,152200450,152201849,NO,1399
chr21,44566483,44568761,NO,2278
chr5,73833404,73834437,NO,1033
chr9,35770533,35771597,NO,1064
chr17,66157370,66158823,NO,1453
chr12,13024627,13026180,NO,1553
chr1,160676862,160679031,NO,2169
chr10,134497893,134499885,NO,1992
chr9,140348670,140349808,NO,1138
chr14,58747736,58748643,NO,907
chr16,77245923,77247017,NO,1094
chr12,121937840,121938715,NO,875
chr2,42949247,42950605,NO,1358
chr12,133442619,133443548,NO,929
chr5,56790942,56798133,NO,7191
chr15,65869601,65872169,NO,2568
chr1,36843030,36844074,NO,1044
chr5,138396240,138397886,NO,1646
chr7,122442174,122443100,NO,926
chr2,197226242,197238071,NO,11829
chr1,229038539,229039833,NO,1294
chr2,17824167,17825346,NO,1179
chr5,40990280,40991499,NO,1219
chr2,97018736,97020240,NO,1504
chr1,23734669,23735743,NO,1074
chr5,139364931,139366160,NO,1229
chr7,65938566,65939768,NO,1202
chr20,9242969,9244220,NO,1251
chr1,90003449,90012347,NO,8898
chr21,37277015,37278210,NO,1195
chr18,13519893,13521292,NO,1399
chr18,60742123,60742798,NO,675
chr11,60809018,60809987,NO,969
chr5,71125897,71126997,NO,1100
chr9,97863152,97864718,NO,1566
chr17,40720285,40721426,NO,1141
chr17,77891932,77899789,NO,7857
chr13,22039587,22041160,NO,1573
chr14,27311365,27312011,NO,646
chr9,20990082,20991133,NO,1051
chr6,123936369,123937601,NO,1232
chr5,60745402,60747126,NO,1724
chr16,29796025,29796865,NO,840
chr10,37105406,37107247,NO,1841
chr17,56492538,56493582,NO,1044
chr14,24765356,24767090,NO,1734
chr9,99138999,99140426,NO,1427
chr5,172112597,172114372,NO,1775
chr1,117492880,117494048,NO,1168
chr12,120851404,120852363,NO,959
chr14,51891534,51892651,NO,1117
chr1,214400861,214402079,NO,1218
chr14,63740063,63741157,NO,1094
chr11,101311984,101313379,NO,1395
chr18,51675514,51676333,NO,819
chr1,11296899,11298162,NO,1263
chr10,4305605,4306868,NO,1263
chr20,39903886,39909043,NO,5157
chr20,3960804,3961866,NO,1062
chr3,196149758,196150725,NO,967
chr17,28534479,28535526,NO,1047
chr2,161766108,161777686,NO,11578
chr10,62569793,62570749,NO,956
chr1,6674961,6676246,NO,1285
chr22,28385989,28387507,NO,1518
chr5,166389114,166390394,NO,1280
chr10,36813049,36813434,NO,385
chr10,16482431,16483216,NO,785
chr11,27535627,27536539,NO,912
chr4,124814096,124815025,NO,929
chr6,6331028,6332576,NO,1548
chr1,59832858,59834436,NO,1578
chr1,181031179,181032294,NO,1115
chr8,95999918,96003237,NO,3319
chr11,34213832,34215306,NO,1474
chr5,172273184,172274468,NO,1284
chr2,134344033,134348957,NO,4924
chr21,36444735,36445776,NO,1041
chr22,43481567,43483192,NO,1625
chr21,32781588,32783067,NO,1479
chr19,42779191,42781500,NO,2309
chr2,169943296,169944962,NO,1666
chr7,74776160,74785963,NO,9803
chr4,1219153,1220940,NO,1787
chr14,21316564,21317677,NO,1113
chr17,26110235,26111323,NO,1088
chr2,222365289,222366627,NO,1338
chr12,54017250,54018347,NO,1097
chr18,34390740,34393665,NO,2925
chr8,98937787,98939069,NO,1282
chr9,87476592,87478167,NO,1575
chr1,68111560,68113356,NO,1796
chr9,130522208,130523292,NO,1084
chr2,72107594,72111437,NO,3843
chr17,58169459,58170259,NO,800
chr1,7350907,7352157,NO,1250
chr10,4813078,4814386,NO,1308
chr5,112538378,112539537,NO,1159
chr3,185047879,185048995,NO,1116
chr22,40503738,40507767,NO,4029
chr5,100163839,100165083,NO,1244
chr8,37455651,37457395,NO,1744
chr16,66281456,66282834,NO,1378
chr16,80933416,80935090,NO,1674
chr1,10554689,10556531,NO,1842
chr2,220385932,220387832,NO,1900
chr17,30169741,30171104,NO,1363
chrX,1581353,1582517,NO,1164
chr18,43966662,43968090,NO,1428
chr19,42495333,42496828,NO,1495
chr2,28324815,28325830,NO,1015
chr10,78534227,78535786,NO,1559
chr1,11730810,11732418,NO,1608
chr22,38811041,38812216,NO,1175
chr17,41471297,41472090,NO,793
chr1,220426463,220427323,NO,860
chr18,7921908,7923524,NO,1616
chr6,5458079,5458967,NO,888
chr6,44457364,44458793,NO,1429
chr6,105962132,105963496,NO,1364
chr11,130033279,130034146,NO,867
chr12,6477522,6478727,NO,1205
chr12,104404082,104405203,NO,1121
chr9,126044349,126045643,NO,1294
chr10,30443790,30445049,NO,1259
chr12,68166069,68167234,NO,1165
chr7,15878832,15879797,NO,965
chr8,122796661,122797396,NO,735
chr1,237006991,237008340,NO,1349
chr4,164479178,164480200,NO,1022
chr17,80296538,80297795,NO,1257
chr17,57069683,57079315,NO,9632
chr11,36170902,36172077,NO,1175
chr21,28794491,28802209,NO,7718
chr17,76147423,76148272,NO,849
chr18,53866764,53867972,NO,1208
chr17,46643398,46645278,NO,1880
chr14,103095796,103097564,NO,1768
chr9,125156261,125157621,NO,1360
chr14,23890864,23891852,NO,988
chr4,73177673,73178599,NO,926
chr16,87160563,87161811,NO,1248
chrX,39595043,39596226,NO,1183
chr16,68065954,68072380,NO,6426
chr16,22696698,22706781,NO,10083
chr5,41334283,41335517,NO,1234
chr1,161178636,161179991,NO,1355
chr6,41884958,41885840,NO,882
chr9,139694154,139695899,NO,1745
chr16,27731710,27733086,NO,1376
chr19,55598424,55600166,NO,1742
chr9,85860916,85861785,NO,869
chr21,47675704,47677120,NO,1416
chr1,7209175,7210550,NO,1375
chr2,227341817,227343521,NO,1704
chr7,94250198,94251010,NO,812
chr11,120224420,120234920,NO,10500
chr10,86898491,86908071,NO,9580
chr7,32540411,32541585,NO,1174
chr20,4277713,4278838,NO,1125
chr2,28751205,28751997,NO,792
chrX,19884975,19886557,NO,1582
chr14,56172044,56173626,NO,1582
chr14,60619133,60628903,NO,9770
chr11,61255911,61258008,NO,2097
chr19,13974336,13975978,NO,1642
chr12,56548525,56549343,NO,818
chr12,52548686,52550415,NO,1729
chr22,45831007,45832055,NO,1048
chr11,14103029,14104473,NO,1444
chr1,81943628,81944555,NO,927
chr8,131539946,131541457,NO,1511
chr12,132221096,132222031,NO,935
chr8,86868125,86869105,NO,980
chrX,18851081,18851938,NO,857
chr1,246696810,246698365,NO,1555
chr11,1357039,1357965,NO,926
chr8,129567072,129567986,NO,914
chr20,11197443,11210944,NO,13501
chr2,191442812,191443963,NO,1151
chr13,45780676,45781418,NO,742
chr1,243893474,243894672,NO,1198
chr3,71706916,71708257,NO,1341
chr7,155411267,155412426,NO,1159
chr2,97635480,97636577,NO,1097
chr20,46067495,46068305,NO,810
chr10,98780135,98781357,NO,1222
chr5,68006037,68007574,NO,1537
chr9,3905864,3907421,NO,1557
chr1,39783667,39794632,NO,10965
chr17,47693854,47694736,NO,882
chr10,28031033,28032557,NO,1524
chr13,80232556,80233639,NO,1083
chr14,55799458,55801313,NO,1855
chr22,18188458,18189734,NO,1276
chr10,104870678,104871847,NO,1169
chr3,8562230,8563240,NO,1010
chr16,30770152,30771306,NO,1154
chr6,140160572,140168031,NO,7459
chrX,153589702,153591497,NO,1795
chr18,42261599,42263328,NO,1729
chr3,138616792,138617782,NO,990
chr16,79102763,79104882,NO,2119
chr21,27496913,27497813,NO,900
chr11,70994898,71011163,NO,16265
chr4,780051,781492,NO,1441
chr12,91775021,91775803,NO,782
chr13,100084182,100085645,NO,1463
chr6,113990539,113994436,NO,3897
chr17,15287377,15288341,NO,964
chr17,60751318,60753475,NO,2157
chr7,36776398,36777112,NO,714
chr2,171829752,171830802,NO,1050
chr21,45392396,45393576,NO,1180
chr17,76587980,76589164,NO,1184
chr3,66167474,66168582,NO,1108
chr14,56246574,56247888,NO,1314
chr1,3593131,3594370,NO,1239
chr4,154036167,154037463,NO,1296
chr1,243476687,243480200,NO,3513
chr14,51288485,51289562,NO,1077
chr13,21287922,21289497,NO,1575
chr10,99345875,99347254,NO,1379
chr12,69400718,69401797,NO,1079
chr19,54007818,54009087,NO,1269
chr7,47885726,47886620,NO,894
chr17,70680055,70680991,NO,936
chr17,1475252,1476355,NO,1103
chr3,49876820,49878742,NO,1922
chr6,143995518,143996881,NO,1363
chr17,7892955,7894049,NO,1094
chrX,134137751,134138843,NO,1092
chr11,110018984,110020205,NO,1221
chr9,92079038,92080287,NO,1249
chr18,72992489,72993819,NO,1330
chr6,164490083,164490764,NO,681
chr1,9689038,9690719,NO,1681
chr11,106698428,106698820,NO,392
chr2,12927891,12929211,NO,1320
chr20,20760916,20762290,NO,1374
chr4,87881783,87882936,NO,1153
chr16,4932559,4943566,NO,11007
chr1,793498,794531,NO,1033
chr15,76214302,76215486,NO,1184
chr8,32785271,32786096,NO,825
chr1,209845863,209847123,NO,1260
chr11,84319293,84320281,NO,988
chr4,184642426,184644423,NO,1997
chr6,32817599,32819616,NO,2017
chr8,134911061,134912205,NO,1144
chr21,40105979,40106770,NO,791
chr20,5762271,5763345,NO,1074
chr12,53880261,53882002,NO,1741
chr12,115200051,115201060,NO,1009
chr6,106550838,106552048,NO,1210
chr5,66139119,66140190,NO,1071
chr20,42017212,42018200,NO,988
chr3,15794437,15795314,NO,877
chr16,14512471,14514245,NO,1774
chr7,131342157,131343151,NO,994
chr3,40965058,40966528,NO,1470
chr21,30568514,30580875,NO,12361
chr11,67786399,67789344,NO,2945
chr4,39038898,39044609,NO,5711
chr10,64322636,64323655,NO,1019
chr2,204676194,204677526,NO,1332
chr13,24297975,24300425,NO,2450
chr4,1170793,1172076,NO,1283
chr21,36398817,36399836,NO,1019
chr15,100774451,100775917,NO,1466
chr3,45757551,45758956,NO,1405
chr5,136984571,136985521,NO,950
chr6,91319933,91321434,NO,1501
chr1,48959458,48960810,NO,1352
chr2,28386318,28387516,NO,1198
chr10,440046,441068,NO,1022
chr1,44758666,44760397,NO,1731
chrX,19765497,19766695,NO,1198
chr4,14843085,14844117,NO,1032
chr22,29492513,29493541,NO,1028
chr3,114099310,114100122,NO,812
chr5,154474211,154474984,NO,773
chr4,186846795,186847719,NO,924
chr8,108763439,108764313,NO,874
chr3,101095920,101096502,NO,582
chr16,88747369,88748963,NO,1594
chr14,22024802,22025983,NO,1181
chr12,45594425,45595211,NO,786
chr11,94546388,94548025,NO,1637
chr14,85997367,85998582,NO,1215
chr17,39652861,39654672,NO,1811
chr1,74828521,74829633,NO,1112
chr18,72248113,72249406,NO,1293
chr2,168148739,168150040,NO,1301
chr1,230942581,230943507,NO,926
chr7,151833347,151834594,NO,1247
chr17,499510,500798,NO,1288
chr7,510975,512544,NO,1569
chr9,137383508,137384919,NO,1411
chr6,160522214,160523727,NO,1513
chr7,55322131,55323563,NO,1432
chr10,86253557,86254768,NO,1211
chr20,8628256,8629250,NO,994
chr15,52273576,52274821,NO,1245
chr4,74088232,74088981,NO,749
chr1,100678529,100684005,NO,5476
chr19,31806927,31808473,NO,1546
chr19,1176993,1178291,NO,1298
chr14,56471456,56472569,NO,1113
chr10,100171637,100172756,NO,1119
chr7,140355728,140357128,NO,1400
chr12,105134052,105135295,NO,1243
chr10,72412498,72413834,NO,1336
chr3,16285009,16286802,NO,1793
chr6,1110875,1111717,NO,842
chr2,236466168,236467639,NO,1471
chr8,56597350,56598364,NO,1014
chr3,4744094,4745458,NO,1364
chr17,9273575,9274715,NO,1140
chr1,153619156,153620273,NO,1117
chr5,14112885,14119356,NO,6471
chr2,64538942,64540224,NO,1282
chr19,3989676,3990435,NO,759
chr17,21729625,21730724,NO,1099
chr5,55965178,55966379,NO,1201
chr8,29172263,29173503,NO,1240
chr20,30220349,30221878,NO,1529
chr8,29316556,29317508,NO,952
chr12,95778921,95779826,NO,905
chr1,213097776,213102558,NO,4782
chr2,219647997,219649013,NO,1016
chr7,142997095,143010284,NO,13189
chr21,30502718,30503554,NO,836
chr17,5429632,5431058,NO,1426
chr1,68083925,68085311,NO,1386
chr18,46925343,46926904,NO,1561
chr14,103261437,103267007,NO,5570
chr8,22049564,22050706,NO,1142
chr6,34833606,34835562,NO,1956
chr1,204332083,204333410,NO,1327
chr3,128564548,128566012,NO,1464
chr4,6734034,6735265,NO,1231
chr3,112097910,112110987,NO,13077
chr1,42002956,42004309,NO,1353
chr2,159523254,159524810,NO,1556
chr3,182896591,182897943,NO,1352
chr9,111240424,111241522,NO,1098
chr5,43396813,43397598,NO,785
chr22,50980840,50981614,NO,774
chr5,147526082,147527149,NO,1067
chr18,5555610,5557308,NO,1698
chr16,48306406,48307350,NO,944
chrX,18169316,18170463,NO,1147
chr2,228718202,228729248,NO,11046
chr5,66943779,66944554,NO,775
chr6,109670790,109671690,NO,900
chr6,72261044,72261949,NO,905
chr17,73100771,73102053,NO,1282
chr8,18546228,18547232,NO,1004
chr17,55887742,55888719,NO,977
chr10,22971413,22973124,NO,1711
chr3,39296563,39297848,NO,1285
chr12,114287514,114289058,NO,1544
chr3,64224200,64225487,NO,1287
chr7,79775050,79780719,NO,5669
chr11,749484,763189,NO,13705
chr10,69847285,69848283,NO,998
chr1,165412395,165413519,NO,1124
chr7,22416972,22418203,NO,1231
chr2,70362695,70363538,NO,843
chr14,81407365,81408886,NO,1521
chr10,122872198,122873116,NO,918
chr1,154915941,154917252,NO,1311
chr5,125379221,125380297,NO,1076
chr1,210395845,210397065,NO,1220
chr22,42092577,42094017,NO,1440
chr1,154913998,154915649,NO,1651
chr16,4667679,4669545,NO,1866
chr15,76488924,76489841,NO,917
chr12,76208497,76209999,NO,1502
chr3,64653651,64654964,NO,1313
chr19,41840273,41841094,NO,821
chr10,6389332,6390886,NO,1554
chr3,137844336,137845187,NO,851
chr13,52755606,52762053,NO,6447
chr11,90015651,90016162,NO,511
chr1,19938861,19940253,NO,1392
chr16,57972245,57974068,NO,1823
chr1,212661283,212662819,NO,1536
chr16,11421596,11423117,NO,1521
chr12,6469236,6470194,NO,958
chr5,180689376,180690206,NO,830
chr5,56612388,56613570,NO,1182
chr19,54352226,54353105,NO,879
chr11,45820007,45821103,NO,1096
chr13,40689297,40690500,NO,1203
chr13,60105374,60106170,NO,796
chr1,246022563,246023855,NO,1292
chr9,90407725,90408968,NO,1243
chr11,86399211,86400363,NO,1152
chr1,43747863,43749271,NO,1408
chr12,27900533,27901388,NO,855
chr1,168876683,168890848,NO,14165
chr12,71084673,71085751,NO,1078
chr12,96148901,96149903,NO,1002
chr10,32097293,32097877,NO,584
chr18,42903507,42908571,NO,5064
chr4,184751427,184752570,NO,1143
chr6,122329055,122329860,NO,805
chr3,187906842,187907946,NO,1104
chr8,17118968,17119843,NO,875
chr4,85167351,85168869,NO,1518
chr1,14119048,14119992,NO,944
chr12,32119211,32120227,NO,1016
chr9,75768520,75769462,NO,942
chr2,192365433,192366430,NO,997
chr1,2173017,2174173,NO,1156
chr3,105601099,105602058,NO,959
chr2,70345854,70346741,NO,887
chrX,71238582,71240727,NO,2145
chr19,11532433,11533789,NO,1356
chr12,98520194,98521594,NO,1400
chr21,45077235,45078403,NO,1168
chr9,16824349,16829342,NO,4993
chr15,64813211,64814473,NO,1262
chr4,42673678,42675458,NO,1780
chr9,94579213,94588061,NO,8848
chr16,3035294,3036456,NO,1162
chr1,112981180,112982064,NO,884
chr1,43139781,43140720,NO,939
chr11,32124583,32125894,NO,1311
chr9,134210109,134210965,NO,856
chr7,44437792,44439059,NO,1267
chr16,49697226,49698625,NO,1399
chr1,226460349,226461120,NO,771
chr8,121596779,121597880,NO,1101
chr7,112124487,112125595,NO,1108
chr1,152161091,152162038,NO,947
chr10,5734286,5735428,NO,1142
chr17,42152484,42154070,NO,1586
chr3,40731997,40733334,NO,1337
chr17,14640989,14642361,NO,1372
chr4,1521864,1522483,NO,619
chr8,42188399,42189436,NO,1037
chr18,8729830,8731061,NO,1231
chr17,74490740,74492464,NO,1724
chr2,67893182,67894119,NO,937
chr13,27926819,27927937,NO,1118
chr7,33781897,33783173,NO,1276
chr16,87018063,87019751,NO,1688
chr3,155109241,155110140,NO,899
chr14,23568308,23569407,NO,1099
chr20,60638303,60639811,NO,1508
chr11,93884878,93886172,NO,1294
chr11,19391494,19392750,NO,1256
chr5,82391086,82392444,NO,1358
chr1,209914976,209917000,NO,2024
chr7,6217842,6218838,NO,996
chr21,27257058,27258260,NO,1202
chr3,49684804,49686284,NO,1480
chr18,518578,520136,NO,1558
chr19,14277943,14279314,NO,1371
chr16,11274757,11276761,NO,2004
chrX,40398330,40399562,NO,1232
chr10,88733690,88734522,NO,832
chr2,19877369,19878678,NO,1309
chr1,208649510,208650759,NO,1249
chr2,27318460,27319894,NO,1434
chr2,12332861,12333622,NO,761
chr15,77306266,77307542,NO,1276
chr17,48200430,48202005,NO,1575
chr1,36854925,36856319,NO,1394
chr7,84568753,84569614,NO,861
chr3,141217413,141218448,NO,1035
chr1,183752961,183754129,NO,1168
chr19,47119890,47121217,NO,1327
chr11,69230872,69236027,NO,5155
chr4,68311630,68312029,NO,399
chr12,53691245,53692146,NO,901
chr10,22857224,22858552,NO,1328
chr3,193611807,193613240,NO,1433
chr6,141300611,141301509,NO,898
chr17,25711018,25712229,NO,1211
chr11,122587586,122598792,NO,11206
chr11,75977634,75978709,NO,1075
chr10,14690132,14691005,NO,873
chr22,46567091,46568260,NO,1169
chr17,4952666,4953435,NO,769
chr5,16930533,16932059,NO,1526
chr2,223728689,223729691,NO,1002
chr2,216488691,216489898,NO,1207
chr1,61842815,61843663,NO,848
chr14,69692850,69694098,NO,1248
chr7,129699130,129699985,NO,855
chr22,31342560,31344034,NO,1474
chr11,15872660,15873504,NO,844
chr6,43110697,43112113,NO,1416
chr8,125948667,125950252,NO,1585
chr11,6239738,6241448,NO,1710
chr14,51827338,51828448,NO,1110
chr19,4114953,4116215,NO,1262
chr12,100521395,100532707,NO,11312
chr1,37194797,37196028,NO,1231
chr13,27596387,27597289,NO,902
chr7,92395132,92396155,NO,1023
chr2,10377133,10378599,NO,1466
chr1,115641393,115642571,NO,1178
chr7,157295020,157296363,NO,1343
chr3,127198867,127200341,NO,1474
chr3,152939414,152940469,NO,1055
chr19,38700384,38701827,NO,1443
chr2,34467028,34467845,NO,817
chr3,114303501,114304332,NO,831
chr2,134744083,134745069,NO,986
chr12,40620348,40621084,NO,736
chr12,50910972,50912199,NO,1227
chr3,8563333,8564453,NO,1120
chr7,21730713,21731249,NO,536
chr17,78336835,78338681,NO,1846
chr20,9073954,9074778,NO,824
chr6,33565224,33566218,NO,994
chr19,1030527,1031398,NO,871
chr2,236251907,236253493,NO,1586
chr9,86063048,86064257,NO,1209
chr7,111513112,111514684,NO,1572
chr12,95712229,95713931,NO,1702
chr1,29309762,29310661,NO,899
chr11,118757513,118759492,NO,1979
chr10,64522557,64523598,NO,1041
chr15,91024092,91025748,NO,1656
chr20,57721297,57722453,NO,1156
chr5,156876182,156877125,NO,943
chr3,58884616,58885489,NO,873
chr15,33486465,33487723,NO,1258
chr9,101782208,101783655,NO,1447
chr6,109102738,109104054,NO,1316
chr12,51787400,51788642,NO,1242
chr1,204960689,204962076,NO,1387
chr3,55846711,55847762,NO,1051
chr11,8749976,8751106,NO,1130
chr15,63426416,63428040,NO,1624
chr9,129349390,129351033,NO,1643
chr3,24100758,24101446,NO,688
chr4,7258634,7259919,NO,1285
chr12,54145087,54146091,NO,1004
chr2,23634723,23650246,NO,15523
chr3,123536104,123537047,NO,943
chr14,98068290,98069514,NO,1224
chr1,219477720,219478541,NO,821
chr5,52190922,52192378,NO,1456
chr15,102165704,102166442,NO,738
chr8,134194883,134195720,NO,837
chr8,74668152,74670026,NO,1874
chr16,71851681,71852349,NO,668
chr2,101493898,101495188,NO,1290
chr12,113631298,113632474,NO,1176
chr10,104127523,104128866,NO,1343
chr2,219153252,219154205,NO,953
chr10,6356540,6357462,NO,922
chr1,170698708,170699832,NO,1124
chr12,122803543,122804179,NO,636
chr4,16891446,16892665,NO,1219
chr9,92237952,92239520,NO,1568
chr1,94445428,94446586,NO,1158
chr9,110151567,110152851,NO,1284
chr2,131484526,131486109,NO,1583
chr10,10666214,10667140,NO,926
chr12,102217613,102218388,NO,775
chr2,88997799,88998835,NO,1036
chr5,94405615,94407120,NO,1505
chr4,153917126,153918361,NO,1235
chr1,10010316,10011083,NO,767
chr15,50086114,50086603,NO,489
chr21,35132717,35133975,NO,1258
chr2,239552484,239553806,NO,1322
chr11,1660430,1661622,NO,1192
chr7,10278698,10279679,NO,981
chr7,99662820,99663785,NO,965
chr14,20924695,20925753,NO,1058
chr12,52701596,52703099,NO,1503
chr9,93821828,93823688,NO,1860
chr7,132036208,132037578,NO,1370
chr22,22414993,22416297,NO,1304
chr22,33958654,33959774,NO,1120
chr5,139227468,139228350,NO,882
chr3,71596314,71597080,NO,766
chr9,110815606,110816719,NO,1113
chr3,113932418,113933637,NO,1219
chr2,74803288,74804576,NO,1288
chr8,119621927,119627399,NO,5472
chr10,6969606,6970690,NO,1084
chr19,9517235,9518417,NO,1182
chr9,5453670,5455977,NO,2307
chr14,56151993,56152921,NO,928
chr9,35792942,35794442,NO,1500
chr21,32546064,32547003,NO,939
chr3,101881642,101882958,NO,1316
chr8,19563555,19564920,NO,1365
chr4,143738195,143739016,NO,821
chr6,170069236,170070321,NO,1085
chr15,67193112,67201596,NO,8484
chr9,38436885,38438189,NO,1304
chr9,80129832,80130957,NO,1125
chr19,13963725,13964609,NO,884
chr16,31036724,31037737,NO,1013
chr9,112261414,112262711,NO,1297
chr16,68260934,68262258,NO,1324
chr6,7468452,7469410,NO,958
chr4,75338530,75339565,NO,1035
chr19,48747411,48748190,NO,779
chr2,120144918,120145833,NO,915
chr3,194461386,194462508,NO,1122
chr1,145446576,145447530,NO,954
chr1,36351525,36353038,NO,1513
chr15,37288715,37290458,NO,1743
chr1,15655128,15664951,NO,9823
chr16,74777230,74778178,NO,948
chr7,22820957,22822134,NO,1177
chr2,10218512,10220006,NO,1494
chr19,47582753,47583859,NO,1106
chr2,228331235,228332201,NO,966
chrX,106175728,106177074,NO,1346
chr1,91315942,91317270,NO,1328
chr1,184377299,184378655,NO,1356
chr16,671445,673305,NO,1860
chr8,98610110,98610934,NO,824
chr5,56031970,56033256,NO,1286
chr7,148824717,148825644,NO,927
chr17,26807211,26808806,NO,1595
chr8,102614895,102616790,NO,1895
chr5,1597124,1597864,NO,740
chr15,66774388,66775861,NO,1473
chr11,60425319,60426174,NO,855
chr17,80920618,80921728,NO,1110
chr10,79974574,79976128,NO,1554
chr3,111430926,111432222,NO,1296
chr2,119728307,119729475,NO,1168
chr9,92869619,92870625,NO,1006
chr22,38685419,38686526,NO,1107
chr18,3771100,3774741,NO,3641
chr12,8012243,8013410,NO,1167
chr9,130558473,130559498,NO,1025
chr7,155462186,155463642,NO,1456
chr13,52400364,52401396,NO,1032
chr20,14984289,14985069,NO,780
chr3,94226227,94226672,NO,445
chr16,3308779,3309907,NO,1128
chr1,56720624,56721915,NO,1291
chr2,173849696,173850775,NO,1079
chr19,45548822,45549760,NO,938
chr17,63031854,63033059,NO,1205
chr11,120302295,120302927,NO,632
chrX,100445989,100446733,NO,744
chr9,131369648,131370698,NO,1050
chr4,174336526,174337736,NO,1210
chr20,22664699,22666202,NO,1503
chr7,8164758,8166004,NO,1246
chr11,71214427,71215991,NO,1564
chr6,113339809,113340867,NO,1058
chr9,92002851,92004069,NO,1218
chr5,172257810,172258803,NO,993
chr16,56999272,57000476,NO,1204
chr7,95865353,95866729,NO,1376
chr4,82135312,82137059,NO,1747
chr19,42237575,42238950,NO,1375
chr9,136653463,136655428,NO,1965
chr10,125823631,125824693,NO,1062
chr15,52216196,52217218,NO,1022
chr16,15575756,15583445,NO,7689
chr5,90485693,90486677,NO,984
chr1,168849218,168849934,NO,716
chr12,1416001,1428333,NO,12332
chr15,90818023,90823055,NO,5032
chr1,43774570,43776170,NO,1600
chr16,28104058,28105409,NO,1351
chr15,89085657,89086564,NO,907
chr4,83205441,83206621,NO,1180
chr1,149513958,149514544,NO,586
chr11,74974759,74976395,NO,1636
chr2,85073399,85074406,NO,1007
chr21,43146693,43148065,NO,1372
chr13,21918351,21919524,NO,1173
chr6,41031567,41032505,NO,938
chr16,68307871,68309042,NO,1171
chr20,59056598,59066290,NO,9692
chr17,36713445,36715635,NO,2190
chr9,85781169,85782047,NO,878
chr22,47408542,47410109,NO,1567
chr15,31764260,31766072,NO,1812
chrX,22011461,22012248,NO,787
chr5,115314255,115315349,NO,1094
chr4,4325423,4326650,NO,1227
chr3,25421607,25427980,NO,6373
chr20,49982088,49983927,NO,1839
chr2,218559246,218560491,NO,1245
chr4,62421726,62422629,NO,903
chr12,8833913,8845605,NO,11692
chr12,51145645,51146478,NO,833
chr21,28172379,28174046,NO,1667
chr2,225848176,225849279,NO,1103
chr20,32235306,32236681,NO,1375
chr7,111570515,111571555,NO,1040
chr6,108454591,108455413,NO,822
chr6,161649716,161651072,NO,1356
chr3,149950710,149951574,NO,864
chr2,120934495,120935219,NO,724
chr10,52120761,52134835,NO,14074
chr5,167828165,167829877,NO,1712
chr1,180923037,180924153,NO,1116
chr6,116585856,116587304,NO,1448
chr15,83610735,83611984,NO,1249
chr18,74257197,74258282,NO,1085
chr5,147343169,147344382,NO,1213
chr1,51883552,51884486,NO,934
chr8,102962136,102963190,NO,1054
chr6,151077053,151089225,NO,12172
chr5,42565616,42567197,NO,1581
chr10,135119055,135120147,NO,1092
chr19,46637000,46640959,NO,3959
chr2,88399983,88400857,NO,874
chr17,70972911,70974278,NO,1367
chr4,48333729,48334471,NO,742
chr1,59782173,59783088,NO,915
chr9,21811734,21812559,NO,825
chr2,10589854,10590979,NO,1125
chr4,37649465,37650539,NO,1074
chr6,40113443,40114792,NO,1349
chr2,111828777,111829810,NO,1033
chr9,138368182,138369076,NO,894
chr5,171478775,171480234,NO,1459
chr6,13611686,13612332,NO,646
chr17,1672831,1673814,NO,983
chr5,132385178,132385846,NO,668
chr3,187939992,187940921,NO,929
chr2,88899155,88900233,NO,1078
chr11,35257951,35268564,NO,10613
chr10,81080099,81081291,NO,1192
chr5,127813256,127814254,NO,998
chr14,36899324,36900052,NO,728
chr3,32118519,32119771,NO,1252
chr16,31117050,31117586,NO,536
chr3,194493060,194494532,NO,1472
chr5,158406967,158407823,NO,856
chr7,111627347,111628178,NO,831
chr13,27756909,27758100,NO,1191
chr4,26274755,26275746,NO,991
chr3,195946060,195947320,NO,1260
chr2,175892372,175893348,NO,976
chr11,13161582,13163322,NO,1740
chr6,31039907,31040670,NO,763
chr11,64975343,64976792,NO,1449
chr16,30563769,30564989,NO,1220
chr8,248331,249365,NO,1034
chr1,168802708,168804066,NO,1358
chr11,9068462,9070324,NO,1862
chr17,4928174,4929713,NO,1539
chr18,20681843,20695569,NO,13726
chr15,71008234,71011166,NO,2932
chr12,93754506,93755887,NO,1381
chr13,52165050,52166320,NO,1270
chr10,120485737,120490839,NO,5102
chr22,30648346,30649970,NO,1624
chr15,60941381,60953232,NO,11851
chr18,71901764,71902631,NO,867
chr9,115994650,115995995,NO,1345
chr8,102914544,102915488,NO,944
chr6,95992351,95993052,NO,701
chr5,171094360,171095553,NO,1193
chr19,41260209,41261111,NO,902
chr3,105743784,105744510,NO,726
chr4,139902922,139903974,NO,1052
chr12,45228190,45229186,NO,996
chr11,44680785,44682013,NO,1228
chr3,61880340,61890428,NO,10088
chr17,73079776,73080816,NO,1040
chr1,40733016,40733893,NO,877
chr4,140340242,140341797,NO,1555
chr16,50840016,50840851,NO,835
chr5,43105337,43106324,NO,987
chr7,63498301,63499175,NO,874
chr5,167604694,167605783,NO,1089
chr1,40264626,40265801,NO,1175
chr1,118105281,118114566,NO,9285
chr17,9745092,9746350,NO,1258
chr3,23817568,23818429,NO,861
chr3,148897900,148898652,NO,752
chr17,78066050,78066921,NO,871
chrX,153386808,153388407,NO,1599
chr3,27386886,27388082,NO,1196
chr12,132315036,132316615,NO,1579
chrX,124338744,124340188,NO,1444
chr6,119360993,119362071,NO,1078
chr19,50183358,50184358,NO,1000
chr16,11057804,11058624,NO,820
chr1,184774761,184775805,NO,1044
chr19,45988608,45989639,NO,1031
chr5,800810,802508,NO,1698
chr2,74641515,74642980,NO,1465
chr21,42579244,42580604,NO,1360
chr7,155637128,155637856,NO,728
chr5,151191554,151192545,NO,991
chr2,217204321,217205628,NO,1307
chr5,172076529,172077689,NO,1160
chr3,195341541,195342594,NO,1053
chr5,154860363,154861377,NO,1014
chr13,101142617,101143568,NO,951
chr13,113496557,113504529,NO,7972
chr2,128650589,128659544,NO,8955
chr18,60251141,60252397,NO,1256
chr1,17066548,17067893,NO,1345
chr1,33694262,33694973,NO,711
chr20,43078898,43080120,NO,1222
chr11,73076212,73077266,NO,1054
chr5,146933773,146934489,NO,716
chr2,53725651,53726807,NO,1156
chr7,11232474,11233532,NO,1058
chr5,172270442,172272616,NO,2174
chr15,69046996,69047906,NO,910
chr12,92838327,92839696,NO,1369
chr1,208114614,208116082,NO,1468
chr6,38555612,38571092,NO,15480
chr9,125808592,125812529,NO,3937
chr18,52273970,52275084,NO,1114
chr2,129251789,129253054,NO,1265
chr21,39612848,39613716,NO,868
chr6,9516606,9517283,NO,677
chr7,150520027,150521080,NO,1053
chr17,4856016,4857531,NO,1515
chr20,1279697,1280721,NO,1024
chr8,110344214,110345098,NO,884
chr5,77890467,77891736,NO,1269
chr6,129480178,129480904,NO,726
chr3,7546805,7547693,NO,888
chr2,211117498,211119122,NO,1624
chr8,25313204,25313924,NO,720
chr8,9176049,9177270,NO,1221
chr6,141883114,141884010,NO,896
chr9,4863674,4864709,NO,1035
chr6,1574994,1576490,NO,1496
chr15,23647534,23649287,NO,1753
chr5,151096928,151098554,NO,1626
chr5,55288613,55289328,NO,715
chr15,77376056,77377345,NO,1289
chr12,104525874,104526782,NO,908
chr6,123855923,123856706,NO,783
chr18,77441654,77442964,NO,1310
chr11,129958918,129959898,NO,980
chr4,15150880,15152419,NO,1539
chr1,228318836,228319876,NO,1040
chr4,14857210,14858288,NO,1078
chr5,125706303,125707538,NO,1235
chr3,52531740,52533604,NO,1864
chr19,50890398,50891427,NO,1029
chr4,53616832,53618077,NO,1245
chr18,45862268,45869688,NO,7420
chr13,24881193,24882333,NO,1140
chr10,18097744,18099089,NO,1345
chr2,225349681,225350811,NO,1130
chr9,110764645,110765524,NO,879
chr7,99550866,99551607,NO,741
chr1,148604774,148605305,NO,531
chr12,53954631,53956223,NO,1592
chr1,156932758,156933892,NO,1134
chr11,85453223,85455125,NO,1902
chr16,53946508,53947750,NO,1242
chr6,22470550,22471882,NO,1332
chr1,74710704,74711781,NO,1077
chrX,55353635,55355487,NO,1852
chr16,82618001,82618758,NO,757
chr4,124281738,124282762,NO,1024
chr5,122561732,122562331,NO,599
chr5,127552262,127553325,NO,1063
chr12,47670687,47672084,NO,1397
chr9,123164725,123166366,NO,1641
chr11,95778881,95786354,NO,7473
chr3,185419360,185420261,NO,901
chr20,33600093,33601095,NO,1002
chr3,187632011,187637681,NO,5670
chr11,122099839,122101158,NO,1319
chr3,125259265,125260054,NO,789
chr5,123871701,123873366,NO,1665
chr1,151314620,151316577,NO,1957
chr6,4253494,4254444,NO,950
chr4,71644432,71645679,NO,1247
chr6,10749087,10750394,NO,1307
chr6,186566,196236,NO,9670
chr10,116172653,116173698,NO,1045
chr13,24365000,24368292,NO,3292
chr16,68301294,68302277,NO,983
chr10,7226480,7227381,NO,901
chr3,18485754,18486648,NO,894
chr9,88741599,88742780,NO,1181
chr20,47573474,47574213,NO,739
chr11,90705373,90705806,NO,433
chr6,1554695,1555721,NO,1026
chr9,97837814,97838830,NO,1016
chr17,31365805,31367053,NO,1248
chr5,176421423,176422579,NO,1156
chr10,94581939,94591212,NO,9273
chr3,49354237,49354939,NO,702
chr18,45438169,45439162,NO,993
chr7,72431240,72431783,NO,543
chr17,15607926,15608488,NO,562
chr12,26145323,26146757,NO,1434
chr2,102149813,102150951,NO,1138
chr12,57492303,57494173,NO,1870
chr9,104211321,104212088,NO,767
chr17,2249014,2250333,NO,1319
chr1,155732746,155733612,NO,866
chrX,38727536,38728588,NO,1052
chr15,101207663,101209056,NO,1393
chr6,91079016,91079842,NO,826
chr12,110781737,110783314,NO,1577
chr2,27296434,27297410,NO,976
chr7,150787929,150789376,NO,1447
chr19,23598038,23598858,NO,820
chr14,39474301,39475195,NO,894
chrX,16900095,16901372,NO,1277
chr1,27764792,27765788,NO,996
chr10,135202564,135203513,NO,949
chr1,234879171,234880479,NO,1308
chr10,134975503,134976802,NO,1299
chr4,41030512,41031600,NO,1088
chr1,174959421,174960271,NO,850
chr7,100659945,100661151,NO,1206
chr15,71864684,71865750,NO,1066
chr10,45443951,45445081,NO,1130
chr16,30560065,30560935,NO,870
chr11,75210554,75211585,NO,1031
chr3,197247251,197248780,NO,1529
chrX,39547566,39549191,NO,1625
chr16,31463593,31464255,NO,662
chr15,62837677,62851866,NO,14189
chr3,49965321,49966483,NO,1162
chr9,126959113,126960370,NO,1257
chr2,28497469,28498654,NO,1185
chr12,110810791,110812343,NO,1552
chr7,157377614,157378715,NO,1101
chr5,321786,324141,NO,2355
chr18,68088840,68090388,NO,1548
chr14,94507814,94509784,NO,1970
chr4,123718444,123719651,NO,1207
chr8,131616565,131618157,NO,1592
chr7,123262698,123263375,NO,677
chr12,76099577,76100608,NO,1031
chr3,126092374,126094004,NO,1630
chr16,12429442,12430176,NO,734
chr4,184351418,184352343,NO,925
chr7,155754079,155755520,NO,1441
chr3,66139164,66140213,NO,1049
chr3,48339083,48340300,NO,1217
chr6,153016199,153017006,NO,807
chrX,53144549,53145750,NO,1201
chr1,245985935,245987635,NO,1700
chr1,212691540,212692716,NO,1176
chr13,26591281,26592556,NO,1275
chr16,68740738,68741858,NO,1120
chr8,81639219,81640301,NO,1082
chr3,192610711,192611926,NO,1215
chr19,20348542,20349539,NO,997
chr3,192545070,192552051,NO,6981
chr15,31214756,31215817,NO,1061
chr21,44581408,44583448,NO,2040
chr8,74002564,74003741,NO,1177
chr11,61239300,61240040,NO,740
chr12,5565766,5566789,NO,1023
chr1,48710704,48711475,NO,771
chr4,1075482,1076904,NO,1422
chr18,43589628,43590494,NO,866
chr12,133271629,133272708,NO,1079
chr8,54857545,54858326,NO,781
chr1,7577673,7578862,NO,1189
chr6,130686656,130688090,NO,1434
chr7,34651579,34652914,NO,1335
chr5,14900617,14902103,NO,1486
chr19,17974480,17975806,NO,1326
chr19,7914279,7916089,NO,1810
chr12,16726505,16737064,NO,10559
chr8,29994365,29995265,NO,900
chr21,42954183,42955344,NO,1161
chr20,1469822,1470613,NO,791
chrX,153218383,153219918,NO,1535
chr11,71777456,71778557,NO,1101
chr4,77380405,77381268,NO,863
chr17,48175941,48176993,NO,1052
chr3,42652630,42653728,NO,1098
chr2,240892020,240893593,NO,1573
chr3,8593084,8594042,NO,958
chr3,43386424,43387448,NO,1024
chr18,18909792,18910740,NO,948
chr3,169417093,169418316,NO,1223
chr9,129278638,129279981,NO,1343
chr9,97812030,97813090,NO,1060
chr8,30162749,30173888,NO,11139
chr14,102062049,102063443,NO,1394
chr11,65204944,65205817,NO,873
chr1,110805208,110806152,NO,944
chr2,83309112,83309939,NO,827
chr9,139249866,139250975,NO,1109
chr17,72747290,72748443,NO,1153
chrX,20009248,20009980,NO,732
chr21,18833556,18834602,NO,1046
chr16,68282526,68283629,NO,1103
chr2,166131071,166131931,NO,860
chr2,173983701,173984618,NO,917
chr10,129189984,129191127,NO,1143
chr15,78508462,78509610,NO,1148
chr7,51424048,51425323,NO,1275
chr17,1996301,1997684,NO,1383
chr13,73715044,73716699,NO,1655
chr17,71006892,71007751,NO,859
chr11,123036110,123037557,NO,1447
chr1,117098825,117099779,NO,954
chr6,134666808,134668393,NO,1585
chr20,36339991,36340882,NO,891
chr4,169329614,169330603,NO,989
chr3,17231708,17237231,NO,5523
chr2,197852684,197853893,NO,1209
chr15,76442309,76456530,NO,14221
chr9,130604935,130605876,NO,941
chr19,3943867,3944751,NO,884
chrX,13665656,13666562,NO,906
chr2,183291113,183291962,NO,849
chr8,140890631,140892238,NO,1607
chr2,184472607,184480189,NO,7582
chrX,74966485,74967538,NO,1053
chr17,27192023,27193045,NO,1022
chr12,53908679,53909945,NO,1266
chr3,122767406,122768255,NO,849
chr19,11691562,11692452,NO,890
chr19,14134317,14135159,NO,842
chr4,183818739,183819500,NO,761
chr6,41395300,41396216,NO,916
chr4,152218480,152219445,NO,965
chr2,27297412,27298309,NO,897
chr1,153625004,153625949,NO,945
chr1,193921097,193921908,NO,811
chr8,49186266,49187082,NO,816
chr13,98019240,98020348,NO,1108
chr4,186304664,186306650,NO,1986
chr6,149097891,149100995,NO,3104
chr20,13846388,13848897,NO,2509
chr18,33275173,33276336,NO,1163
chr1,228368649,228369933,NO,1284
chr2,12805081,12806093,NO,1012
chr1,41364139,41365458,NO,1319
chr11,8056715,8058114,NO,1399
chr22,17744865,17746299,NO,1434
chr18,59537319,59538355,NO,1036
chr18,7233913,7235200,NO,1287
chr9,138404639,138406179,NO,1540
chr7,77313267,77314947,NO,1680
chr18,42321906,42323333,NO,1427
chr1,170898534,170901589,NO,3055
chr9,110013982,110014777,NO,795
chr6,80253845,80255165,NO,1320
chr16,14151437,14152344,NO,907
chr5,34609001,34610038,NO,1037
chr3,134009824,134010921,NO,1097
chr1,23152942,23154230,NO,1288
chr9,80148320,80150292,NO,1972
chr8,121666198,121667142,NO,944
chr14,90186707,90187427,NO,720
chr22,43709864,43710987,NO,1123
chr9,97764877,97765681,NO,804
chr3,112493495,112494647,NO,1152
chrX,46651071,46651991,NO,920
chr19,50930791,50931970,NO,1179
chr14,54830999,54832069,NO,1070
chr19,1901513,1902581,NO,1068
chr12,10253452,10254975,NO,1523
chr20,2748433,2749352,NO,919
chr16,82030297,82031461,NO,1164
chr11,77122135,77123279,NO,1144
chr15,41293202,41293991,NO,789
chr8,144272554,144273749,NO,1195
chr4,41073835,41074707,NO,872
chr7,38296924,38297476,NO,552
chr7,65335718,65337006,NO,1288
chr10,3762735,3763565,NO,830
chr6,133823421,133824308,NO,887
chr14,104514857,104515696,NO,839
chr12,94601595,94602838,NO,1243
chr1,172149782,172150939,NO,1157
chr21,35751243,35752725,NO,1482
chr4,70697114,70698275,NO,1161
chrX,53295263,53296137,NO,874
chr14,105499664,105500905,NO,1241
chr11,46527171,46528402,NO,1231
chr3,71545279,71546067,NO,788
chr9,114720332,114721069,NO,737
chr4,24598683,24600652,NO,1969
chr7,139118691,139119398,NO,707
chr1,162511122,162524673,NO,13551
chr17,31238960,31240077,NO,1117
chr7,66324538,66325870,NO,1332
chr11,8748031,8749515,NO,1484
chr12,122210832,122211854,NO,1022
chr2,191812240,191813088,NO,848
chr18,77335700,77350087,NO,14387
chr14,101213430,101214558,NO,1128
chr6,46389657,46391118,NO,1461
chr13,25198784,25205190,NO,6406
chr8,71522278,71527797,NO,5519
chr11,74431303,74432823,NO,1520
chr20,47600099,47601113,NO,1014
chr6,11494718,11495525,NO,807
chr2,25301298,25302242,NO,944
chr1,33177751,33191598,NO,13847
chr9,78555866,78557004,NO,1138
chr20,11247723,11249027,NO,1304
chr8,126187218,126194277,NO,7059
chr17,41418969,41419973,NO,1004
chr10,93860565,93861411,NO,846
chr7,93574359,93574998,NO,639
chr17,4244508,4245435,NO,927
chr13,60207086,60208171,NO,1085
chr7,93812428,93813067,NO,639
chr7,29320962,29321905,NO,943
chr2,189885759,189886726,NO,967
chr20,33795501,33796457,NO,956
chr13,114477190,114478414,NO,1224
chr12,52600781,52602175,NO,1394
chr9,139294129,139295350,NO,1221
chrX,118889674,118890970,NO,1296
chr3,12770184,12771299,NO,1115
chr12,57673767,57674812,NO,1045
chr6,138288729,138289921,NO,1192
chr1,93270437,93271335,NO,898
chr12,49686143,49687897,NO,1754
chr9,130644700,130645696,NO,996
chr6,44230325,44232336,NO,2011
chr3,161134024,161134627,NO,603
chrX,45665321,45666430,NO,1109
chr18,24154986,24160758,NO,5772
chr12,19426342,19427201,NO,859
chr6,73660094,73660603,NO,509
chr1,52088067,52089135,NO,1068
chr6,18043165,18054694,NO,11529
chr13,49199214,49200326,NO,1112
chr16,12382588,12384452,NO,1864
chr19,41952894,41962289,NO,9395
chr18,45553675,45554811,NO,1136
chrX,153586271,153587892,NO,1621
chr1,44533668,44534452,NO,784
chr9,115976812,115977587,NO,775
chr6,158705126,158706099,NO,973
chr7,150001830,150003061,NO,1231
chr9,130581540,130582577,NO,1037
chrX,18359142,18359678,NO,536
chr5,150636559,150638098,NO,1539
chr17,17930748,17931806,NO,1058
chr3,24142406,24143278,NO,872
chr6,88043546,88044608,NO,1062
chr18,48887345,48888485,NO,1140
chr18,45351552,45353166,NO,1614
chr1,160796487,160808018,NO,11531
chr20,9146808,9147514,NO,706
chr3,9464337,9465166,NO,829
chr12,93637399,93638288,NO,889
chr15,95982881,95983863,NO,982
chr3,44396422,44397325,NO,903
chr11,74036295,74037568,NO,1273
chr1,145424117,145424893,NO,776
chr20,10545615,10546446,NO,831
chr16,81856386,81857300,NO,914
chr22,21131737,21132751,NO,1014
chr2,239593577,239594536,NO,959
chr6,147091490,147092531,NO,1041
chr20,51696932,51698202,NO,1270
chr19,50264485,50265785,NO,1300
chr21,44886826,44888619,NO,1793
chr14,98535785,98536469,NO,684
chr6,90185280,90202316,NO,17036
chr4,6660092,6660975,NO,883
chr12,93454473,93455366,NO,893
chr12,97949405,97950565,NO,1160
chr12,57551233,57552628,NO,1395
chr15,75002322,75013933,NO,11611
chr11,100308892,100309617,NO,725
chr21,27042279,27043045,NO,766
chr5,172339867,172341066,NO,1199
chr8,105423828,105425174,NO,1346
chr1,111050662,111051585,NO,923
chr19,1215919,1216657,NO,738
chr6,11590894,11593331,NO,2437
chr5,89284631,89285368,NO,737
chr7,49842699,49843499,NO,800
chr1,28517027,28518138,NO,1111
chr2,235276518,235277782,NO,1264
chr17,53686784,53687891,NO,1107
chr5,91624530,91625367,NO,837
chr3,11348150,11349663,NO,1513
chr4,106392756,106393755,NO,999
chr4,5841094,5842494,NO,1400
chr17,78623080,78624477,NO,1397
chr3,188194528,188195207,NO,679
chr5,56475027,56475988,NO,961
chr1,154904292,154905053,NO,761
chr10,48633737,48634909,NO,1172
chr2,8552149,8553377,NO,1228
chr18,54125697,54126824,NO,1127
chr9,95985234,95986870,NO,1636
chr1,12091464,12092637,NO,1173
chr9,114211887,114213053,NO,1166
chr10,86120363,86121254,NO,891
chr17,40736889,40737783,NO,894
chr4,38606956,38608627,NO,1671
chr19,50875600,50876551,NO,951
chr2,190787715,190795853,NO,8138
chr11,59379122,59379990,NO,868
chr15,50968735,50969840,NO,1105
chr3,55605350,55606799,NO,1449
chr9,136446853,136449352,NO,2499
chr1,153358492,153360101,NO,1609
chr13,44748723,44749833,NO,1110
chr7,98046370,98047186,NO,816
chr13,111269587,111270504,NO,917
chr12,112443424,112444309,NO,885
chr3,17177218,17178281,NO,1063
chr2,55172472,55173807,NO,1335
chr3,188087185,188087852,NO,667
chr14,32419419,32421084,NO,1665
chr1,175286948,175288170,NO,1222
chr12,13079511,13080536,NO,1025
chr18,46149108,46149952,NO,844
chr1,113797906,113798950,NO,1044
chr19,16022250,16022998,NO,748
chr3,186544327,186545605,NO,1278
chr21,38526007,38526859,NO,852
chr13,44970600,44972042,NO,1442
chr1,53513465,53514430,NO,965
chr12,69809282,69810228,NO,946
chr11,12504374,12505572,NO,1198
chr7,62514886,62515640,NO,754
chr5,172213449,172214684,NO,1235
chr2,99343624,99344777,NO,1153
chr17,73090657,73091800,NO,1143
chr14,104044592,104045629,NO,1037
chr1,149718121,149720016,NO,1895
chr1,59572710,59573663,NO,953
chr12,102318212,102320052,NO,1840
chr8,97773206,97773975,NO,769
chr8,29230182,29231545,NO,1363
chr15,22798447,22799470,NO,1023
chr16,29655797,29656684,NO,887
chr1,38604224,38605377,NO,1153
chr9,86676785,86677589,NO,804
chr6,157357357,157358150,NO,793
chr9,27599797,27600351,NO,554
chr10,79731075,79731857,NO,782
chr12,14765821,14766891,NO,1070
chr8,125123974,125124845,NO,871
chr22,20960209,20961657,NO,1448
chr5,178082216,178083147,NO,931
chr2,216649022,216659426,NO,10404
chr15,98959237,98960159,NO,922
chr16,53898788,53899587,NO,799
chr11,110044857,110046192,NO,1335
chr8,19864658,19865544,NO,886
chr14,65433355,65446832,NO,13477
chr4,9692696,9693630,NO,934
chr11,3027702,3028554,NO,852
chr4,124538421,124539441,NO,1020
chr2,160372702,160373437,NO,735
chr1,7804603,7812977,NO,8374
chr7,152501024,152502255,NO,1231
chr22,43550482,43551767,NO,1285
chr19,29284067,29285170,NO,1103
chr7,948965,949844,NO,879
chr9,95765980,95767229,NO,1249
chr8,134779021,134780688,NO,1667
chr17,53860743,53861787,NO,1044
chr5,147780855,147781953,NO,1098
chr5,10867862,10868901,NO,1039
chr10,80095206,80096725,NO,1519
chr17,65506149,65512013,NO,5864
chr2,145137192,145138371,NO,1179
chr18,67616128,67617421,NO,1293
chr16,22617619,22618785,NO,1166
chr10,61996469,61997369,NO,900
chr6,125765226,125766700,NO,1474
chr19,49959490,49960310,NO,820
chr2,216715006,216716132,NO,1126
chr1,142618628,142619365,NO,737
chr16,21801494,21802660,NO,1166
chr7,73264945,73266145,NO,1200
chr11,26069727,26070627,NO,900
chr3,16024391,16025386,NO,995
chr2,177065657,177066162,NO,505
chr2,1136538,1137536,NO,998
chr12,122139697,122140726,NO,1029
chr9,132694722,132695427,NO,705
chr19,6532182,6533280,NO,1098
chr1,148766818,148767343,NO,525
chr6,169939040,169940138,NO,1098
chr5,10421384,10422555,NO,1171
chr7,10515887,10517075,NO,1188
chrX,153927055,153927911,NO,856
chr19,6728237,6729125,NO,888
chr19,16935677,16936789,NO,1112
chr2,33501952,33502803,NO,851
chr2,237879752,237881403,NO,1651
chr4,8098309,8099358,NO,1049
chr1,64108887,64110059,NO,1172
chr2,42153219,42154850,NO,1631
chr2,162363802,162364496,NO,694
chr22,41464900,41465708,NO,808
chr4,120860654,120861223,NO,569
chr3,196411784,196415911,NO,4127
chr13,50384626,50385599,NO,973
chr17,74768782,74769720,NO,938
chr2,29199170,29200335,NO,1165
chr5,102430833,102431638,NO,805
chr4,138450731,138451856,NO,1125
chr18,74699946,74700967,NO,1021
chr15,100523575,100524679,NO,1104
chr9,110187078,110188249,NO,1171
chr14,55820504,55821585,NO,1081
chr1,218847451,218848151,NO,700
chr20,23673245,23674707,NO,1462
chr11,16926836,16927743,NO,907
chr13,33412549,33413499,NO,950
chr3,149017753,149018678,NO,925
chr8,124498807,124499817,NO,1010
chr2,234265453,234266198,NO,745
chr9,117566361,117567293,NO,932
chr4,170542876,170543962,NO,1086
chr7,150085392,150086960,NO,1568
chr11,60155886,60157310,NO,1424
chr12,78241403,78249811,NO,8408
chr9,132499930,132501140,NO,1210
chr15,85839748,85840700,NO,952
chr2,86898342,86899041,NO,699
chr2,70297475,70298673,NO,1198
chr11,47307400,47308390,NO,990
chr16,72075828,72077332,NO,1504
chr11,122077767,122078918,NO,1151
chr2,54269712,54270786,NO,1074
chr17,2041495,2042666,NO,1171
chr6,3231306,3232253,NO,947
chr11,15905471,15906203,NO,732
chr21,39083117,39084026,NO,909
chrX,114264833,114265713,NO,880
chr20,39659158,39660073,NO,915
chr13,113928827,113929665,NO,838
chr4,69923667,69924922,NO,1255
chr10,3612122,3613660,NO,1538
chr17,13965404,13966522,NO,1118
chr7,101360485,101377499,NO,17014
chr12,68190692,68191762,NO,1070
chr12,6489733,6490751,NO,1018
chr19,13206757,13207854,NO,1097
chr2,220233360,220234619,NO,1259
chr3,42190848,42191782,NO,934
chr1,41409659,41410477,NO,818
chr15,41877184,41878248,NO,1064
chr1,17286794,17287900,NO,1106
chr1,219945441,219958473,NO,13032
chr4,24993102,24993937,NO,835
chr21,37560232,37561223,NO,991
chr2,69481050,69481899,NO,849
chr7,17701721,17702928,NO,1207
chr1,54715433,54716703,NO,1270
chr4,38729824,38730898,NO,1074
chr17,39700528,39701542,NO,1014
chr4,77467961,77468732,NO,771
chr3,28709193,28710061,NO,868
chr10,90656073,90657310,NO,1237
chr9,16335410,16336670,NO,1260
chr10,120859809,120860894,NO,1085
chr4,120970502,120975039,NO,4537
chr12,7108688,7109553,NO,865
chr7,90868916,90870044,NO,1128
chr7,148660782,148662010,NO,1228
chr20,40153470,40154271,NO,801
chr12,121526910,121528176,NO,1266
chr16,84931675,84932724,NO,1049
chr15,91499772,91500887,NO,1115
chr10,14918470,14919477,NO,1007
chr1,6726662,6727662,NO,1000
chr3,8591373,8592528,NO,1155
chr15,75109100,75110156,NO,1056
chrX,77361177,77362241,NO,1064
chr4,48256104,48257651,NO,1547
chr21,38140577,38141450,NO,873
chr7,42190685,42192320,NO,1635
chr6,33128433,33130048,NO,1615
chr4,188399478,188400297,NO,819
chr11,85483885,85484796,NO,911
chr9,91693117,91693889,NO,772
chr6,57178234,57179061,NO,827
chr1,61039610,61040292,NO,682
chr6,37790185,37791606,NO,1421
chr19,13158055,13159417,NO,1362
chr7,155653094,155654521,NO,1427
chr12,115775407,115776351,NO,944
chr17,55335324,55336386,NO,1062
chr7,13888794,13890533,NO,1739
chr1,160344815,160346072,NO,1257
chr5,14341787,14342741,NO,954
chr1,162582628,162583913,NO,1285
chr9,130575523,130576758,NO,1235
chr1,204013290,204015443,NO,2153
chr8,80769524,80770483,NO,959
chrX,1457873,1459107,NO,1234
chr7,101466239,101466999,NO,760
chr16,83170271,83171363,NO,1092
chr22,17887082,17887854,NO,772
chr11,102670412,102672393,NO,1981
chr18,73167042,73168387,NO,1345
chr6,43351012,43359752,NO,8740
chr14,23321984,23323008,NO,1024
chr21,47010925,47012284,NO,1359
chr1,18217880,18218820,NO,940
chr15,85995741,85997606,NO,1865
chr11,106886908,106887760,NO,852
chr1,113683271,113684125,NO,854
chr5,54039511,54040216,NO,705
chr1,62352863,62353905,NO,1042
chr9,97799739,97800585,NO,846
chr1,101764911,101767142,NO,2231
chr3,30590168,30591035,NO,867
chr11,47593906,47594969,NO,1063
chr1,154739750,154741327,NO,1577
chr20,17485612,17486662,NO,1050
chr17,26880233,26882047,NO,1814
chr22,43497066,43497966,NO,900
chr17,26156223,26167673,NO,11450
chr1,41784568,41786335,NO,1767
chr6,19303332,19304265,NO,933
chr2,70555786,70556712,NO,926
chr18,24040184,24041306,NO,1122
chr14,51759828,51760796,NO,968
chr10,15237799,15238615,NO,816
chr5,148861983,148862951,NO,968
chr5,90765313,90765887,NO,574
chr5,121518129,121519211,NO,1082
chr11,65387381,65389698,NO,2317
chr5,147834084,147835182,NO,1098
chr19,8400276,8401294,NO,1018
chr15,70615259,70616226,NO,967
chr2,12003418,12004670,NO,1252
chr7,29410020,29410866,NO,846
chr11,63435062,63436003,NO,941
chr10,34569843,34570622,NO,779
chr3,171069487,171072501,NO,3014
chr1,94684185,94684980,NO,795
chr17,38380668,38381433,NO,765
chr12,52810888,52818406,NO,7518
chr3,33096179,33097040,NO,861
chr16,31495704,31496970,NO,1266
chr11,33341461,33342298,NO,837
chr2,136889193,136890506,NO,1313
chr4,156447778,156448483,NO,705
chr5,14293279,14296549,NO,3270
chr1,193377263,193378546,NO,1283
chr12,6461469,6462419,NO,950
chr3,184892940,184893860,NO,920
chr17,54776021,54777211,NO,1190
chr2,13140826,13141543,NO,717
chr5,142941835,142943211,NO,1376
chr18,59684704,59685624,NO,920
chr20,19029520,19030403,NO,883
chr9,112076152,112077214,NO,1062
chr14,104060292,104061149,NO,857
chr11,4666834,4667944,NO,1110
chr5,76585803,76586459,NO,656
chr5,127730384,127731534,NO,1150
chr15,102067825,102069234,NO,1409
chr11,78533837,78551991,NO,18154
chr17,70514703,70515919,NO,1216
chr15,29077130,29077852,NO,722
chr21,47547772,47549423,NO,1651
chr3,138211782,138213167,NO,1385
chrX,152676925,152677997,NO,1072
chr12,125288452,125289584,NO,1132
chr6,169787373,169788513,NO,1140
chr14,24798000,24799687,NO,1687
chr4,40603158,40604097,NO,939
chr10,115421216,115422065,NO,849
chr10,104236006,104236913,NO,907
chr6,47427432,47428257,NO,825
chr17,3974389,3976074,NO,1685
chr2,226982987,226983625,NO,638
chr16,85469882,85471175,NO,1293
chr12,65146629,65147385,NO,756
chrX,23862359,23863341,NO,982
chr14,77780718,77781872,NO,1154
chr10,116063445,116064792,NO,1347
chrX,19631921,19632764,NO,843
chr14,67823808,67824786,NO,978
chr1,156221373,156233581,NO,12208
chr17,49123743,49135033,NO,11290
chr1,115294397,115295095,NO,698
chr3,184063095,184064113,NO,1018
chr10,71625701,71638204,NO,12503
chr8,27994804,27995923,NO,1119
chr1,52034850,52035723,NO,873
chr17,1500904,1502305,NO,1401
chr4,122706233,122707163,NO,930
chr7,139913476,139914556,NO,1080
chrX,9880066,9881029,NO,963
chr19,20368374,20368678,NO,304
chr12,7049735,7051368,NO,1633
chr20,42702986,42704141,NO,1155
chr3,119895622,119896489,NO,867
chr1,214612754,214613635,NO,881
chr7,35793573,35794570,NO,997
chr2,28958471,28959317,NO,846
chr12,52432026,52432929,NO,903
chr2,44112229,44112948,NO,719
chr9,16363438,16364506,NO,1068
chr5,142886805,142887647,NO,842
chr22,44391230,44392772,NO,1542
chr2,87521678,87522712,NO,1034
chr16,2046602,2047577,NO,975
chr8,70041585,70042340,NO,755
chr7,155049179,155050221,NO,1042
chr2,217508586,217509661,NO,1075
chr7,106372314,106373107,NO,793
chr9,2426766,2427792,NO,1026
chr13,80247298,80248200,NO,902
chr1,66860882,66861868,NO,986
chr20,16787736,16788537,NO,801
chr18,47252075,47253356,NO,1281
chr13,114926830,114928309,NO,1479
chr1,185662805,185663837,NO,1032
chr6,130069837,130070540,NO,703
chr5,178957055,178958038,NO,983
chr11,10750608,10757779,NO,7171
chrX,14045016,14045874,NO,858
chr21,33701081,33702061,NO,980
chr10,88814428,88815443,NO,1015
chr19,13927890,13928888,NO,998
chr20,61407601,61408308,NO,707
chr5,37209073,37209762,NO,689
chr5,115863906,115870587,NO,6681
chr8,66976238,66977220,NO,982
chr9,6278367,6278820,NO,453
chr2,112323564,112324513,NO,949
chr16,30892721,30894282,NO,1561
chr2,206594842,206596586,NO,1744
chr13,109568218,109568964,NO,746
chr15,68762322,68772687,NO,10365
chr5,145325066,145325997,NO,931
chr14,73894868,73895589,NO,721
chr9,116879861,116881390,NO,1529
chr6,33854055,33855165,NO,1110
chr9,116902653,116903739,NO,1086
chr14,51421984,51428676,NO,6692
chr11,122219634,122220444,NO,810
chr3,187932077,187932826,NO,749
chr19,57683599,57684196,NO,597
chr8,26061335,26062031,NO,696
chr16,4913140,4914190,NO,1050
chr3,124418517,124419366,NO,849
chr16,31548387,31549361,NO,974
chr3,159628749,159629747,NO,998
chr20,10829126,10830083,NO,957
chr18,43607978,43608694,NO,716
chr11,73239426,73240168,NO,742
chr15,96724548,96725476,NO,928
chr5,92497942,92498630,NO,688
chr19,50877445,50878451,NO,1006
chr10,5062283,5063394,NO,1111
chr20,4930997,4932399,NO,1402
chr14,23531116,23532031,NO,915
chr1,223082760,223083567,NO,807
chr6,111703370,111704463,NO,1093
chr19,47745443,47746539,NO,1096
chr2,42920200,42921808,NO,1608
chr13,52969304,52970471,NO,1167
chr18,12076076,12076908,NO,832
chr14,78892198,78892817,NO,619
chr14,52351110,52351925,NO,815
chr8,41862832,41863623,NO,791
chr1,185452829,185453595,NO,766
chr17,42182644,42184079,NO,1435
chr10,62587440,62588478,NO,1038
chr9,130769527,130774000,NO,4473
chr1,14953871,14954852,NO,981
chr10,17241109,17241878,NO,769
chr1,198590029,198591072,NO,1043
chr7,116960455,116961408,NO,953
chr7,3988074,3989320,NO,1246
chr3,99721505,99722498,NO,993
chr6,28457405,28458509,NO,1104
chr15,83501337,83502568,NO,1231
chr3,116754422,116755183,NO,761
chr2,70348847,70349436,NO,589
chr1,24620351,24621908,NO,1557
chr14,94622920,94624533,NO,1613
chr13,32575407,32576248,NO,841
chr5,148381285,148382510,NO,1225
chr1,230406643,230407548,NO,905
chrX,138276607,138277402,NO,795
chr8,69216701,69219016,NO,2315
chr6,21846940,21847935,NO,995
chr4,139255559,139256280,NO,721
chr4,159816815,159817743,NO,928
chr7,139615859,139616760,NO,901
chr3,81808429,81809002,NO,573
chr17,71060455,71064712,NO,4257
chr5,179340524,179341741,NO,1217
chr2,70129174,70130048,NO,874
chrX,130838271,130839258,NO,987
chr1,179938264,179939213,NO,949
chr12,23624953,23626379,NO,1426
chr1,240075618,240077455,NO,1837
chr3,8617711,8618766,NO,1055
chr17,2169788,2170571,NO,783
chr9,95075210,95076295,NO,1085
chr22,38682360,38683779,NO,1419
chr5,33877488,33878439,NO,951
chr14,74016117,74017290,NO,1173
chr4,170037041,170037939,NO,898
chr3,183088393,183093563,NO,5170
chr3,194545010,194545732,NO,722
chr3,45059367,45060333,NO,966
chr20,42213057,42214394,NO,1337
chr3,53782859,53783962,NO,1103
chr20,3136951,3138198,NO,1247
chr4,82471077,82472371,NO,1294
chr5,263275,264028,NO,753
chr16,74535370,74536220,NO,850
chr3,146224638,146225664,NO,1026
chr4,149262961,149263684,NO,723
chr12,125577066,125578668,NO,1602
chr8,37991758,37992327,NO,569
chr3,177161104,177167698,NO,6594
chr8,37419237,37420034,NO,797
chr6,125667359,125668310,NO,951
chr12,57384584,57385893,NO,1309
chr7,98538051,98538725,NO,674
chr1,27236727,27237982,NO,1255
chr17,78830616,78831547,NO,931
chr3,49414426,49415540,NO,1114
chr1,193084851,193085548,NO,697
chr2,9705035,9714595,NO,9560
chr10,105230274,105231389,NO,1115
chr11,56839336,56840158,NO,822
chr2,178767213,178768092,NO,879
chr1,157209754,157210686,NO,932
chr20,57638377,57639229,NO,852
chr17,63166480,63168019,NO,1539
chr11,105883227,105883958,NO,731
chr6,56390710,56391569,NO,859
chr15,63380945,63382189,NO,1244
chr14,95996638,95997710,NO,1072
chr15,74044775,74046125,NO,1350
chr2,197466288,197467100,NO,812
chr17,28703659,28704593,NO,934
chr18,9877018,9877804,NO,786
chr20,50727159,50727748,NO,589
chr12,77058746,77059993,NO,1247
chr7,33365388,33366801,NO,1413
chr11,334155,335123,NO,968
chr19,10741702,10742948,NO,1246
chr16,19097689,19098543,NO,854
chr14,44589721,44590190,NO,469
chr1,1463549,1464798,NO,1249
chr17,42178776,42179823,NO,1047
chr2,127984556,127985359,NO,803
chr3,30537770,30538689,NO,919
chr9,94096032,94103826,NO,7794
chr3,42856035,42857066,NO,1031
chr3,171110583,171111462,NO,879
chr9,4595784,4597123,NO,1339
chr9,128059416,128060179,NO,763
chr1,88149758,88150495,NO,737
chrX,48652859,48653965,NO,1106
chrX,74767024,74768046,NO,1022
chr10,6189982,6190756,NO,774
chr4,139321558,139322178,NO,620
chr4,8052009,8053191,NO,1182
chr7,27172908,27173930,NO,1022
chr15,58920481,58921273,NO,792
chr1,93416528,93417239,NO,711
chr16,66619407,66620363,NO,956
chr5,73156079,73157112,NO,1033
chr11,95809277,95810178,NO,901
chr14,75114147,75115256,NO,1109
chr10,33749543,33750329,NO,786
chr11,3635356,3636392,NO,1036
chr2,54562713,54564306,NO,1593
chr21,47795380,47796731,NO,1351
chr9,35736033,35737427,NO,1394
chr7,25535839,25536995,NO,1156
chr17,46342773,46343557,NO,784
chr18,22656762,22657660,NO,898
chr7,50306589,50307614,NO,1025
chr2,219121897,219122767,NO,870
chr11,76478711,76480590,NO,1879
chr6,105647651,105648493,NO,842
chr21,40497349,40498183,NO,834
chr3,72149200,72150267,NO,1067
chr8,64132518,64133488,NO,970
chr1,46633770,46634830,NO,1060
chr2,174313623,174314232,NO,609
chr3,65394389,65395230,NO,841
chr1,228073139,228074820,NO,1681
chr19,49125528,49126030,NO,502
chr7,3794120,3795148,NO,1028
chr2,178618981,178619704,NO,723
chr7,8215485,8216513,NO,1028
chr19,11750016,11751326,NO,1310
chr15,84415889,84416651,NO,762
chr8,82276412,82282134,NO,5722
chr11,77896601,77897694,NO,1093
chr21,27538524,27539453,NO,929
chr1,46982497,46983390,NO,893
chr11,71144097,71145371,NO,1274
chr8,79494928,79495788,NO,860
chrX,2684999,2686115,NO,1116
chr11,118691229,118692161,NO,932
chr10,61751663,61755685,NO,4022
chr4,143049313,143050187,NO,874
chr7,114584600,114585516,NO,916
chr9,139928938,139929931,NO,993
chr6,151202707,151203798,NO,1091
chr10,64066953,64077413,NO,10460
chr20,62404200,62405387,NO,1187
chr18,7037922,7038789,NO,867
chr15,71841886,71842709,NO,823
chr10,116186461,116187790,NO,1329
chr12,57495706,57496725,NO,1019
chr11,100647086,100648259,NO,1173
chr6,14743127,14743864,NO,737
chr1,36834346,36836441,NO,2095
chr1,120255517,120256549,NO,1032
chr8,97940010,97941169,NO,1159
chrX,33059286,33059675,NO,389
chr19,14587572,14589574,NO,2002
chr1,13946621,13947219,NO,598
chr12,60009123,60009994,NO,871
chr17,53700424,53712629,NO,12205
chr8,56813820,56814611,NO,791
chr13,105791820,105792771,NO,951
chr5,145235350,145236470,NO,1120
chr3,136062419,136069698,NO,7279
chr7,6357091,6358341,NO,1250
chr4,31069885,31070670,NO,785
chr8,61936085,61936772,NO,687
chr12,22408659,22409455,NO,796
chr1,96881750,96882501,NO,751
chr4,159444714,159445285,NO,571
chr1,87179810,87180280,NO,470
chr20,5712319,5713393,NO,1074
chr21,34616435,34617278,NO,843
chr2,96331718,96332923,NO,1205
chr11,70127228,70128558,NO,1330
chr9,130671911,130673327,NO,1416
chr2,171600172,171608444,NO,8272
chr11,64992429,64993577,NO,1148
chr13,111131178,111132983,NO,1805
chr17,55483672,55484674,NO,1002
chr11,122992739,122993520,NO,781
chr15,55805288,55806898,NO,1610
chr19,34723264,34724445,NO,1181
chr6,52216746,52217615,NO,869
chr19,49177939,49178977,NO,1038
chr11,129941171,129942499,NO,1328
chr13,24080163,24081042,NO,879
chr12,7089982,7090904,NO,922
chr1,215756420,215757138,NO,718
chr4,123609386,123622240,NO,12854
chr11,65353174,65354707,NO,1533
chr7,24818040,24819471,NO,1431
chr2,213930586,213931414,NO,828
chr4,57861150,57862320,NO,1170
chr10,133878778,133879971,NO,1193
chrX,48818922,48820126,NO,1204
chr20,31295229,31296244,NO,1015
chr11,110890014,110891171,NO,1157
chr19,32295166,32296514,NO,1348
chr16,28269941,28271049,NO,1108
chr12,68713627,68714316,NO,689
chr19,49630911,49632294,NO,1383
chr4,174911991,174912690,NO,699
chr11,120172901,120174057,NO,1156
chr17,44954616,44956441,NO,1825
chr5,159214591,159215429,NO,838
chr7,98519640,98521056,NO,1416
chr16,89221374,89222652,NO,1278
chr12,64255963,64256903,NO,940
chr4,185071473,185072130,NO,657
chr16,83028656,83029491,NO,835
chr21,16594391,16595356,NO,965
chr9,71867460,71868535,NO,1075
chr9,91564705,91565647,NO,942
chr6,53348364,53349160,NO,796
chr1,146373468,146374233,NO,765
chr6,36547391,36548281,NO,890
chr4,6841220,6842378,NO,1158
chr1,145478886,145479551,NO,665
chr15,52059991,52060726,NO,735
chr9,19431133,19432173,NO,1040
chr5,56147262,56147942,NO,680
chr16,19073125,19073814,NO,689
chr5,17069994,17070834,NO,840
chr13,112837387,112838423,NO,1036
chr19,59092117,59093159,NO,1042
chr1,224432887,224433591,NO,704
chr2,32426502,32427030,NO,528
chr5,168587727,168588536,NO,809
chr17,46640163,46641636,NO,1473
chr18,417239,418264,NO,1025
chr4,148233713,148234604,NO,891
chr2,197402606,197403446,NO,840
chr9,130055969,130056726,NO,757
chr1,95088207,95089334,NO,1127
chr4,159968836,159969847,NO,1011
chr7,138248377,138249498,NO,1121
chr20,50021254,50022200,NO,946
chr8,99309208,99309879,NO,671
chr22,45059440,45060809,NO,1369
chr4,125348876,125350882,NO,2006
chr11,65708440,65709570,NO,1130
chr6,76177026,76178050,NO,1024
chr4,184881921,184882869,NO,948
chr15,73263219,73264243,NO,1024
chr17,55131187,55132054,NO,867
chr7,148419489,148420614,NO,1125
chr4,152065477,152066387,NO,910
chr5,150113787,150115062,NO,1275
chr1,25236854,25238263,NO,1409
chr11,122060130,122062708,NO,2578
chr5,75986568,75987736,NO,1168
chr5,92585352,92585992,NO,640
chr1,208308940,208310134,NO,1194
chr12,66429787,66430745,NO,958
chr5,74615545,74616330,NO,785
chr7,44766774,44767619,NO,845
chr1,174998415,174999442,NO,1027
chr17,79800543,79801744,NO,1201
chr1,207212977,207213696,NO,719
chr2,150436517,150437651,NO,1134
chr16,3597784,3598604,NO,820
chr3,16883718,16884938,NO,1220
chr14,89680469,89681350,NO,881
chr3,20064897,20065921,NO,1024
chr6,37409971,37410759,NO,788
chr9,20028250,20029345,NO,1095
chr20,56574050,56575302,NO,1252
chr15,34806278,34807411,NO,1133
chr3,105465142,105465996,NO,854
chr17,37812219,37813619,NO,1400
chr1,200292808,200293865,NO,1057
chr1,31643075,31644338,NO,1263
chr21,18920522,18921302,NO,780
chr20,40040374,40041392,NO,1018
chr14,76629866,76630910,NO,1044
chr9,14534857,14535770,NO,913
chr12,48238068,48239314,NO,1246
chr12,96231873,96242799,NO,10926
chr22,39363158,39364495,NO,1337
chr3,186490134,186491372,NO,1238
chr18,44180869,44181661,NO,792
chr18,57548803,57549842,NO,1039
chr19,23257837,23258622,NO,785
chr12,21704694,21705398,NO,704
chr5,169302134,169303373,NO,1239
chr7,38792634,38793644,NO,1010
chr9,296533,297933,NO,1400
chr4,129493661,129506018,NO,12357
chr14,104820010,104821146,NO,1136
chrX,24511657,24512624,NO,967
chr2,42225253,42226224,NO,971
chr8,141965612,141966466,NO,854
chr10,12647193,12648532,NO,1339
chr2,145795327,145796244,NO,917
chr18,19266252,19267032,NO,780
chr2,48701629,48702505,NO,876
chr10,99681064,99682526,NO,1462
chr20,1757422,1758305,NO,883
chr7,156400372,156401240,NO,868
chr9,130554869,130556058,NO,1189
chr13,24922397,24923525,NO,1128
chr21,38282692,38283539,NO,847
chr18,47640652,47641763,NO,1111
chr5,67829902,67830834,NO,932
chr2,173724458,173726317,NO,1859
chr5,34698294,34700899,NO,2605
chr6,33597858,33599076,NO,1218
chr5,17118451,17119575,NO,1124
chr18,47172075,47172839,NO,764
chr12,92691180,92692428,NO,1248
chr10,45065142,45072930,NO,7788
chr2,10134467,10135475,NO,1008
chr15,38334741,38335818,NO,1077
chr9,120468353,120478210,NO,9857
chr5,122774653,122775451,NO,798
chr2,213969156,213970154,NO,998
chr11,64422139,64423510,NO,1371
chr11,121208338,121209476,NO,1138
chr15,62617672,62618469,NO,797
chr7,139952720,139953772,NO,1052
chr1,16448654,16449730,NO,1076
chr10,69871014,69871737,NO,723
chr15,100755495,100756396,NO,901
chr13,51154668,51155142,NO,474
chr12,68932470,68933474,NO,1004
chr2,72160906,72163123,NO,2217
chr11,6638366,6639292,NO,926
chr4,39708071,39708775,NO,704
chr11,122954123,122955048,NO,925
chr4,85570383,85571170,NO,787
chr19,47108121,47109417,NO,1296
chr11,68974320,68975259,NO,939
chr1,51086193,51086931,NO,738
chr13,77961000,77961544,NO,544
chr1,154130018,154130682,NO,664
chr22,32319147,32320225,NO,1078
chr20,31718464,31719460,NO,996
chr3,100701321,100702156,NO,835
chr9,118849504,118850449,NO,945
chrX,100352348,100353057,NO,709
chr15,58088993,58089740,NO,747
chr22,43576969,43578930,NO,1961
chr6,33636077,33637056,NO,979
chr9,135140971,135141845,NO,874
chr2,238831607,238832695,NO,1088
chr13,35244529,35245458,NO,929
chr4,22502182,22502992,NO,810
chr9,97802212,97803296,NO,1084
chr1,204854314,204855199,NO,885
chr22,36391229,36391862,NO,633
chr8,90771375,90772184,NO,809
chr1,8689166,8690229,NO,1063
chr11,708952,710265,NO,1313
chr5,35479236,35479884,NO,648
chr9,18632575,18633659,NO,1084
chr4,141777708,141778559,NO,851
chr2,478947,480104,NO,1157
chr11,2286907,2287806,NO,899
chr1,236910315,236911099,NO,784
chr13,52219869,52220791,NO,922
chr10,80270147,80271228,NO,1081
chr1,67467267,67467997,NO,730
chrX,7170145,7171068,NO,923
chr6,4581959,4582967,NO,1008
chr1,170506115,170506897,NO,782
chr1,42806206,42807177,NO,971
chr9,113681354,113682598,NO,1244
chr20,56629477,56630831,NO,1354
chr4,114881856,114883494,NO,1638
chr2,152918687,152919590,NO,903
chr2,143584700,143585211,NO,511
chr8,52703524,52704311,NO,787
chr22,42770208,42771157,NO,949
chr2,30788590,30789272,NO,682
chr8,139594026,139595292,NO,1266
chr7,105435237,105436234,NO,997
chr12,20426828,20427451,NO,623
chr5,9431480,9432252,NO,772
chr7,46899459,46900484,NO,1025
chr17,20492053,20493091,NO,1038
chr11,100904813,100905581,NO,768
chr15,63250107,63251116,NO,1009
chr5,159355086,159356058,NO,972
chr12,40552511,40553061,NO,550
chr2,100036556,100037796,NO,1240
chr6,123870769,123871741,NO,972
chr1,116087901,116089189,NO,1288
chr1,169012957,169013632,NO,675
chr12,29735069,29735881,NO,812
chr20,35856287,35857493,NO,1206
chr9,97778581,97779270,NO,689
chr21,36336818,36337795,NO,977
chr19,23562248,23563034,NO,786
chr17,38347301,38348442,NO,1141
chr17,64772819,64773612,NO,793
chr3,187793462,187794552,NO,1090
chr8,18575103,18575813,NO,710
chr7,23116462,23117547,NO,1085
chr16,31477937,31479076,NO,1139
chr6,1515189,1527815,NO,12626
chr13,93879019,93881079,NO,2060
chr22,45044207,45045416,NO,1209
chr2,240122270,240123431,NO,1161
chr21,37361485,37362114,NO,629
chr3,194017883,194018596,NO,713
chr2,96748246,96749683,NO,1437
chr4,41592270,41593014,NO,744
chr9,77757078,77766052,NO,8974
chr13,77874623,77875399,NO,776
chr6,135229734,135230709,NO,975
chr9,99319028,99319807,NO,779
chr17,66292422,66293737,NO,1315
chr8,130897586,130898556,NO,970
chr14,101158814,101159921,NO,1107
chr2,217575303,217576438,NO,1135
chr1,206806599,206807447,NO,848
chr13,113260330,113261320,NO,990
chr2,207275210,207275830,NO,620
chr6,18330419,18331293,NO,874
chr4,89780273,89780988,NO,715
chr9,128170277,128171252,NO,975
chr10,46076162,46076805,NO,643
chr6,56355999,56356928,NO,929
chr22,44540884,44542507,NO,1623
chr10,43872137,43873450,NO,1313
chr3,75690217,75691017,NO,800
chr1,172214422,172215137,NO,715
chr4,25537949,25539064,NO,1115
chr18,34366883,34367682,NO,799
chr20,60709499,60710275,NO,776
chr7,80309390,80310228,NO,838
chr3,177423758,177424783,NO,1025
chr12,105503312,105504044,NO,732
chr3,131068407,131069231,NO,824
chr3,64398645,64399941,NO,1296
chr9,136679629,136692305,NO,12676
chr19,44303539,44304784,NO,1245
chr19,17649816,17650851,NO,1035
chr14,103981038,103981829,NO,791
chr11,108724434,108725272,NO,838
chr3,187880271,187881273,NO,1002
chr8,49583746,49584661,NO,915
chr3,113379073,113379986,NO,913
chr1,151933686,151934331,NO,645
chr5,168311970,168313106,NO,1136
chr9,100565647,100566600,NO,953
chr18,34123904,34125051,NO,1147
chr1,161140543,161142248,NO,1705
chr3,8559630,8560649,NO,1019
chr9,16413776,16414403,NO,627
chr8,141219957,141221138,NO,1181
chr1,154357517,154358633,NO,1116
chr2,15813492,15814558,NO,1066
chr5,56949320,56950083,NO,763
chr2,8259734,8260723,NO,989
chr6,21738316,21739137,NO,821
chr15,33153888,33166177,NO,12289
chr15,80252779,80253265,NO,486
chr8,107619360,107620636,NO,1276
chr10,53061263,53061904,NO,641
chr5,179453526,179454313,NO,787
chr20,8125288,8126043,NO,755
chr15,68479623,68480317,NO,694
chr7,33846314,33847264,NO,950
chr5,135081203,135082331,NO,1128
chr17,47964391,47965765,NO,1374
chr13,45333304,45334919,NO,1615
chr5,73044264,73045092,NO,828
chr5,141947686,141948501,NO,815
chr20,32275855,32276978,NO,1123
chr6,133240273,133241154,NO,881
chr14,63959317,63960088,NO,771
chr9,140708609,140709654,NO,1045
chr5,15008513,15009426,NO,913
chr15,51455424,51456015,NO,591
chr21,42542723,42543518,NO,795
chr20,4004268,4005213,NO,945
chr5,11000668,11001570,NO,902
chr6,107844558,107845317,NO,759
chr6,32046956,32048066,NO,1110
chr1,11654611,11656021,NO,1410
chrX,18635059,18635842,NO,783
chr9,90707518,90708485,NO,967
chr1,15068474,15069632,NO,1158
chr1,21476012,21476897,NO,885
chr2,60643417,60644193,NO,776
chr21,37632352,37632969,NO,617
chr11,30006498,30007211,NO,713
chr18,11887812,11893965,NO,6153
chr8,125879965,125880818,NO,853
chr18,8375278,8376806,NO,1528
chr1,57154278,57155154,NO,876
chr9,136074709,136075655,NO,946
chr9,6931911,6932691,NO,780
chr9,108692083,108692833,NO,750
chr6,25086813,25087556,NO,743
chr6,159331435,159332106,NO,671
chr7,55035285,55036137,NO,852
chr1,183811017,183812151,NO,1134
chr4,71502943,71503650,NO,707
chr20,10786335,10787290,NO,955
chr1,216958434,216959159,NO,725
chr6,136466761,136467536,NO,775
chr1,31270486,31283252,NO,12766
chr17,73099682,73100491,NO,809
chr4,106823887,106824733,NO,846
chr12,69824540,69825905,NO,1365
chrX,109083104,109084093,NO,989
chr13,76297975,76298680,NO,705
chr3,194247759,194258872,NO,11113
chr7,16960175,16961267,NO,1092
chr10,32292847,32293699,NO,852
chr15,55790160,55791047,NO,887
chrX,39003797,39004531,NO,734
chr5,167519974,167520870,NO,896
chr7,155682089,155684044,NO,1955
chr22,46315084,46316421,NO,1337
chr8,91952745,91953574,NO,829
chr7,55000801,55001476,NO,675
chr2,192890605,192891481,NO,876
chr9,4237759,4238601,NO,842
chr11,16313896,16314534,NO,638
chrX,70734261,70735020,NO,759
chr2,70294978,70295904,NO,926
chr10,97596844,97597564,NO,720
chr3,170916283,170917222,NO,939
chr1,237145217,237146023,NO,806
chr18,57137847,57138743,NO,896
chr7,96018011,96018805,NO,794
chr12,47491230,47492231,NO,1001
chr8,21531747,21533035,NO,1288
chr9,72775344,72776389,NO,1045
chr1,174911697,174912732,NO,1035
chr7,50689530,50690452,NO,922
chr18,56060466,56061227,NO,761
chr3,54087765,54088608,NO,843
chr2,218468874,218469881,NO,1007
chr3,196729132,196730105,NO,973
chr17,32503817,32504752,NO,935
chr8,26558996,26559752,NO,756
chr15,63662932,63664054,NO,1122
chr9,117353576,117354539,NO,963
chr19,51228186,51229059,NO,873
chr3,4728106,4728871,NO,765
chr8,141358721,141359906,NO,1185
chr20,3358585,3359610,NO,1025
chr5,4699215,4700312,NO,1097
chr1,146556069,146556941,NO,872
chr15,99297123,99298119,NO,996
chr17,1460400,1461301,NO,901
chr6,31493545,31494287,NO,742
chr15,29744749,29745823,NO,1074
chr18,7896518,7897488,NO,970
chr12,19931713,19932871,NO,1158
chr1,200635241,200635883,NO,642
chr3,97601629,97602280,NO,651
chr3,63313816,63314766,NO,950
chr5,149680035,149681396,NO,1361
chr2,32842677,32847961,NO,5284
chr10,53639261,53639937,NO,676
chr8,54408713,54410416,NO,1703
chr2,19303945,19305201,NO,1256
chr6,52746836,52747544,NO,708
chr8,66893439,66894210,NO,771
chr1,79116838,79117574,NO,736
chr14,61854780,61855485,NO,705
chr2,197264049,197264843,NO,794
chr13,103477620,103478333,NO,713
chr4,37838478,37839460,NO,982
chr10,124316669,124317335,NO,666
chr6,53128456,53129786,NO,1330
chr20,30873091,30873902,NO,811
chr13,75768391,75769396,NO,1005
chr20,39700922,39701658,NO,736
chrX,48748342,48749707,NO,1365
chr7,90713596,90714362,NO,766
chr1,146639123,146639662,NO,539
chr1,32354550,32355467,NO,917
chr2,37797664,37798698,NO,1034
chr11,62725937,62727231,NO,1294
chr9,20558069,20570078,NO,12009
chr2,96986707,96988031,NO,1324
chr16,57374715,57375725,NO,1010
chr3,181079768,181080506,NO,738
chr8,81580400,81581436,NO,1036
chr1,209162027,209162736,NO,709
chr1,176534873,176536149,NO,1276
chr1,8631491,8632222,NO,731
chr17,21163659,21164373,NO,714
chr10,18622867,18623729,NO,862
chr16,74937395,74938142,NO,747
chr13,41372517,41373484,NO,967
chr3,185434121,185435246,NO,1125
chr9,86761684,86762596,NO,912
chr11,16877938,16879062,NO,1124
chr22,42032220,42033206,NO,986
chr5,127193803,127194751,NO,948
chr11,61137016,61137991,NO,975
chr20,30109671,30110200,NO,529
chr22,50972270,50973292,NO,1022
chr2,189198367,189199130,NO,763
chr19,16774842,16775681,NO,839
chr9,8960978,8961990,NO,1012
chr16,85903510,85906793,NO,3283
chr17,1294322,1295076,NO,754
chr3,153960385,153961011,NO,626
chr2,169440177,169440834,NO,657
chr12,111330611,111331610,NO,999
chr14,60469509,60470220,NO,711
chr6,33807876,33808795,NO,919
chr12,20152125,20152878,NO,753
chr6,90118878,90119689,NO,811
chr10,53654860,53655924,NO,1064
chr16,57990852,57992438,NO,1586
chr6,25121790,25122722,NO,932
chr19,29373462,29374936,NO,1474
chr16,90022923,90024362,NO,1439
chr7,69426839,69433187,NO,6348
chrX,3557688,3558987,NO,1299
chr12,31782580,31783613,NO,1033
chr1,12696011,12696905,NO,894
chr8,95704426,95705154,NO,728
chr20,33063803,33064556,NO,753
chr7,27200012,27200929,NO,917
chr1,229252847,229254056,NO,1209
chr5,90670296,90671091,NO,795
chrX,152965134,152966104,NO,970
chr7,18429590,18430561,NO,971
chr4,75955780,75956648,NO,868
chr19,10316779,10317935,NO,1156
chr5,122184681,122185319,NO,638
chr3,65553589,65554564,NO,975
chr17,15254471,15255198,NO,727
chr10,114887998,114889240,NO,1242
chr12,31522908,31523831,NO,923
chr19,49898245,49899507,NO,1262
chr1,59447852,59448874,NO,1022
chr16,30541425,30542494,NO,1069
chr3,23782006,23782915,NO,909
chr5,159657437,159658456,NO,1019
chr11,33085305,33086443,NO,1138
chr4,48495999,48497180,NO,1181
chr15,71511375,71512266,NO,891
chr3,196397032,196397946,NO,914
chr5,179758021,179759209,NO,1188
chr9,100799604,100800455,NO,851
chr9,112469859,112470627,NO,768
chr18,844724,845804,NO,1080
chr7,44117961,44119278,NO,1317
chr6,34787130,34787853,NO,723
chr7,30361807,30362581,NO,774
chr7,104992410,104993270,NO,860
chrX,16846409,16847124,NO,715
chr6,42194203,42195894,NO,1691
chr9,93839737,93840553,NO,816
chr9,103360230,103361395,NO,1165
chr7,106925839,106926918,NO,1079
chr4,1941558,1942761,NO,1203
chr9,138833276,138834338,NO,1062
chr7,92645011,92646271,NO,1260
chrX,100235325,100236577,NO,1252
chr18,66504647,66507114,NO,2467
chr2,19849709,19850503,NO,794
chr20,2269832,2282060,NO,12228
chr10,61567463,61568370,NO,907
chr9,97861396,97862630,NO,1234
chr6,162888419,162889165,NO,746
chrX,130912603,130913342,NO,739
chr6,13578815,13579484,NO,669
chr1,146976207,146977127,NO,920
chr12,86105511,86106329,NO,818
chr20,8608089,8608862,NO,773
chr14,96003683,96004452,NO,769
chr2,128953188,128954529,NO,1341
chr6,33272547,33273664,NO,1117
chr18,61999382,62000488,NO,1106
chr13,20993734,20994755,NO,1021
chr22,42792514,42793459,NO,945
chr5,41908658,41909466,NO,808
chr3,45024219,45025233,NO,1014
chr11,19532374,19533969,NO,1595
chr1,42608254,42609140,NO,886
chr12,93147305,93148296,NO,991
chr8,38205254,38206027,NO,773
chr20,44632883,44634077,NO,1194
chr7,14453663,14454386,NO,723
chr6,16109465,16110547,NO,1082
chrX,69388258,69389426,NO,1168
chr12,48171558,48172443,NO,885
chr9,137493865,137495202,NO,1337
chr4,130466596,130467504,NO,908
chr16,87378216,87379720,NO,1504
chr4,170054741,170055589,NO,848
chr22,17567335,17568672,NO,1337
chr6,168134280,168135469,NO,1189
chr5,15334202,15335156,NO,954
chr11,85538068,85538970,NO,902
chr12,32636189,32636923,NO,734
chr12,68849538,68850426,NO,888
chr4,3252283,3253224,NO,941
chr2,112730490,112731348,NO,858
chr19,52451759,52452897,NO,1138
chr1,51703504,51704335,NO,831
chr2,16937553,16938651,NO,1098
chr1,236027770,236028792,NO,1022
chr13,41187555,41188748,NO,1193
chr1,62417328,62418209,NO,881
chr6,37275345,37276523,NO,1178
chr14,103893624,103894571,NO,947
chr9,131256255,131257664,NO,1409
chr5,168080762,168081598,NO,836
chr3,30327562,30328290,NO,728
chr2,234239739,234240529,NO,790
chr11,6399386,6400305,NO,919
chr2,113431758,113432711,NO,953
chr13,75149848,75150698,NO,850
chr17,4347717,4348757,NO,1040
chr7,28966157,28966862,NO,705
chr8,139842931,139844072,NO,1141
chr19,8370752,8372021,NO,1269
chr12,94567458,94568209,NO,751
chr18,51787195,51788057,NO,862
chr2,112375451,112376668,NO,1217
chr13,24313490,24314621,NO,1131
chr13,25245610,25246675,NO,1065
chr17,42154546,42155808,NO,1262
chr1,152432253,152432901,NO,648
chr15,95712711,95713997,NO,1286
chr2,122726881,122727842,NO,961
chr2,234198281,234199377,NO,1096
chr21,29483384,29483993,NO,609
chr14,73031559,73032743,NO,1184
chr4,89579908,89580704,NO,796
chr5,71461898,71476124,NO,14226
chr2,42595789,42597050,NO,1261
chr9,133977572,133978868,NO,1296
chr2,65225474,65226318,NO,844
chr5,148727229,148728131,NO,902
chr13,23864098,23864830,NO,732
chr5,172377998,172379261,NO,1263
chr7,142449261,142450163,NO,902
chr11,120910789,120911382,NO,593
chr8,82317541,82318479,NO,938
chr3,187881639,187882610,NO,971
chr7,55636484,55637463,NO,979
chr17,1640548,1641891,NO,1343
chr8,42591710,42592848,NO,1138
chr1,120217786,120219028,NO,1242
chr5,143092443,143093567,NO,1124
chr13,73822990,73823768,NO,778
chr4,15754754,15756310,NO,1556
chr8,145077521,145078339,NO,818
chr6,43403421,43405138,NO,1717
chr12,63040920,63042150,NO,1230
chr1,95507696,95508393,NO,697
chr17,36832746,36833810,NO,1064
chr1,150037005,150037712,NO,707
chr15,45438399,45439828,NO,1429
chr18,32076036,32076975,NO,939
chrX,129157846,129158864,NO,1018
chr4,187869590,187870718,NO,1128
chr11,8980463,8981158,NO,695
chr9,82238697,82239603,NO,906
chr3,130445967,130446519,NO,552
chr11,46015033,46015818,NO,785
chr1,2189336,2190103,NO,767
chrX,71601500,71602339,NO,839
chr18,75883029,75883879,NO,850
chr3,30867768,30868506,NO,738
chr11,74292242,74292963,NO,721
chr6,164362364,164363222,NO,858
chr1,164793850,164794620,NO,770
chr9,16867613,16868305,NO,692
chr12,50410835,50412042,NO,1207
chr15,94930300,94931584,NO,1284
chr19,43942495,43943262,NO,767
chr3,8580929,8581491,NO,562
chr12,112534444,112535211,NO,767
chr1,230904538,230905329,NO,791
chr17,16158596,16159472,NO,876
chr11,106859173,106859972,NO,799
chr2,38471550,38472453,NO,903
chr5,67267971,67268853,NO,882
chr19,34980844,34981784,NO,940
chr18,45754391,45755718,NO,1327
chr1,54422420,54423446,NO,1026
chr1,12465179,12466341,NO,1162
chr3,113502800,113503382,NO,582
chr4,95916630,95917594,NO,964
chr2,222308786,222309392,NO,606
chr20,50267131,50268982,NO,1851
chr5,111481506,111482606,NO,1100
chr3,99854993,99855601,NO,608
chr4,184319331,184328785,NO,9454
chr16,3726919,3727952,NO,1033
chr19,53659643,53660357,NO,714
chr17,6997331,6998386,NO,1055
chr3,124372886,124373712,NO,826
chr19,22397886,22398739,NO,853
chr18,76053221,76054168,NO,947
chr11,60838524,60839453,NO,929
chr8,117670367,117671277,NO,910
chr2,240735708,240736486,NO,778
chr4,106558777,106559348,NO,571
chr3,99818467,99819227,NO,760
chr2,192250539,192252282,NO,1743
chr4,15386211,15387349,NO,1138
chr2,71872602,71873746,NO,1144
chr4,123775601,123776895,NO,1294
chr1,232644980,232645948,NO,968
chr19,49961426,49962263,NO,837
chr1,234225779,234226652,NO,873
chr17,55859021,55859930,NO,909
chr11,47164326,47165442,NO,1116
chr10,10928556,10929244,NO,688
chr2,8869969,8871041,NO,1072
chr11,62138434,62139115,NO,681
chr20,46915393,46916546,NO,1153
chr16,81971148,81971849,NO,701
chr6,132832079,132832899,NO,820
chr1,33405245,33406034,NO,789
chr20,36880692,36881678,NO,986
chr12,48172573,48174428,NO,1855
chr12,70395985,70397035,NO,1050
chr1,172795395,172796075,NO,680
chr16,31451917,31452721,NO,804
chr17,71224987,71225710,NO,723
chr6,34351496,34352300,NO,804
chr1,36316713,36317321,NO,608
chr9,122725598,122726502,NO,904
chr2,223743899,223744759,NO,860
chr18,45598691,45600392,NO,1701
chr8,47829338,47830252,NO,914
chr1,163844334,163845457,NO,1123
chr13,81151584,81152426,NO,842
chr7,116660165,116661064,NO,899
chr2,85442299,85443604,NO,1305
chr4,183369594,183370492,NO,898
chr14,103315399,103316442,NO,1043
chr7,6837756,6838612,NO,856
chrX,40104075,40105202,NO,1127
chr17,1156994,1157557,NO,563
chrX,123327371,123328474,NO,1103
chr14,34720689,34721503,NO,814
chr5,112020027,112021124,NO,1097
chr17,2342367,2342948,NO,581
chr3,65534515,65535599,NO,1084
chr11,108422165,108432966,NO,10801
chr17,48349705,48350902,NO,1197
chr16,66222972,66223839,NO,867
chr5,36723978,36725361,NO,1383
chr15,57698088,57698870,NO,782
chr11,69875146,69876516,NO,1370
chr7,72996033,73002666,NO,6633
chr18,57571666,57572675,NO,1009
chr5,101567986,101579192,NO,11206
chr6,76058989,76059896,NO,907
chr10,24368496,24369277,NO,781
chr8,33438505,33439601,NO,1096
chr3,52502127,52502899,NO,772
chr3,72572283,72573390,NO,1107
chr12,6988455,6989281,NO,826
chr2,72430882,72432158,NO,1276
chr1,193186181,193187042,NO,861
chr21,10163777,10164268,NO,491
chr18,72057050,72063631,NO,6581
chr14,90038906,90039678,NO,772
chr11,68036675,68038042,NO,1367
chr1,229698699,229699675,NO,976
chr8,52579992,52580743,NO,751
chr3,159429274,159430185,NO,911
chr4,74738309,74739258,NO,949
chr16,16213550,16214945,NO,1395
chr2,38264836,38265631,NO,795
chr9,120545258,120546085,NO,827
chr6,122101374,122102546,NO,1172
chr9,116437471,116438464,NO,993
chr9,97774543,97775200,NO,657
chr2,7117838,7118917,NO,1079
chr9,38339133,38340195,NO,1062
chr7,23157698,23158316,NO,618
chr1,95073299,95074634,NO,1335
chr3,79355424,79355852,NO,428
chr1,56161814,56162733,NO,919
chr6,141804628,141805366,NO,738
chr7,106005708,106006454,NO,746
chr19,41873421,41874539,NO,1118
chr20,52684285,52685025,NO,740
chrX,109288635,109289474,NO,839
chr14,33126013,33126732,NO,719
chr13,29703801,29715299,NO,11498
chr12,113764348,113765217,NO,869
chr2,20304113,20304942,NO,829
chr7,284692,285784,NO,1092
chr1,178095760,178096382,NO,622
chr4,159931278,159932010,NO,732
chr7,5965560,5966416,NO,856
chr1,168025428,168025950,NO,522
chr7,101768163,101768848,NO,685
chr11,60009551,60010748,NO,1197
chr7,45228277,45229677,NO,1400
chr18,47719401,47720631,NO,1230
chr2,242280001,242280644,NO,643
chr8,54569592,54570737,NO,1145
chrX,76998729,76999505,NO,776
chr18,395100,396354,NO,1254
chr12,52557462,52558360,NO,898
chr8,27546389,27547489,NO,1100
chr15,51369111,51370069,NO,958
chr10,3976888,3977954,NO,1066
chr7,54879227,54879991,NO,764
chr10,101192693,101193562,NO,869
chr2,2616856,2617529,NO,673
chr4,145503164,145506314,NO,3150
chr16,87240807,87241828,NO,1021
chr17,68518068,68518694,NO,626
chr16,1068625,1070141,NO,1516
chr11,46513310,46514029,NO,719
chr9,12972555,12973381,NO,826
chr1,157104955,157106353,NO,1398
chr9,89996487,89997117,NO,630
chr14,25243517,25244275,NO,758
chr10,35442334,35443141,NO,807
chr16,66467186,66468098,NO,912
chr2,206525293,206526034,NO,741
chr1,92066167,92067093,NO,926
chr21,47767570,47768677,NO,1107
chr1,161410049,161410694,NO,645
chr15,66870700,66871367,NO,667
chr19,56098037,56098949,NO,912
chr5,111911809,111912640,NO,831
chr20,21303395,21304087,NO,692
chr12,83140182,83140899,NO,717
chr10,60336549,60337325,NO,776
chr2,164483216,164483847,NO,631
chr6,140028892,140029728,NO,836
chr19,38283154,38284190,NO,1036
chr17,49195684,49196420,NO,736
chr17,73365910,73366620,NO,710
chr19,52274842,52275684,NO,842
chr2,86428818,86429518,NO,700
chr2,134598957,134599670,NO,713
chr2,48095611,48096479,NO,868
chr9,97773433,97774131,NO,698
chr12,92270538,92271311,NO,773
chr12,72087681,72088454,NO,773
chr6,21022610,21023151,NO,541
chr8,82301747,82302391,NO,644
chr10,44693763,44694828,NO,1065
chr16,57624655,57625739,NO,1084
chr9,131041226,131042802,NO,1576
chr20,42613497,42614705,NO,1208
chr1,203738480,203739380,NO,900
chr7,130934191,130935323,NO,1132
chr13,111698374,111699448,NO,1074
chr16,17527219,17527882,NO,663
chr17,67043823,67044694,NO,871
chr22,28245677,28246505,NO,828
chr1,2524589,2526265,NO,1676
chr4,141711376,141711973,NO,597
chr18,7790050,7790611,NO,561
chr2,122040202,122041374,NO,1172
chr2,70295971,70296688,NO,717
chr7,42871792,42872536,NO,744
chr9,35743963,35745104,NO,1141
chr2,28789852,28790376,NO,524
chr15,95387561,95399218,NO,11657
chr2,222897746,222898497,NO,751
chr10,90641593,90642334,NO,741
chr15,68253563,68254789,NO,1226
chr7,27913496,27914699,NO,1203
chr17,74025380,74026372,NO,992
chr3,132002379,132003431,NO,1052
chr15,50194067,50194696,NO,629
chr4,159234488,159236704,NO,2216
chr3,64714168,64715127,NO,959
chr8,142348518,142349115,NO,597
chr22,43532272,43533372,NO,1100
chr21,29894273,29895079,NO,806
chr14,96751711,96752493,NO,782
chr12,110421388,110422168,NO,780
chr16,31507615,31508876,NO,1261
chr4,149087275,149087813,NO,538
chr9,75563861,75564515,NO,654
chr8,80978006,80979068,NO,1062
chr16,22380332,22380952,NO,620
chr12,100591421,100592329,NO,908
chr9,6106750,6107461,NO,711
chr1,116209166,116210064,NO,898
chr6,109119109,109120597,NO,1488
chr19,7463506,7464445,NO,939
chr3,171684438,171685497,NO,1059
chr1,172903340,172903968,NO,628
chr3,63919644,63920274,NO,630
chr1,21754294,21755411,NO,1117
chr4,7035964,7037166,NO,1202
chr7,5496592,5497877,NO,1285
chr12,3813713,3814416,NO,703
chr2,157982669,157984241,NO,1572
chr22,31981593,31982519,NO,926
chr19,23299713,23300364,NO,651
chr10,62332116,62332894,NO,778
chr17,45382093,45383129,NO,1036
chr3,193923239,193924457,NO,1218
chr3,38541222,38541967,NO,745
chr14,104021912,104022625,NO,713
chr18,21002659,21003610,NO,951
chr1,162162896,162163904,NO,1008
chr2,178476017,178477016,NO,999
chr2,134178909,134179900,NO,991
chr1,142890601,142891092,NO,491
chr6,78078331,78079083,NO,752
chr6,41007764,41009028,NO,1264
chr15,85246151,85247157,NO,1006
chr14,51126098,51126875,NO,777
chr11,7576475,7577219,NO,744
chr15,69611875,69612865,NO,990
chr5,172321961,172323089,NO,1128
chr1,20649669,20650876,NO,1207
chr8,16219790,16220444,NO,654
chr18,53806136,53807165,NO,1029
chr6,46739054,46740766,NO,1712
chr4,48596676,48597241,NO,565
chr9,119082520,119083418,NO,898
chr10,24297114,24298088,NO,974
chr4,25302459,25303152,NO,693
chr4,53735189,53736028,NO,839
chr16,2575818,2576747,NO,929
chr11,57825738,57826743,NO,1005
chr9,117670057,117671089,NO,1032
chr4,99487132,99488253,NO,1121
chr15,99883905,99884565,NO,660
chr17,26311587,26312711,NO,1124
chr11,34444768,34445628,NO,860
chr11,29141478,29142277,NO,799
chr5,142562765,142563593,NO,828
chr20,35923758,35924595,NO,837
chr20,3691408,3692358,NO,950
chr17,80419455,80421116,NO,1661
chr6,16836643,16837624,NO,981
chr15,39696714,39697726,NO,1012
chr5,146883513,146884290,NO,777
chr9,96074797,96075539,NO,742
chr3,187491193,187492256,NO,1063
chr16,5256816,5257551,NO,735
chr2,220443718,220444528,NO,810
chr2,122282143,122283196,NO,1053
chr5,171430348,171431000,NO,652
chr19,47121909,47122785,NO,876
chr20,30131627,30133101,NO,1474
chr2,191278130,191278923,NO,793
chr12,132431890,132432709,NO,819
chr1,166277179,166277892,NO,713
chr5,149317290,149318070,NO,780
chr1,161931809,161932563,NO,754
chr9,18786005,18786818,NO,813
chr15,68809798,68810964,NO,1166
chr3,69714092,69714920,NO,828
chr8,100872072,100872744,NO,672
chr15,100076468,100077419,NO,951
chr10,77482711,77483450,NO,739
chr20,13211390,13212117,NO,727
chr5,138603943,138604879,NO,936
chr2,67486935,67487999,NO,1064
chr18,3710644,3711301,NO,657
chr11,103606414,103607232,NO,818
chrX,40935891,40936490,NO,599
chr5,169759890,169760950,NO,1060
chr16,46745060,46745944,NO,884
chr12,104963253,104964374,NO,1121
chr1,167721908,167722785,NO,877
chr19,6723045,6723631,NO,586
chr11,126833919,126834632,NO,713
chr14,101942240,101943596,NO,1356
chr21,40935246,40936153,NO,907
chr9,103342246,103343024,NO,778
chr12,107908837,107909581,NO,744
chr10,37091614,37092346,NO,732
chr2,19234978,19235869,NO,891
chr3,101924928,101926186,NO,1258
chr12,7057944,7058837,NO,893
chr6,82875984,82876837,NO,853
chr2,118593556,118594589,NO,1033
chr9,116072406,116073351,NO,945
chr3,8634880,8635638,NO,758
chr14,28733391,28734049,NO,658
chrX,76307679,76308435,NO,756
chr9,102873345,102874254,NO,909
chr22,25439583,25440750,NO,1167
chr4,124260908,124261611,NO,703
chr3,106982510,106983298,NO,788
chr6,32828769,32829559,NO,790
chr18,28805424,28806216,NO,792
chr19,17152373,17153234,NO,861
chr18,46014259,46015672,NO,1413
chr1,247570502,247571192,NO,690
chr2,162915154,162916036,NO,882
chr6,14276232,14277361,NO,1129
chr5,81187955,81188505,NO,550
chr4,173883729,173884553,NO,824
chr6,125932592,125933537,NO,945
chr12,15359029,15359780,NO,751
chr15,80971738,80972629,NO,891
chr2,24526620,24527261,NO,641
chr18,33196388,33197175,NO,787
chr4,169828313,169829004,NO,691
chr19,52332739,52333285,NO,546
chr3,12446695,12447570,NO,875
chr1,36856321,36857267,NO,946
chr11,61184386,61185203,NO,817
chr2,177355068,177355813,NO,745
chr11,63529861,63530915,NO,1054
chr1,77165393,77166272,NO,879
chr15,51002199,51002779,NO,580
chr2,104956840,104957514,NO,674
chr15,100223319,100223998,NO,679
chr16,50742240,50743034,NO,794
chr13,95833181,95833998,NO,817
chr3,55474440,55475276,NO,836
chr11,45766533,45767522,NO,989
chr6,90808090,90808918,NO,828
chr4,153611014,153611819,NO,805
chr8,42650423,42652185,NO,1762
chr2,38742379,38743236,NO,857
chr15,100850532,100851902,NO,1370
chr22,35552414,35553386,NO,972
chr6,134537879,134538591,NO,712
chr2,110035779,110036693,NO,914
chr1,56134931,56135948,NO,1017
chr3,70938430,70939080,NO,650
chr13,113737323,113738410,NO,1087
chr1,150509898,150511336,NO,1438
chr4,185818219,185818942,NO,723
chr10,12886812,12887509,NO,697
chr9,32426221,32426943,NO,722
chr9,139544231,139544986,NO,755
chr19,35949524,35950557,NO,1033
chr6,69349457,69350188,NO,731
chr22,40858976,40859672,NO,696
chr3,136558095,136559124,NO,1029
chr6,137469387,137469877,NO,490
chr7,6035337,6036033,NO,696
chr1,46634997,46635986,NO,989
chr3,151178392,151179217,NO,825
chr21,36900816,36901673,NO,857
chr11,10480303,10481341,NO,1038
chr19,10055800,10056612,NO,812
chr1,183708101,183709255,NO,1154
chr5,159560178,159560984,NO,806
chr5,52239270,52240380,NO,1110
chr1,89666653,89667434,NO,781
chr5,82663766,82664545,NO,779
chr12,47801417,47802148,NO,731
chrX,109195165,109196109,NO,944
chrX,149252042,149252914,NO,872
chr14,71708683,71709434,NO,751
chr20,10891046,10891819,NO,773
chr12,51764974,51765896,NO,922
chr7,129546708,129547426,NO,718
chr11,103671089,103671877,NO,788
chr18,60859188,60860180,NO,992
chr17,61896718,61897560,NO,842
chr4,148058021,148058724,NO,703
chr16,23868487,23870057,NO,1570
chr15,25982572,25983686,NO,1114
chr3,47829904,47830513,NO,609
chr10,29272909,29273678,NO,769
chr11,697418,698399,NO,981
chr22,34055286,34055919,NO,633
chr7,107271840,107272642,NO,802
chrX,33213250,33213867,NO,617
chr17,38754343,38763835,NO,9492
chr17,11511194,11512069,NO,875
chr8,42080656,42081524,NO,868
chr22,27907950,27909030,NO,1080
chr8,82106311,82107083,NO,772
chr9,107889747,107890649,NO,902
chr1,110923614,110924385,NO,771
chr1,117424171,117425087,NO,916
chr2,206948157,206948805,NO,648
chr2,8441937,8442980,NO,1043
chr12,42680598,42681084,NO,486
chr8,30072954,30073745,NO,791
chr1,61742743,61743569,NO,826
chr3,8577353,8578233,NO,880
chr3,114403813,114404522,NO,709
chr3,160587541,160588284,NO,743
chr22,24131888,24132626,NO,738
chr2,101574476,101575334,NO,858
chr15,92367096,92367782,NO,686
chr17,1700536,1701145,NO,609
chr4,140613021,140614025,NO,1004
chr7,127635102,127635838,NO,736
chr2,182920586,182929302,NO,8716
chr16,67675578,67676601,NO,1023
chr22,21822283,21822861,NO,578
chr3,185677939,185678832,NO,893
chr7,128380784,128381509,NO,725
chr14,91205307,91206141,NO,834
chr22,40437115,40437774,NO,659
chr4,72077800,72078559,NO,759
chr12,69868971,69869730,NO,759
chr11,35232585,35234361,NO,1776
chr8,81159550,81160317,NO,767
chr11,11834766,11835447,NO,681
chr10,13002284,13003456,NO,1172
chr12,107983976,107984794,NO,818
chr2,11269519,11270672,NO,1153
chrX,39277745,39278667,NO,922
chr8,124933903,124935107,NO,1204
chr19,19151446,19152062,NO,616
chr8,22962945,22964017,NO,1072
chr2,168975298,168987041,NO,11743
chr1,222168554,222169333,NO,779
chr18,18633275,18634141,NO,866
chr1,229294080,229294849,NO,769
chr15,39627070,39627722,NO,652
chr18,65192468,65193215,NO,747
chr22,30630761,30632078,NO,1317
chr12,53910315,53911339,NO,1024
chrX,118561104,118561793,NO,689
chr10,116585266,116586182,NO,916
chr10,6763621,6764334,NO,713
chr21,17829561,17830217,NO,656
chr1,78702274,78703280,NO,1006
chr5,123645091,123645796,NO,705
chr21,46627851,46628926,NO,1075
chr12,53969431,53970399,NO,968
chr18,55619126,55620217,NO,1091
chr21,32715783,32716628,NO,845
chr4,140436440,140437373,NO,933
chr19,1081273,1082199,NO,926
chr4,186333406,186334309,NO,903
chr3,197381557,197382054,NO,497
chr22,33056785,33057463,NO,678
chr2,179692459,179693170,NO,711
chr6,114084712,114085482,NO,770
chr12,19565544,19566272,NO,728
chr17,76689705,76690527,NO,822
chr2,108424995,108425801,NO,806
chr7,141261969,141262805,NO,836
chr15,66064095,66064610,NO,515
chr1,45799824,45800739,NO,915
chr4,108816637,108817328,NO,691
chr1,32292513,32293203,NO,690
chr5,67483117,67483997,NO,880
chr18,24507915,24508741,NO,826
chr6,17033184,17033903,NO,719
chr9,3337186,3337956,NO,770
chrX,67938734,67939505,NO,771
chr7,116797086,116798243,NO,1157
chr18,3966508,3967302,NO,794
chr3,195361667,195362127,NO,460
chr15,60382746,60383362,NO,616
chr12,77738872,77739500,NO,628
chr1,233858541,233859141,NO,600
chr13,31542322,31543188,NO,866
chr2,145823556,145824184,NO,628
chr14,92411537,92412317,NO,780
chr11,92440133,92441005,NO,872
chr4,149276346,149277154,NO,808
chr7,77356796,77358252,NO,1456
chr19,45922103,45923210,NO,1107
chr19,22966390,22967235,NO,845
chr5,62233910,62234660,NO,750
chr1,35730357,35731077,NO,720
chr8,71578452,71579225,NO,773
chr8,81838409,81839286,NO,877
chr15,82890224,82890833,NO,609
chr15,82592895,82593504,NO,609
chr8,29522430,29523501,NO,1071
chr8,10448511,10449645,NO,1134
chr4,150330605,150331274,NO,669
chr2,121044637,121045557,NO,920
chr13,47215046,47216191,NO,1145
chrX,20533925,20534450,NO,525
chr1,49364471,49364960,NO,489
chr6,31736504,31737787,NO,1283
chr5,141870609,141871310,NO,701
chr14,73311319,73312210,NO,891
chr5,80299970,80300686,NO,716
chr20,45842692,45843345,NO,653
chr16,28956611,28957254,NO,643
chr22,22152079,22152847,NO,768
chr1,40310889,40311670,NO,781
chr6,140332371,140333094,NO,723
chr1,244435541,244436259,NO,718
chr13,40825161,40825985,NO,824
chr15,40063303,40063961,NO,658
chr18,12345795,12346742,NO,947
chr18,14450245,14450978,NO,733
chr18,56105469,56106589,NO,1120
chr10,33442795,33443456,NO,661
chr11,27222844,27223642,NO,798
chr5,2183234,2184486,NO,1252
chr14,56844764,56845393,NO,629
chr2,202517267,202518204,NO,937
chr15,75824622,75825368,NO,746
chrX,67967482,67968164,NO,682
chr11,128050476,128060820,NO,10344
chr15,77360082,77360729,NO,647
chr20,57244018,57244976,NO,958
chr22,37317242,37318437,NO,1195
chr3,186802628,186803294,NO,666
chr12,66025736,66026526,NO,790
chrX,187402,188105,NO,703
chr17,18471385,18473374,NO,1989
chr11,113113492,113114257,NO,765
chr17,9840230,9841202,NO,972
chr15,21967509,21968202,NO,693
chr16,54480004,54481290,NO,1286
chr9,71669616,71670412,NO,796
chr16,66694610,66695346,NO,736
chr3,15081813,15082726,NO,913
chr12,106563432,106564215,NO,783
chr15,81277254,81277889,NO,635
chr22,41128321,41129126,NO,805
chr11,102261382,102262780,NO,1398
chr11,121334831,121335678,NO,847
chr17,1457936,1459285,NO,1349
chr10,119695286,119695988,NO,702
chr1,149824467,149825899,NO,1432
chr2,223436991,223437964,NO,973
chr9,35798581,35799554,NO,973
chr21,39747992,39748992,NO,1000
chr2,33383842,33384512,NO,670
chr4,55795405,55796208,NO,803
chr1,146676102,146676682,NO,580
chr18,59236290,59237430,NO,1140
chr16,27297253,27298053,NO,800
chr12,56558879,56559787,NO,908
chr9,97804652,97805475,NO,823
chr6,21970675,21971510,NO,835
chr2,170874544,170875271,NO,727
chr5,68338772,68339416,NO,644
chr1,115875066,115875997,NO,931
chr4,26289619,26290462,NO,843
chrX,63263690,63264438,NO,748
chr6,13708246,13709279,NO,1033
chr11,75474006,75474830,NO,824
chr13,30716667,30717939,NO,1272
chr13,46914662,46915541,NO,879
chr10,18033219,18034101,NO,882
chr10,17786254,17787136,NO,882
chr17,64901037,64902059,NO,1022
chr4,100777444,100778201,NO,757
chr14,73992697,73993944,NO,1247
chr17,40050967,40052733,NO,1766
chr10,94958497,94959448,NO,951
chr6,14075129,14075824,NO,695
chr2,242208998,242209894,NO,896
chr16,89180711,89190140,NO,9429
chrX,43602329,43604605,NO,2276
chr1,151626419,151627149,NO,730
chr7,79133768,79134737,NO,969
chr16,27558070,27558750,NO,680
chr8,97208568,97209112,NO,544
chrX,67850360,67851249,NO,889
chr22,38686904,38687998,NO,1094
chrX,45709794,45710580,NO,786
chr8,135904898,135905808,NO,910
chr12,21863673,21864369,NO,696
chr14,102369331,102370119,NO,788
chr1,220657086,220657829,NO,743
chr19,49720738,49721476,NO,738
chr13,28903324,28904459,NO,1135
chr18,72121396,72122177,NO,781
chr22,24107952,24108763,NO,811
chr22,30303788,30304478,NO,690
chr5,71405922,71406628,NO,706
chr14,77443778,77444784,NO,1006
chr15,23934900,23935927,NO,1027
chrX,23901218,23902176,NO,958
chr3,121366894,121367640,NO,746
chr3,37859927,37860703,NO,776
chr10,78397647,78398349,NO,702
chr22,19422963,19423551,NO,588
chr11,68694725,68696272,NO,1547
chr7,7801832,7802519,NO,687
chr4,43900922,43901396,NO,474
chr21,30047890,30048521,NO,631
chr5,124202424,124203311,NO,887
chr3,181959398,181960177,NO,779
chr11,96740452,96741374,NO,922
chr7,101812518,101813261,NO,743
chr7,77110758,77111294,NO,536
chr3,132759444,132760444,NO,1000
chr2,120487338,120488574,NO,1236
chr15,96212236,96212902,NO,666
chr22,27642975,27643924,NO,949
chr9,135628238,135629061,NO,823
chr15,49375775,49376408,NO,633
chr4,114303211,114303809,NO,598
chr3,53012032,53012735,NO,703
chr11,22724993,22725590,NO,597
chr14,74100309,74101445,NO,1136
chr9,34046827,34047654,NO,827
chr2,198492699,198493471,NO,772
chr17,74310461,74311223,NO,762
chr4,80004102,80004725,NO,623
chr1,150449663,150450412,NO,749
chr7,111650422,111651555,NO,1133
chr11,64122477,64123402,NO,925
chr20,10057604,10058285,NO,681
chr8,144123608,144124588,NO,980
chr2,230845127,230846040,NO,913
chr15,72754259,72755001,NO,742
chr7,77760090,77760581,NO,491
chr5,9623199,9623835,NO,636
chr16,58739458,58740176,NO,718
chr21,38964765,38965365,NO,600
chr2,30424507,30425220,NO,713
chr3,135686617,135687650,NO,1033
chr4,122313688,122314735,NO,1047
chr14,23421397,23421916,NO,519
chr20,36356024,36356847,NO,823
chr6,111009647,111010691,NO,1044
chr10,115234525,115235338,NO,813
chr3,170807324,170808089,NO,765
chr10,22944662,22945313,NO,651
chr9,89190621,89191525,NO,904
chr5,136408313,136409162,NO,849
chr10,131690136,131691392,NO,1256
chr13,47149836,47150598,NO,762
chr3,4378917,4382538,NO,3621
chr18,25644767,25645481,NO,714
chr4,160192923,160193614,NO,691
chr12,25193768,25194528,NO,760
chrX,43730070,43731134,NO,1064
chr2,42255230,42256201,NO,971
chr2,233457225,233458396,NO,1171
chr9,1232022,1232841,NO,819
chr4,54373972,54374683,NO,711
chr18,9535389,9536206,NO,817
chr11,9841702,9842545,NO,843
chr10,78435514,78436410,NO,896
chr10,64751930,64752619,NO,689
chr15,83668813,83669503,NO,690
chr7,86829119,86829951,NO,832
chr15,23114869,23115592,NO,723
chr3,149886513,149887319,NO,806
chr1,101669383,101670130,NO,747
chr2,179922675,179923751,NO,1076
chr3,100755198,100755936,NO,738
chr8,119344577,119345755,NO,1178
chr2,70318250,70319271,NO,1021
chr22,42359493,42360578,NO,1085
chr9,131814723,131815758,NO,1035
chr11,19410806,19411690,NO,884
chr9,1979943,1980816,NO,873
chr1,221785353,221786023,NO,670
chr1,173361988,173362926,NO,938
chr16,84233538,84234283,NO,745
chr20,25539117,25539856,NO,739
chr4,153505907,153506855,NO,948
chr3,193764871,193765683,NO,812
chr2,197379608,197380376,NO,768
chr2,72177420,72178455,NO,1035
chr16,31441613,31442508,NO,895
chr12,31868168,31868898,NO,730
chr1,183681193,183681923,NO,730
chr14,96011476,96012243,NO,767
chr5,123625133,123625848,NO,715
chr3,25086430,25087167,NO,737
chr1,23703334,23704164,NO,830
chr7,47822991,47823719,NO,728
chr1,45412497,45413732,NO,1235
chr1,24303411,24304262,NO,851
chr11,65959525,65960379,NO,854
chr16,65691985,65692934,NO,949
chrX,76923534,76924196,NO,662
chr8,69168822,69169904,NO,1082
chr13,110839498,110840420,NO,922
chr18,6327989,6328706,NO,717
chr11,11542105,11542922,NO,817
chr1,246110196,246118108,NO,7912
chr7,142976067,142976856,NO,789
chr8,52598597,52599214,NO,617
chr2,1230996,1232191,NO,1195
chr4,96437481,96438303,NO,822
chr10,75878089,75878822,NO,733
chr9,131768441,131769368,NO,927
chr7,102431670,102432555,NO,885
chr12,6496597,6497901,NO,1304
chr12,80235541,80236186,NO,645
chr2,99814469,99815180,NO,711
chr1,117298175,117299153,NO,978
chr19,41381095,41381981,NO,886
chr3,128478717,128479435,NO,718
chr6,33792174,33793116,NO,942
chr11,111812483,111813413,NO,930
chr6,16414209,16414870,NO,661
chr16,4706920,4707560,NO,640
chr13,51374958,51375657,NO,699
chr5,137387282,137387858,NO,576
chr12,53508928,53510293,NO,1365
chr12,81603253,81603874,NO,621
chr6,31787666,31788278,NO,612
chr8,125539573,125540208,NO,635
chr21,22572038,22572735,NO,697
chr9,98823714,98824378,NO,664
chr1,36844225,36845016,NO,791
chr3,190491447,190492116,NO,669
chr8,54726128,54727022,NO,894
chr15,83760841,83761621,NO,780
chr6,90081622,90082776,NO,1154
chr11,93300455,93301370,NO,915
chr3,141679039,141679976,NO,937
chr18,47688683,47689452,NO,769
chr7,10974888,10975509,NO,621
chr2,191367411,191368338,NO,927
chr4,44847861,44848532,NO,671
chr6,109035888,109037006,NO,1118
chr2,218277222,218277919,NO,697
chr9,35026476,35027213,NO,737
chr17,41823204,41824019,NO,815
chr17,26215715,26216443,NO,728
chr1,77230348,77231265,NO,917
chr17,39688457,39689324,NO,867
chr5,14357185,14358702,NO,1517
chr17,42060696,42061976,NO,1280
chr1,231997352,231998109,NO,757
chr5,143113290,143114003,NO,713
chr2,152190815,152191595,NO,780
chr12,3409275,3410180,NO,905
chr11,35213610,35214332,NO,722
chr16,68303649,68304439,NO,790
chr4,76252224,76252826,NO,602
chr14,98655155,98655892,NO,737
chr4,121686355,121686936,NO,581
chr3,187952442,187953279,NO,837
chr3,194382569,194383343,NO,774
chr7,65377829,65378663,NO,834
chr4,42572332,42573007,NO,675
chr1,36040875,36041981,NO,1106
chr7,138522301,138523338,NO,1037
chr22,32072648,32073397,NO,749
chr1,35688768,35689515,NO,747
chr20,31559272,31560163,NO,891
chrX,65041745,65042395,NO,650
chr12,116581687,116582295,NO,608
chr13,34775831,34776612,NO,781
chr3,130546474,130546925,NO,451
chr11,110383637,110384711,NO,1074
chr11,27490481,27491278,NO,797
chr5,111501776,111502578,NO,802
chr6,109711428,109712024,NO,596
chr11,119777059,119778584,NO,1525
chr22,44946549,44947405,NO,856
chr3,77874155,77875371,NO,1216
chr18,42087720,42088285,NO,565
chr17,74222681,74223279,NO,598
chr15,102198525,102199168,NO,643
chr6,164004523,164005322,NO,799
chr10,77422661,77423808,NO,1147
chr2,28044840,28045739,NO,899
chrX,47986477,47987183,NO,706
chr1,10475023,10475797,NO,774
chr21,47844898,47845762,NO,864
chr7,33011570,33012175,NO,605
chr4,48636951,48637879,NO,928
chr12,71535166,71535863,NO,697
chr1,223602369,223603089,NO,720
chr4,186995123,186995792,NO,669
chr1,175237905,175238577,NO,672
chr2,85819768,85820825,NO,1057
chr11,3079801,3080895,NO,1094
chr15,39522685,39523269,NO,584
chr10,44878102,44878841,NO,739
chr1,19483747,19484740,NO,993
chr14,59219371,59219940,NO,569
chr12,42981314,42982156,NO,842
chr17,76438890,76439813,NO,923
chr3,122014538,122015444,NO,906
chr12,56557153,56558006,NO,853
chr12,91566896,91567643,NO,747
chr14,20895501,20896630,NO,1129
chr12,102157046,102157842,NO,796
chr1,45859722,45860536,NO,814
chr2,74942208,74943084,NO,876
chr7,31532495,31533253,NO,758
chr10,18447822,18448525,NO,703
chr19,56129819,56130442,NO,623
chr3,45034488,45035374,NO,886
chr21,43893850,43894974,NO,1124
chr2,153504102,153504704,NO,602
chr7,73670675,73671664,NO,989
chr2,100684397,100685431,NO,1034
chr22,37055697,37056897,NO,1200
chr9,89734262,89734999,NO,737
chr16,12552849,12554200,NO,1351
chr1,85661190,85661930,NO,740
chr10,114759837,114760865,NO,1028
chr7,102004213,102004908,NO,695
chr10,33654081,33654854,NO,773
chr7,14246511,14247503,NO,992
chr16,31513598,31514337,NO,739
chr4,17324679,17325346,NO,667
chr20,13252042,13252832,NO,790
chr15,35858944,35859712,NO,768
chr10,52191290,52191872,NO,582
chr6,170200697,170201517,NO,820
chr7,50260071,50260887,NO,816
chr17,63779920,63780533,NO,613
chr1,61869536,61870156,NO,620
chr6,16345615,16346413,NO,798
chr2,5619113,5620121,NO,1008
chr22,22239924,22240503,NO,579
chr3,45082819,45083805,NO,986
chr10,28876664,28877444,NO,780
chr9,115656531,115657055,NO,524
chr6,158829926,158830801,NO,875
chr19,50018535,50019399,NO,864
chr3,150887534,150888051,NO,517
chr6,71382353,71383293,NO,940
chr1,218671569,218672283,NO,714
chr21,47249169,47250559,NO,1390
chr9,97460231,97460895,NO,664
chr1,47060143,47060955,NO,812
chr1,2176389,2177172,NO,783
chr3,64782578,64783267,NO,689
chr12,88923312,88924007,NO,695
chr3,73816000,73816754,NO,754
chr1,32450283,32451271,NO,988
chr9,113305591,113306337,NO,746
chr6,157490845,157491550,NO,705
chr16,88539084,88540476,NO,1392
chr12,1107376,1113408,NO,6032
chr2,181738028,181738427,NO,399
chr10,46141998,46142807,NO,809
chr19,7413604,7415129,NO,1525
chr1,236203200,236204023,NO,823
chr8,19819762,19820704,NO,942
chr12,50528807,50529691,NO,884
chr2,25321721,25322387,NO,666
chr1,206273130,206273836,NO,706
chr13,51288949,51290324,NO,1375
chr10,14712659,14713525,NO,866
chr19,48927809,48928486,NO,677
chr21,42484624,42485794,NO,1170
chr13,75799864,75800918,NO,1054
chr3,71580196,71580843,NO,647
chr10,34088990,34090063,NO,1073
chr14,60560821,60561658,NO,837
chr15,21987474,21988226,NO,752
chr9,92723849,92725182,NO,1333
chr17,41773006,41774482,NO,1476
chr1,80447607,80448426,NO,819
chr18,61550043,61550700,NO,657
chr5,43619674,43620492,NO,818
chr12,102848308,102849081,NO,773
chr20,24911032,24911766,NO,734
chr12,132293292,132293861,NO,569
chr3,122291779,122292659,NO,880
chr3,8620674,8621438,NO,764
chr5,148906457,148907204,NO,747
chr3,8929338,8930036,NO,698
chr1,151168378,151168992,NO,614
chr9,2266955,2267690,NO,735
chr8,41160816,41161905,NO,1089
chr5,106822517,106823292,NO,775
chr4,16534302,16535176,NO,874
chr10,11757507,11758694,NO,1187
chr15,39420261,39421031,NO,770
chr1,92357388,92358085,NO,697
chr14,62128948,62129682,NO,734
chr3,37841341,37842168,NO,827
chr17,46060455,46061915,NO,1460
chr10,32620940,32621928,NO,988
chr2,29303595,29304349,NO,754
chr2,56749615,56750460,NO,845
chr13,114270491,114271738,NO,1247
chr4,89658398,89659186,NO,788
chr13,110699579,110700486,NO,907
chr1,55662375,55662947,NO,572
chrX,48325678,48326585,NO,907
chr12,46064731,46065324,NO,593
chr12,26471321,26471983,NO,662
chr4,100123845,100124667,NO,822
chr9,38686917,38687843,NO,926
chr6,121974686,121975348,NO,662
chr1,66157104,66157886,NO,782
chr8,38135620,38136194,NO,574
chr20,25834178,25834877,NO,699
chr9,114928458,114929425,NO,967
chr4,31024351,31025038,NO,687
chr3,112870484,112871196,NO,712
chr6,164258663,164259439,NO,776
chr4,743841,744639,NO,798
chr4,188735750,188736590,NO,840
chr1,55678025,55678706,NO,681
chr11,36096118,36096838,NO,720
chr10,45735098,45735821,NO,723
chr2,111432096,111432868,NO,772
chr9,79450847,79451493,NO,646
chr18,21067896,21068557,NO,661
chr1,156002331,156003122,NO,791
chr2,229635897,229636433,NO,536
chr11,120581427,120582442,NO,1015
chr17,21414603,21415631,NO,1028
chr1,158029615,158030545,NO,930
chr10,90761329,90762122,NO,793
chr16,81434825,81435582,NO,757
chr20,33657196,33658173,NO,977
chr19,10511541,10512711,NO,1170
chr7,91686637,91687195,NO,558
chr8,17356114,17356794,NO,680
chr13,80324006,80324767,NO,761
chr16,48443665,48444736,NO,1071
chr1,120322209,120322974,NO,765
chr3,37616008,37616828,NO,820
chr2,106960827,106961547,NO,720
chr7,65210561,65211365,NO,804
chr12,69308379,69309544,NO,1165
chr16,68563452,68564603,NO,1151
chr6,116878649,116879400,NO,751
chr15,99047383,99048471,NO,1088
chr4,88764710,88765587,NO,877
chr1,117076525,117077388,NO,863
chr6,5671465,5672250,NO,785
chr2,228568214,228568893,NO,679
chr20,49208559,49209478,NO,919
chr7,65635267,65636307,NO,1040
chr13,21833691,21834292,NO,601
chr14,103911701,103912510,NO,809
chr2,224966460,224967175,NO,715
chr1,228379313,228380206,NO,893
chr2,201204567,201205598,NO,1031
chr13,48826183,48826877,NO,694
chr2,13001739,13002220,NO,481
chr5,172520377,172521160,NO,783
chr13,23310193,23311098,NO,905
chr1,231665353,231666471,NO,1118
chr20,36677962,36678681,NO,719
chr19,1189067,1189969,NO,902
chr11,22746796,22747355,NO,559
chr8,97803613,97804238,NO,625
chr11,76886360,76887303,NO,943
chr15,95214919,95215956,NO,1037
chr3,149167409,149168224,NO,815
chr6,126220923,126226173,NO,5250
chr5,159008976,159009812,NO,836
chrX,67469228,67470549,NO,1321
chr2,160651973,160652609,NO,636
chr16,18814567,18815127,NO,560
chr1,30457370,30458069,NO,699
chr15,25107946,25108831,NO,885
chr12,89340057,89340812,NO,755
chr20,47474265,47475433,NO,1168
chr7,104850979,104851659,NO,680
chr20,9260439,9261418,NO,979
chr12,70382091,70382603,NO,512
chr4,89723789,89724471,NO,682
chr5,40905022,40905672,NO,650
chr22,33887945,33888780,NO,835
chr5,179517043,179517743,NO,700
chr6,148886879,148888148,NO,1269
chr8,64112395,64112982,NO,587
chr3,23653369,23654229,NO,860
chr21,17054575,17055208,NO,633
chr19,46441517,46442743,NO,1226
chr16,14249400,14250196,NO,796
chr17,55614973,55615944,NO,971
chr19,18919858,18920840,NO,982
chr18,28786709,28787557,NO,848
chr19,1203044,1203685,NO,641
chr2,128598858,128599526,NO,668
chr3,177255359,177256407,NO,1048
chr5,148876874,148877550,NO,676
chr3,12893683,12894447,NO,764
chr2,236377572,236378343,NO,771
chr11,32109791,32110704,NO,913
chr2,24881433,24882130,NO,697
chr4,54542803,54543488,NO,685
chr8,103910417,103911278,NO,861
chr10,86455679,86456503,NO,824
chr3,138536875,138537632,NO,757
chr14,89970196,89971241,NO,1045
chr1,31895068,31895652,NO,584
chr2,27286398,27287106,NO,708
chr8,13176238,13176826,NO,588
chr12,52468818,52469620,NO,802
chr5,73423149,73424045,NO,896
chr7,76708622,76709437,NO,815
chr1,24191564,24192486,NO,922
chr17,5334083,5334659,NO,576
chr19,6412429,6413210,NO,781
chrX,7001845,7002730,NO,885
chr7,148857906,148858742,NO,836
chr13,31376995,31377781,NO,786
chr9,94647159,94647998,NO,839
chr15,71807673,71808444,NO,771
chr2,201185087,201185540,NO,453
chr3,187950567,187951324,NO,757
chr1,64260347,64261366,NO,1019
chr8,127447119,127447826,NO,707
chr1,169029101,169030117,NO,1016
chr12,31013086,31013762,NO,676
chr14,63645705,63646578,NO,873
chr3,8623521,8624807,NO,1286
chr19,1164743,1165737,NO,994
chr20,5843845,5844667,NO,822
chr20,4206604,4207312,NO,708
chr19,40940864,40941461,NO,597
chr6,148627259,148628127,NO,868
chr1,33564545,33565765,NO,1220
chr14,33871555,33872264,NO,709
chr10,126552772,126553633,NO,861
chr6,89768827,89769458,NO,631
chr11,102491084,102492014,NO,930
chr6,15364209,15364889,NO,680
chr14,25308109,25308821,NO,712
chr1,225767792,225768507,NO,715
chr14,24079879,24080766,NO,887
chr11,76851169,76852026,NO,857
chr19,42984648,42985269,NO,621
chr19,41854704,41855548,NO,844
chr19,52954359,52954865,NO,506
chr12,102009391,102010105,NO,714
chr1,183094987,183095618,NO,631
chr5,57590408,57591381,NO,973
chr17,1250770,1251512,NO,742
chr9,2727444,2728235,NO,791
chr14,70485301,70486183,NO,882
chr3,48309572,48310956,NO,1384
chr12,64852962,64853637,NO,675
chr4,15667651,15668263,NO,612
chr5,172190511,172191317,NO,806
chr2,212764614,212765272,NO,658
chr1,170384262,170384828,NO,566
chr13,24245788,24246489,NO,701
chr2,43021477,43022196,NO,719
chr8,127938329,127938871,NO,542
chr12,112860088,112861094,NO,1006
chr8,86191361,86192089,NO,728
chr6,125323237,125323906,NO,669
chr16,88700506,88701676,NO,1170
chr3,4592382,4592974,NO,592
chr10,95759014,95759876,NO,862
chr20,15019868,15020522,NO,654
chr21,44359553,44360306,NO,753
chr20,33225582,33226282,NO,700
chr12,115450497,115451388,NO,891
chr5,114969912,114970592,NO,680
chr12,29698864,29699593,NO,729
chr6,41150654,41151374,NO,720
chr13,21513434,21514220,NO,786
chr12,69928101,69928729,NO,628
chr11,65201364,65202694,NO,1330
chr5,172382323,172383026,NO,703
chr2,179760637,179761291,NO,654
chr15,93604733,93606905,NO,2172
chr10,4746161,4746816,NO,655
chr11,6222290,6222987,NO,697
chr13,40466903,40467744,NO,841
chr12,48808162,48808893,NO,731
chr21,41031916,41032565,NO,649
chr1,153603869,153604458,NO,589
chr2,149310243,149311226,NO,983
chr21,47645959,47646742,NO,783
chr2,25042203,25042896,NO,693
chr1,61567081,61567728,NO,647
chr14,88596240,88597078,NO,838
chr3,24169411,24170092,NO,681
chrX,128737799,128738701,NO,902
chr16,15993117,15994297,NO,1180
chr17,46645751,46646997,NO,1246
chr7,55782978,55783583,NO,605
chr1,200123232,200123878,NO,646
chr3,8978974,8979646,NO,672
chr15,91438399,91439405,NO,1006
chrX,19865039,19865724,NO,685
chr8,40270319,40271256,NO,937
chrX,38084214,38084949,NO,735
chr13,73557061,73557602,NO,541
chr5,137727015,137727887,NO,872
chr4,139385440,139386039,NO,599
chr16,85997314,85998060,NO,746
chr2,109647589,109648309,NO,720
chr3,43775340,43776139,NO,799
chr17,17491534,17492409,NO,875
chr2,158117110,158118223,NO,1113
chr7,38237240,38237997,NO,757
chr4,124399717,124400363,NO,646
chr1,37920160,37921417,NO,1257
chr8,119361872,119362635,NO,763
chr20,4662073,4662995,NO,922
chr19,45901162,45902357,NO,1195
chr16,67089764,67090385,NO,621
chr16,30566907,30568078,NO,1171
chr2,21199217,21200271,NO,1054
chr14,53427314,53428246,NO,932
chr11,78453047,78454093,NO,1046
chr20,31126311,31127767,NO,1456
chr9,112934573,112935228,NO,655
chr8,71185367,71186021,NO,654
chr4,147970985,147971946,NO,961
chr5,172591860,172592800,NO,940
chr2,238036311,238037040,NO,729
chr9,5582948,5583720,NO,772
chr12,20472264,20472914,NO,650
chr8,94396120,94396825,NO,705
chr17,74593433,74594696,NO,1263
chr9,127087332,127088429,NO,1097
chr6,31054551,31055205,NO,654
chr17,70334757,70335823,NO,1066
chr21,17675111,17675826,NO,715
chr10,96990317,96991073,NO,756
chrX,45918637,45919241,NO,604
chr6,410756,411486,NO,730
chr15,45153123,45154295,NO,1172
chr22,30737140,30737855,NO,715
chr8,16053606,16054533,NO,927
chr8,110615002,110615707,NO,705
chr1,41290719,41291934,NO,1215
chr10,104229461,104230160,NO,699
chr3,158289912,158291154,NO,1242
chr22,30911483,30912383,NO,900
chr16,68300045,68300628,NO,583
chr22,39485933,39487217,NO,1284
chr16,15968537,15969070,NO,533
chr18,34091305,34092269,NO,964
chr19,12442072,12442820,NO,748
chr15,89613855,89614498,NO,643
chr3,48966313,48967107,NO,794
chr17,74547558,74548223,NO,665
chr2,95970504,95971568,NO,1064
chr1,36830754,36831422,NO,668
chrX,71320935,71321716,NO,781
chr5,70896449,70897182,NO,733
chr12,78429581,78430419,NO,838
chr5,114505013,114505725,NO,712
chr4,142075311,142076038,NO,727
chr2,197024003,197034162,NO,10159
chr9,109517890,109518612,NO,722
chr3,11475477,11476322,NO,845
chr8,91020911,91021639,NO,728
chr15,40536936,40538045,NO,1109
chr11,102320560,102321173,NO,613
chr6,160940826,160941581,NO,755
chr2,210805624,210806376,NO,752
chr2,18227917,18228643,NO,726
chr21,44092514,44093662,NO,1148
chr5,17306104,17307022,NO,918
chr11,115570068,115570701,NO,633
chr7,100043790,100044485,NO,695
chr5,68740074,68740855,NO,781
chr1,173300984,173301733,NO,749
chr11,62107593,62108384,NO,791
chr8,97632419,97633629,NO,1210
chr18,21464665,21465283,NO,618
chr17,1676715,1677546,NO,831
chr5,9502409,9503248,NO,839
chr3,27598640,27599223,NO,583
chr6,76238304,76238952,NO,648
chr16,77797794,77798838,NO,1044
chr9,130595208,130596113,NO,905
chr4,85602789,85603541,NO,752
chr16,81745271,81746135,NO,864
chr14,103745432,103746055,NO,623
chr8,103925622,103937794,NO,12172
chr15,74838048,74838931,NO,883
chr1,109623044,109623693,NO,649
chr2,65269850,65270604,NO,754
chr1,1956539,1957382,NO,843
chr1,179144129,179144858,NO,729
chr8,8822036,8822568,NO,532
chr2,66752678,66753393,NO,715
chr21,35855522,35856572,NO,1050
chr6,15994817,15995470,NO,653
chr2,6326350,6327021,NO,671
chr6,135061684,135062802,NO,1118
chr2,216838849,216839597,NO,748
chr8,29115576,29116457,NO,881
chr14,59000077,59000729,NO,652
chr20,17715667,17716664,NO,997
chr12,95537625,95538304,NO,679
chr14,53834126,53834793,NO,667
chr17,9018767,9019499,NO,732
chr1,226247965,226248570,NO,605
chr8,86262549,86263410,NO,861
chr1,149934125,149934834,NO,709
chr14,54181883,54182503,NO,620
chr18,20101006,20101661,NO,655
chr13,98059193,98059950,NO,757
chr7,65746708,65747592,NO,884
chr5,142004572,142005533,NO,961
chr4,16599542,16600222,NO,680
chr10,5817678,5818473,NO,795
chr4,82342764,82343421,NO,657
chr1,60015739,60016449,NO,710
chr8,37494826,37495605,NO,779
chr17,19883151,19884199,NO,1048
chr15,68591575,68592292,NO,717
chr3,50384782,50386205,NO,1423
chr11,108942671,108943331,NO,660
chr2,113465090,113465726,NO,636
chr14,63919439,63919924,NO,485
chr11,69831783,69832749,NO,966
chr8,103595620,103596126,NO,506
chr19,50356976,50359653,NO,2677
chr9,30197914,30198948,NO,1034
chr3,99988599,99989328,NO,729
chr3,44276946,44277607,NO,661
chr1,48341461,48342749,NO,1288
chr1,157196148,157196765,NO,617
chr17,65826538,65827381,NO,843
chr9,95242341,95242980,NO,639
chr15,41533473,41534247,NO,774
chr10,118530389,118531179,NO,790
chrX,152857789,152858582,NO,793
chr6,46375774,46376583,NO,809
chr20,58713298,58714549,NO,1251
chr5,42858195,42859219,NO,1024
chr11,22830136,22830884,NO,748
chr19,34966090,34966807,NO,717
chr1,239996139,239997098,NO,959
chr15,81148796,81149865,NO,1069
chr3,8615686,8616354,NO,668
chr2,144283062,144283601,NO,539
chr12,19808432,19809023,NO,591
chr7,100040403,100041307,NO,904
chr9,95226345,95227005,NO,660
chr4,39972800,39973453,NO,653
chr7,142934671,142935467,NO,796
chr1,161469142,161469836,NO,694
chr2,102890345,102891089,NO,744
chr12,16555032,16555547,NO,515
chr10,48392563,48393481,NO,918
chr19,35661132,35661855,NO,723
chr2,32944559,32945259,NO,700
chr5,58839767,58840392,NO,625
chr14,50692547,50693298,NO,751
chr3,54392996,54393775,NO,779
chr12,52594390,52595376,NO,986
chr6,31764765,31765762,NO,997
chr5,94977140,94977926,NO,786
chr2,159793594,159794187,NO,593
chr1,47998611,47999314,NO,703
chr6,155463437,155464382,NO,945
chr9,119234067,119234975,NO,908
chr2,232185369,232186191,NO,822
chr14,24636635,24637208,NO,573
chr17,4092563,4093589,NO,1026
chr9,123728595,123729387,NO,792
chr1,155606940,155618703,NO,11763
chr3,187754180,187754907,NO,727
chr19,19439854,19440588,NO,734
chr5,10392847,10393797,NO,950
chr21,38261727,38262981,NO,1254
chr19,13060127,13061107,NO,980
chr7,88801,90015,NO,1214
chr1,156172558,156173292,NO,734
chr3,9394340,9395177,NO,837
chr2,15874748,15875455,NO,707
chr5,158737033,158737989,NO,956
chr2,28200664,28201387,NO,723
chr16,22364390,22365161,NO,771
chr4,1198449,1199552,NO,1103
chr6,152637232,152637901,NO,669
chr10,3281970,3282939,NO,969
chr19,41808367,41809255,NO,888
chr4,153027014,153028216,NO,1202
chr1,156742835,156743556,NO,721
chr8,67382896,67383594,NO,698
chr5,68386987,68387560,NO,573
chr17,872792,873543,NO,751
chr6,5287172,5288065,NO,893
chr12,56868155,56868996,NO,841
chr11,15821466,15822234,NO,768
chr7,132550372,132551162,NO,790
chr16,10608094,10608697,NO,603
chr18,6795376,6808194,NO,12818
chr9,34124693,34125406,NO,713
chr12,20675979,20676502,NO,523
chr11,116101576,116102250,NO,674
chr8,97961569,97962364,NO,795
chr17,6557729,6558462,NO,733
chr9,75653356,75654162,NO,806
chr3,153061693,153062442,NO,749
chr8,70845535,70846248,NO,713
chr3,66353092,66353615,NO,523
chr4,140581791,140582498,NO,707
chr17,3658237,3658872,NO,635
chr6,144270928,144271672,NO,744
chr10,24919376,24920371,NO,995
chr14,102653644,102654451,NO,807
chr17,64300347,64301328,NO,981
chr6,158591914,158592900,NO,986
chr21,43533441,43534452,NO,1011
chr3,130791359,130792005,NO,646
chr6,72294281,72295076,NO,795
chr10,65348414,65349508,NO,1094
chr10,116133509,116134508,NO,999
chr6,46211886,46212544,NO,658
chr3,190414215,190414943,NO,728
chr11,101681580,101682039,NO,459
chr12,124066721,124067408,NO,687
chr15,42571367,42572166,NO,799
chr4,151795235,151795900,NO,665
chr6,14316189,14317295,NO,1106
chr18,45900922,45902028,NO,1106
chr6,119767339,119768040,NO,701
chr5,151708960,151709687,NO,727
chr9,34158914,34171064,NO,12150
chr5,5637983,5638698,NO,715
chr17,37520738,37521390,NO,652
chr1,167903071,167903763,NO,692
chr1,83386415,83387173,NO,758
chr22,22121004,22127461,NO,6457
chr16,24537182,24538189,NO,1007
chr7,99349340,99350480,NO,1140
chrX,119931584,119932279,NO,695
chr5,86275673,86276430,NO,757
chrX,47521354,47521942,NO,588
chr3,195486838,195487698,NO,860
chr11,112056614,112057370,NO,756
chr11,121318966,121320150,NO,1184
chr6,42870040,42870869,NO,829
chr2,80390022,80390448,NO,426
chr7,141487183,141487980,NO,797
chr12,95751438,95752442,NO,1004
chr6,154570552,154571090,NO,538
chr10,117733945,117734644,NO,699
chr12,3994396,4007050,NO,12654
chr15,20980806,20981558,NO,752
chr10,61096765,61097415,NO,650
chr1,210536319,210536992,NO,673
chr12,95811928,95818494,NO,6566
chr8,25867522,25868199,NO,677
chr2,219248376,219249296,NO,920
chr7,42032483,42033285,NO,802
chr11,9550678,9551880,NO,1202
chr5,73678694,73679215,NO,521
chr1,38941684,38942943,NO,1259
chr14,32362339,32363208,NO,869
chr10,31032381,31033064,NO,683
chr2,19330765,19331412,NO,647
chr2,191654092,191654734,NO,642
chr11,111233296,111234068,NO,772
chr6,55937734,55938462,NO,728
chr2,73986333,73987145,NO,812
chr21,45767698,45768298,NO,600
chr13,27134911,27135874,NO,963
chr10,121519148,121520033,NO,885
chr6,76027199,76027953,NO,754
chr19,35064506,35065126,NO,620
chr1,221609563,221610192,NO,629
chr5,138922843,138923550,NO,707
chr17,79170331,79171852,NO,1521
chr18,34973966,34975037,NO,1071
chr12,115237302,115251209,NO,13907
chr6,119394597,119395426,NO,829
chr4,199138,199931,NO,793
chr8,99830007,99830545,NO,538
chr9,43684914,43685467,NO,553
chr4,122077882,122078731,NO,849
chr16,82795420,82795977,NO,557
chr2,207687413,207688280,NO,867
chr11,121445936,121446624,NO,688
chr20,43643073,43643802,NO,729
chr6,3088401,3089308,NO,907
chr7,123359272,123359902,NO,630
chr15,45678452,45679159,NO,707
chr10,104214883,104215440,NO,557
chr13,80622643,80623383,NO,740
chr11,6618126,6618827,NO,701
chr4,57558594,57559161,NO,567
chr6,6975460,6976514,NO,1054
chrX,102791313,102793721,NO,2408
chr8,55126312,55127233,NO,921
chr19,7242660,7243305,NO,645
chr15,55920012,55920816,NO,804
chr9,80042415,80042953,NO,538
chr12,109690640,109691323,NO,683
chr17,76136005,76137429,NO,1424
chr19,54708002,54708613,NO,611
chr1,23854421,23855398,NO,977
chr11,35697668,35698306,NO,638
chr13,52741909,52742564,NO,655
chr13,39831774,39832576,NO,802
chr16,54399982,54400613,NO,631
chr15,99926306,99927012,NO,706
chr18,70982679,70983322,NO,643
chr20,10455137,10456031,NO,894
chr5,94423004,94423741,NO,737
chr3,50369399,50370133,NO,734
chr12,56238823,56239582,NO,759
chr11,75603044,75603696,NO,652
chr15,59621450,59622148,NO,698
chrX,95226683,95227580,NO,897
chr1,232902553,232903371,NO,818
chr4,1875813,1876464,NO,651
chrX,110346163,110346757,NO,594
chr11,120942407,120943065,NO,658
chr15,51614832,51615659,NO,827
chr5,17157491,17158719,NO,1228
chr3,186848005,186848616,NO,611
chr2,136765678,136766469,NO,791
chr2,119425865,119426572,NO,707
chr8,10010009,10010606,NO,597
chr17,74550084,74550784,NO,700
chr13,60057631,60058396,NO,765
chr7,105575133,105575729,NO,596
chr12,132562807,132563512,NO,705
chr18,12415520,12416483,NO,963
chr3,157160183,157160918,NO,735
chr4,177702743,177703417,NO,674
chrX,44730413,44731022,NO,609
chr1,179103426,179103774,NO,348
chr1,166784435,166785338,NO,903
chr14,75355179,75355949,NO,770
chr8,94849752,94850396,NO,644
chr13,24496288,24497046,NO,758
chr15,79606812,79607324,NO,512
chr3,113417678,113418437,NO,759
chr9,140137821,140139598,NO,1777
chr13,114987911,114988539,NO,628
chr2,15589560,15590152,NO,592
chr11,104321758,104322392,NO,634
chr17,9877101,9877809,NO,708
chr2,222419584,222420467,NO,883
chr21,35376533,35377183,NO,650
chr11,115291846,115292545,NO,699
chr11,83960709,83961786,NO,1077
chr7,66223979,66224725,NO,746
chr9,36320373,36321017,NO,644
chr9,97771677,97772266,NO,589
chr3,129574789,129575394,NO,605
chr17,8648888,8650176,NO,1288
chr8,133135162,133135916,NO,754
chr7,123319785,123320419,NO,634
chrX,109423309,109424193,NO,884
chr10,60897548,60898201,NO,653
chr11,129820107,129820754,NO,647
chr6,144222954,144223478,NO,524
chr12,21984223,21985077,NO,854
chr3,53600064,53601104,NO,1040
chr1,12020224,12021151,NO,927
chr17,4107320,4107865,NO,545
chr14,69328245,69328661,NO,416
chr6,143023562,143024651,NO,1089
chr2,196423931,196424686,NO,755
chr12,49918350,49918872,NO,522
chr13,102521193,102521806,NO,613
chr5,131092761,131093430,NO,669
chr18,22567418,22568197,NO,779
chrX,69307781,69308405,NO,624
chr22,37850649,37851686,NO,1037
chr2,172734474,172734974,NO,500
chr9,80591821,80592790,NO,969
chr10,80501961,80503388,NO,1427
chr7,80128532,80129231,NO,699
chr6,14361004,14361724,NO,720
chr12,91667361,91667987,NO,626
chr14,53268670,53269243,NO,573
chr1,1858842,1859626,NO,784
chr4,55525925,55526754,NO,829
chr16,10499358,10499995,NO,637
chr13,19469285,19469897,NO,612
chr18,21038660,21039590,NO,930
chr1,12441310,12441835,NO,525
chr3,50674075,50674946,NO,871
chr2,237656547,237657993,NO,1446
chr15,48946201,48946932,NO,731
chr20,43618981,43619655,NO,674
chr10,124166456,124167233,NO,777
chr8,106674726,106675343,NO,617
chr6,131602314,131603038,NO,724
chr10,99371944,99372562,NO,618
chr5,71541856,71542481,NO,625
chr3,107755714,107756596,NO,882
chr10,95882517,95883091,NO,574
chr20,33627777,33628406,NO,629
chr5,139754118,139754823,NO,705
chr19,14153032,14154015,NO,983
chr16,82225999,82226663,NO,664
chrX,135341991,135342682,NO,691
chr11,124545969,124546563,NO,594
chr2,85785351,85786465,NO,1114
chr2,176720466,176721207,NO,741
chr2,174495524,174496147,NO,623
chr5,55994206,55995009,NO,803
chr3,186145092,186146222,NO,1130
chr3,172195043,172195736,NO,693
chr8,81531687,81532436,NO,749
chr18,60289012,60289793,NO,781
chr17,8257523,8258204,NO,681
chr4,185589199,185589901,NO,702
chr18,45996573,45997479,NO,906
chr10,111929897,111930515,NO,618
chr5,23027777,23028441,NO,664
chr2,226377958,226378559,NO,601
chr1,90337641,90338363,NO,722
chr14,32346118,32346841,NO,723
chr2,62241140,62241681,NO,541
chr17,59018172,59018777,NO,605
chr2,234990384,234991099,NO,715
chr7,158935469,158936150,NO,681
chr11,46878661,46879557,NO,896
chr3,129442504,129443239,NO,735
chr5,33852945,33853533,NO,588
chr13,80935922,80936470,NO,548
chr18,32142395,32143248,NO,853
chr1,24516599,24517209,NO,610
chr8,6322665,6323481,NO,816
chr7,42717214,42717923,NO,709
chr3,119219233,119219916,NO,683
chr2,23510032,23510954,NO,922
chr12,116561250,116561811,NO,561
chr10,36053824,36054492,NO,668
chr3,194561333,194561963,NO,630
chr3,57194307,57195120,NO,813
chr17,30846912,30847901,NO,989
chr8,17041250,17042146,NO,896
chr1,150543411,150544014,NO,603
chr3,136468940,136469521,NO,581
chr5,41835809,41836998,NO,1189
chr5,129884969,129885528,NO,559
chr4,105887930,105888644,NO,714
chr5,90530430,90531076,NO,646
chr1,236993768,236994455,NO,687
chr5,81460628,81461274,NO,646
chr20,58146702,58147424,NO,722
chr4,65271402,65271990,NO,588
chr11,120263064,120263686,NO,622
chr11,104786561,104787081,NO,520
chr15,73285305,73285840,NO,535
chr20,17952130,17952861,NO,731
chr20,44749767,44750675,NO,908
chr9,139894344,139895352,NO,1008
chr3,149568695,149569357,NO,662
chr19,41681530,41682339,NO,809
chr14,30693582,30694385,NO,803
chr12,53652647,53653304,NO,657
chr8,128403677,128404269,NO,592
chr2,38840669,38847469,NO,6800
chr2,153028298,153028992,NO,694
chr4,148447183,148447980,NO,797
chr11,34496207,34497033,NO,826
chr5,76034569,76035157,NO,588
chr8,124890404,124890988,NO,584
chr15,42763297,42763928,NO,631
chr17,2388917,2389550,NO,633
chr2,23968630,23969289,NO,659
chr6,144095881,144096681,NO,800
chr15,75432393,75433058,NO,665
chr17,29139585,29140074,NO,489
chr6,144980270,144980896,NO,626
chr1,26634714,26635558,NO,844
chr4,106545408,106546125,NO,717
chr6,7827040,7827850,NO,810
chr21,43517977,43518732,NO,755
chr13,46978358,46979151,NO,793
chr12,102301602,102302504,NO,902
chr10,111694465,111695330,NO,865
chr9,16521897,16522805,NO,908
chr3,31206845,31212844,NO,5999
chr20,18232907,18234213,NO,1306
chr5,157909538,157910265,NO,727
chr17,54945460,54946158,NO,698
chr9,97800746,97801515,NO,769
chr4,141612108,141612752,NO,644
chrX,75249263,75249698,NO,435
chr2,183779738,183780457,NO,719
chr3,166884364,166885030,NO,666
chr1,221017001,221017624,NO,623
chr18,8828190,8829154,NO,964
chr12,94366273,94367297,NO,1024
chr5,31733173,31734024,NO,851
chr3,111835586,111836358,NO,772
chr11,225634,226414,NO,780
chr21,16936593,16937245,NO,652
chr2,191915398,191916288,NO,890
chr6,80094540,80095386,NO,846
chr14,23250163,23251318,NO,1155
chr2,180351231,180351763,NO,532
chr13,36553001,36553744,NO,743
chr1,53102228,53103152,NO,924
chr1,26580832,26581472,NO,640
chr13,100607084,100608715,NO,1631
chr3,194779056,194779778,NO,722
chr19,23694853,23695546,NO,693
chr10,91150144,91150827,NO,683
chr3,167811030,167811670,NO,640
chr11,3837283,3838199,NO,916
chr1,210435966,210436687,NO,721
chr7,116367357,116367955,NO,598
chr3,172296838,172297662,NO,824
chr15,42719943,42720601,NO,658
chr4,187572358,187573172,NO,814
chr18,60938878,60939704,NO,826
chr4,183995499,183996409,NO,910
chr2,68025242,68025956,NO,714
chr7,28122419,28123158,NO,739
chr14,53208633,53209284,NO,651
chr10,123084001,123084639,NO,638
chr8,131098007,131098718,NO,711
chr12,88718887,88719576,NO,689
chr3,8588001,8588674,NO,673
chr1,44889287,44890015,NO,728
chr18,53650178,53650918,NO,740
chr1,2197427,2198329,NO,902
chr7,151264053,151264700,NO,647
chr11,74553972,74555218,NO,1246
chr10,98404918,98405766,NO,848
chr5,134237772,134238308,NO,536
chr1,114347585,114348165,NO,580
chr1,179187473,179188120,NO,647
chr1,214577903,214578837,NO,934
chr5,53877143,53878016,NO,873
chr4,53718551,53719372,NO,821
chr21,34089768,34090455,NO,687
chr6,56673519,56674223,NO,704
chr17,1703684,1704436,NO,752
chr8,124631869,124632699,NO,830
chr6,2127606,2128163,NO,557
chr12,113346199,113347025,NO,826
chr17,55601296,55602026,NO,730
chr14,96561697,96562360,NO,663
chr5,169372749,169373615,NO,866
chr5,154278557,154279099,NO,542
chr1,19546651,19547490,NO,839
chr1,60062105,60062780,NO,675
chr16,79741494,79742202,NO,708
chr13,40055673,40056434,NO,761
chr6,127835892,127837125,NO,1233
chr11,108408543,108409511,NO,968
chr5,170024001,170024784,NO,783
chr10,137860,138631,NO,771
chr2,225774685,225775325,NO,640
chr1,61692356,61693073,NO,717
chr11,115192475,115192994,NO,519
chr1,246666007,246666774,NO,767
chr7,42014233,42015008,NO,775
chr8,109457298,109457994,NO,696
chr2,204427098,204427893,NO,795
chr9,96818505,96819161,NO,656
chr14,70053212,70053910,NO,698
chr2,70487350,70488129,NO,779
chr19,15625593,15626328,NO,735
chr14,72265681,72266277,NO,596
chr6,123412330,123413014,NO,684
chr2,197431549,197432211,NO,662
chr19,49981839,49982538,NO,699
chr17,32762981,32763736,NO,755
chr9,110098915,110099692,NO,777
chr18,33441680,33442346,NO,666
chr11,97611415,97612109,NO,694
chr5,138780753,138781460,NO,707
chr3,140675200,140675614,NO,414
chr8,13264565,13265253,NO,688
chr20,47489326,47490070,NO,744
chr1,48399195,48400355,NO,1160
chr3,61814844,61815556,NO,712
chr10,81387536,81388676,NO,1140
chr12,95083425,95084223,NO,798
chr1,109262609,109263231,NO,622
chr20,23735997,23736563,NO,566
chr20,38478268,38479172,NO,904
chr11,128023621,128024313,NO,692
chr3,32898195,32898937,NO,742
chr5,67466789,67467463,NO,674
chr8,56831889,56832613,NO,724
chr10,18529453,18530202,NO,749
chr7,3954493,3955153,NO,660
chr5,56133426,56133866,NO,440
chr17,40363760,40364539,NO,779
chr1,154171542,154172263,NO,721
chr14,104398078,104398735,NO,657
chr10,120670983,120671965,NO,982
chr10,33796121,33796655,NO,534
chr16,79873550,79874326,NO,776
chr11,9823931,9824455,NO,524
chr6,40686945,40688174,NO,1229
chr1,21965182,21980512,NO,15330
chr16,31523481,31524114,NO,633
chr7,47467044,47467557,NO,513
chr2,112849706,112850401,NO,695
chr3,27368292,27369183,NO,891
chr12,54671547,54672295,NO,748
chr19,4431338,4432446,NO,1108
chr16,68692128,68692814,NO,686
chr8,102843767,102844701,NO,934
chr3,40841503,40842183,NO,680
chr20,10982405,10983319,NO,914
chr2,228231532,228232233,NO,701
chr17,68303005,68303719,NO,714
chrX,99671964,99672719,NO,755
chr18,361975,363124,NO,1149
chr7,141395512,141396145,NO,633
chr1,14275913,14276975,NO,1062
chr1,151557248,151558417,NO,1169
chr6,167838974,167839739,NO,765
chr17,32366896,32367579,NO,683
chr5,148870137,148870910,NO,773
chr21,18864957,18865562,NO,605
chr3,116525,117225,NO,700
chr1,237289441,237290080,NO,639
chr2,152779520,152780268,NO,748
chr17,66103356,66103912,NO,556
chr1,112860165,112861124,NO,959
chr1,183925373,183926024,NO,651
chr9,109488161,109488718,NO,557
chr1,160407725,160408367,NO,642
chr16,74729742,74730333,NO,591
chrX,117973192,117973925,NO,733
chr1,64971362,64972107,NO,745
chr1,219843541,219844376,NO,835
chr2,33333299,33334118,NO,819
chr8,21715447,21716309,NO,862
chr3,119235406,119236289,NO,883
chr6,24981409,24982235,NO,826
chrX,52163619,52164303,NO,684
chr12,117845985,117846758,NO,773
chrX,52334870,52335554,NO,684
chr2,37232115,37232734,NO,619
chr3,31621248,31621754,NO,506
chr9,3827982,3828763,NO,781
chr22,40551690,40552416,NO,726
chr11,63743227,63744459,NO,1232
chr7,42376873,42377563,NO,690
chr18,42992339,42992986,NO,647
chr13,73664132,73664818,NO,686
chr4,111085234,111086117,NO,883
chr15,63814036,63814758,NO,722
chr17,64966,65801,NO,835
chr3,97706633,97707127,NO,494
chr2,64341429,64342135,NO,706
chr14,81736713,81737553,NO,840
chr15,99143378,99144129,NO,751
chr17,61817122,61817456,NO,334
chr7,120636781,120637269,NO,488
chr7,16170250,16170949,NO,699
chr18,47002807,47003443,NO,636
chr8,81279041,81280091,NO,1050
chr16,50394484,50395164,NO,680
chr21,36800639,36801269,NO,630
chr11,3093938,3094527,NO,589
chr6,15889200,15898120,NO,8920
chr17,32310373,32311335,NO,962
chr3,192398850,192399407,NO,557
chr5,78429167,78430136,NO,969
chr14,50490502,50491126,NO,624
chr7,116764426,116765100,NO,674
chr18,57362350,57363087,NO,737
chr13,28022312,28022997,NO,685
chr16,72866829,72867874,NO,1045
chr20,40967753,40968415,NO,662
chr18,57230647,57231379,NO,732
chr5,54599122,54599752,NO,630
chr17,1457034,1457702,NO,668
chr11,104951831,104952645,NO,814
chr11,77772024,77772683,NO,659
chr1,40605634,40606118,NO,484
chr5,38718721,38719521,NO,800
chr7,38255996,38256858,NO,862
chr9,7316960,7317774,NO,814
chr2,216783027,216783658,NO,631
chr7,98782328,98782959,NO,631
chr1,60224838,60225463,NO,625
chr1,39024535,39025500,NO,965
chr5,158230135,158230710,NO,575
chr19,58858120,58859308,NO,1188
chrX,9284657,9285324,NO,667
chr7,152361319,152362194,NO,875
chr9,97834053,97834722,NO,669
chr6,109217387,109223420,NO,6033
chr16,17298865,17299525,NO,660
chr10,45441539,45442341,NO,802
chrX,19790670,19791367,NO,697
chrX,30911035,30911847,NO,812
chr17,72231051,72231862,NO,811
chr5,133485339,133486162,NO,823
chr10,120551537,120552278,NO,741
chr6,17884641,17885345,NO,704
chr20,9116667,9117339,NO,672
chr15,47624334,47625210,NO,876
chr13,47467998,47468608,NO,610
chr19,43001762,43002428,NO,666
chr12,96002331,96002916,NO,585
chr7,151521254,151522038,NO,784
chr11,9252602,9253257,NO,655
chr1,49076406,49077149,NO,743
chr3,41265407,41266311,NO,904
chr14,94604735,94605695,NO,960
chr5,38871924,38872481,NO,557
chr12,123503905,123504734,NO,829
chr10,78057555,78058385,NO,830
chr12,105839975,105840619,NO,644
chr12,122850797,122851522,NO,725
chrX,149743542,149744066,NO,524
chr11,124961154,124962131,NO,977
chr5,39202454,39203291,NO,837
chr4,174407837,174408407,NO,570
chr11,129149022,129150224,NO,1202
chr12,109359953,109360943,NO,990
chr17,46190248,46190952,NO,704
chr8,125968002,125968946,NO,944
chr11,47025652,47026578,NO,926
chr7,69856595,69857348,NO,753
chr6,144284960,144287179,NO,2219
chr10,90882107,90882808,NO,701
chr6,4487202,4487758,NO,556
chr12,45751682,45752266,NO,584
chr2,233702912,233703473,NO,561
chr12,107388378,107388898,NO,520
chr18,29896690,29897397,NO,707
chr5,55574914,55575738,NO,824
chr15,77747826,77748477,NO,651
chr1,222000189,222000911,NO,722
chr10,30990329,30991153,NO,824
chr4,129348985,129349651,NO,666
chr8,42999872,43000587,NO,715
chr18,22493775,22494463,NO,688
chr11,88135792,88136389,NO,597
chrX,135948359,135949061,NO,702
chr10,33901045,33901614,NO,569
chr3,185841862,185842547,NO,685
chr17,21934680,21935297,NO,617
chr5,96216761,96217511,NO,750
chr10,64003118,64003709,NO,591
chr6,46843636,46844393,NO,757
chr7,116057679,116058340,NO,661
chr14,91475410,91475980,NO,570
chr12,70969886,70970454,NO,568
chr6,39108751,39109595,NO,844
chr16,2041629,2042259,NO,630
chr2,137084613,137085258,NO,645
chr5,84180470,84181108,NO,638
chr6,119089177,119090325,NO,1148
chr1,28382558,28383239,NO,681
chr14,101012799,101013802,NO,1003
chr19,556017,557171,NO,1154
chr11,10293502,10293923,NO,421
chr5,147848674,147849372,NO,698
chr2,11432721,11433286,NO,565
chr4,141995424,141996150,NO,726
chr10,13965647,13966313,NO,666
chr12,112628670,112629545,NO,875
chr2,219258552,219260116,NO,1564
chr3,187905880,187906546,NO,666
chr3,38268975,38269720,NO,745
chr2,216734411,216735260,NO,849
chr21,45104143,45105084,NO,941
chr6,157254283,157254908,NO,625
chr10,25371211,25372111,NO,900
chr13,38989470,38990013,NO,543
chr11,4872282,4872740,NO,458
chr15,68305363,68305968,NO,605
chr5,159865680,159866583,NO,903
chr5,161178414,161178937,NO,523
chr5,125720198,125721051,NO,853
chr4,76651469,76652213,NO,744
chr16,58221572,58222456,NO,884
chr10,121863812,121864399,NO,587
chr10,15428721,15429469,NO,748
chr1,202584584,202585295,NO,711
chr16,70494470,70495594,NO,1124
chr4,177304596,177305276,NO,680
chr18,72191085,72191804,NO,719
chr1,51957101,51957772,NO,671
chr8,2842705,2843111,NO,406
chr9,33762047,33762689,NO,642
chr1,78608454,78609278,NO,824
chr9,95168720,95169299,NO,579
chr10,7738110,7739049,NO,939
chr6,80920256,80920941,NO,685
chr6,167444886,167445784,NO,898
chr1,83600051,83600801,NO,750
chr20,22979787,22980491,NO,704
chr13,80356430,80357473,NO,1043
chr2,70339110,70339807,NO,697
chr1,9602026,9602677,NO,651
chr3,64800797,64801377,NO,580
chr22,33392694,33393497,NO,803
chr1,223168478,223169131,NO,653
chr2,128920000,128920805,NO,805
chr1,198203619,198204294,NO,675
chr14,53167781,53168426,NO,645
chr4,90674285,90675001,NO,716
chr12,12735938,12736674,NO,736
chrX,102475509,102476214,NO,705
chr5,66789419,66790681,NO,1262
chr1,192508264,192508947,NO,683
chr4,40365233,40365883,NO,650
chr2,103425787,103426416,NO,629
chr10,17687949,17688687,NO,738
chr3,136732830,136733471,NO,641
chr13,79967601,79968620,NO,1019
chr1,178985878,178986675,NO,797
chr15,59524819,59525442,NO,623
chr13,46928408,46929097,NO,689
chr7,134354484,134355205,NO,721
chr4,188523611,188524259,NO,648
chr19,59049399,59050391,NO,992
chr1,226084531,226085281,NO,750
chr2,121985421,121986154,NO,733
chr9,71556519,71557140,NO,621
chr10,21581662,21582313,NO,651
chrX,15424039,15424837,NO,798
chr2,128243982,128244590,NO,608
chr12,69417398,69418069,NO,671
chr7,76757741,76758416,NO,675
chr5,5658032,5658707,NO,675
chr2,119711664,119712471,NO,807
chr14,92222291,92222794,NO,503
chr16,3824344,3825365,NO,1021
chr1,225842625,225843117,NO,492
chr19,18388710,18389409,NO,699
chr15,71375843,71376726,NO,883
chr18,72552748,72553619,NO,871
chr12,58597951,58598448,NO,497
chr4,76999197,76999812,NO,615
chr5,343949,344638,NO,689
chr3,159322542,159323076,NO,534
chr5,42621013,42621658,NO,645
chr19,50870767,50871265,NO,498
chr17,9195078,9195784,NO,706
chr18,46894820,46895724,NO,904
chr6,140784324,140784854,NO,530
chr14,32436105,32436883,NO,778
chr6,143123139,143123757,NO,618
chrX,102659531,102660234,NO,703
chr17,59313182,59313751,NO,569
chr19,12524935,12525486,NO,551
chr13,49788716,49789506,NO,790
chr7,69782466,69782901,NO,435
chr14,55914438,55914996,NO,558
chr3,4348730,4349383,NO,653
chr3,143505413,143506030,NO,617
chr14,104268694,104269190,NO,496
chr2,222505610,222506108,NO,498
chr4,48655669,48656226,NO,557
chrX,62423905,62424530,NO,625
chr3,61225653,61226318,NO,665
chrX,62393765,62394390,NO,625
chr5,75409714,75410274,NO,560
chr3,113332787,113333590,NO,803
chr3,120225256,120226320,NO,1064
chr7,137583808,137584580,NO,772
chr21,37721998,37722923,NO,925
chr4,72322161,72322833,NO,672
chr13,53204994,53205595,NO,601
chr8,98862030,98862728,NO,698
chr1,117774580,117775285,NO,705
chrX,41328035,41328652,NO,617
chr4,159791438,159792273,NO,835
chr6,52920448,52921103,NO,655
chr10,94192380,94192963,NO,583
chr7,27498044,27498721,NO,677
chrX,129194148,129194894,NO,746
chr12,58819374,58819994,NO,620
chr2,129276614,129277083,NO,469
chr3,69736196,69736753,NO,557
chrX,62933824,62934494,NO,670
chr7,35413937,35414705,NO,768
chr8,28657039,28668816,NO,11777
chr1,25751364,25752067,NO,703
chrX,68505083,68506026,NO,943
chr2,206836827,206837341,NO,514
chr3,168594352,168594946,NO,594
chr17,18966311,18966692,NO,381
chr17,19092412,19092793,NO,381
chr1,231486951,231487437,NO,486
chr4,55959650,55960235,NO,585
chr11,62246835,62247879,NO,1044
chr3,148963642,148964546,NO,904
chr10,94043771,94044473,NO,702
chr10,12095523,12096208,NO,685
chr7,70663611,70664217,NO,606
chr1,85262819,85263504,NO,685
chr1,115000715,115001453,NO,738
chr11,75337700,75338706,NO,1006
chr2,118737402,118738122,NO,720
chr1,115856499,115857311,NO,812
chr1,237398347,237398985,NO,638
chr7,17379055,17379956,NO,901
chr11,22698946,22699493,NO,547
chr13,32883914,32884352,NO,438
chr22,31843781,31844839,NO,1058
chr7,158640140,158640549,NO,409
chr6,18260658,18261673,NO,1015
chr4,62066098,62066960,NO,862
chr2,47399273,47399828,NO,555
chr15,72267979,72268653,NO,674
chr1,36275730,36276325,NO,595
chr2,118714937,118715572,NO,635
chr2,152803916,152804586,NO,670
chr9,77257103,77257801,NO,698
chr5,90592454,90593052,NO,598
chr21,29711596,29712411,NO,815
chr2,9158598,9159277,NO,679
chr2,7100257,7101214,NO,957
chr4,39935298,39936014,NO,716
chr18,6561499,6562244,NO,745
chr5,65749994,65750701,NO,707
chr3,57505282,57505816,NO,534
chr13,42151375,42152023,NO,648
chr10,64996272,64996962,NO,690
chr3,13996633,13997393,NO,760
chr16,31515146,31516004,NO,858
chr4,86398604,86399374,NO,770
chr13,73610411,73610926,NO,515
chr1,7887048,7888017,NO,969
chr19,41811743,41812909,NO,1166
chr6,52977442,52978239,NO,797
chr7,102382661,102383336,NO,675
chr8,121013234,121013999,NO,765
chr19,10389381,10390104,NO,723
chr3,178225516,178226189,NO,673
chr9,792053,792761,NO,708
chr7,47193118,47193705,NO,587
chr17,19351400,19352115,NO,715
chr14,50996358,50997083,NO,725
chr1,221506932,221507535,NO,603
chr9,130572224,130573304,NO,1080
chr3,48288696,48289321,NO,625
chrX,6973888,6974713,NO,825
chr15,64426407,64427119,NO,712
chr17,46992486,46993337,NO,851
chr2,192540424,192540975,NO,551
chr1,48043056,48054494,NO,11438
chr5,118638795,118639516,NO,721
chr1,1921071,1921675,NO,604
chr7,158415771,158416441,NO,670
chr10,50742967,50743675,NO,708
chr9,36407211,36407919,NO,708
chr5,141432916,141433697,NO,781
chrX,132657055,132657845,NO,790
chr12,120619916,120620681,NO,765
chr5,116124028,116124689,NO,661
chrX,151139233,151139850,NO,617
chr9,72260224,72260836,NO,612
chr4,48670462,48670963,NO,501
chr4,143252287,143252724,NO,437
chr10,52784339,52784941,NO,602
chr2,191520105,191520718,NO,613
chr2,161394586,161395485,NO,899
chr21,17846231,17846864,NO,633
chr11,111316489,111317253,NO,764
chr2,165864989,165865626,NO,637
chr7,35832616,35833146,NO,530
chr3,29481849,29482437,NO,588
chr12,75944139,75944873,NO,734
chr8,92968061,92968718,NO,657
chr14,104035114,104035705,NO,591
chrX,21684471,21684975,NO,504
chr1,112203060,112203846,NO,786
chr7,26726240,26726968,NO,728
chr4,38133671,38134356,NO,685
chr4,108662078,108662922,NO,844
chr5,155463057,155463877,NO,820
chr1,33160348,33161568,NO,1220
chr6,24504799,24518808,NO,14009
chr11,115092539,115093240,NO,701
chr1,201644960,201645899,NO,939
chr10,113991849,113992781,NO,932
chr17,61656837,61657447,NO,610
chr12,25388639,25389368,NO,729
chr16,15497756,15498428,NO,672
chr4,56080318,56081010,NO,692
chr1,68056129,68057010,NO,881
chr9,115257863,115258425,NO,562
chr17,17528171,17528853,NO,682
chr13,75399131,75399842,NO,711
chr15,74736500,74737171,NO,671
chr12,83101901,83102781,NO,880
chr6,138132493,138133219,NO,726
chr15,36649115,36649660,NO,545
chr7,39759666,39760299,NO,633
chr11,4631244,4631906,NO,662
chr7,38968692,38969434,NO,742
chr7,2309179,2309938,NO,759
chr17,79689273,79689892,NO,619
chr1,78070649,78071360,NO,711
chr5,90326847,90327461,NO,614
chr2,121577845,121578690,NO,845
chr13,59893867,59894297,NO,430
chr4,111285720,111286551,NO,831
chr7,105758294,105758951,NO,657
chr9,7011614,7012296,NO,682
chr8,19246303,19247215,NO,912
chr20,520722,521434,NO,712
chr18,77498066,77498714,NO,648
chr3,114425564,114426198,NO,634
chr3,136506171,136506736,NO,565
chr4,46947103,46947753,NO,650
chr4,149716506,149717281,NO,775
chr13,80657568,80658299,NO,731
chr8,23706272,23706894,NO,622
chr5,5794978,5795862,NO,884
chr4,170226799,170237417,NO,10618
chr9,124763612,124764760,NO,1148
chr15,52620634,52621186,NO,552
chr19,36422053,36422637,NO,584
chr1,153570937,153571730,NO,793
chr7,81314337,81314887,NO,550
chr20,20083169,20083788,NO,619
chr9,133887071,133896184,NO,9113
chrX,10522542,10523172,NO,630
chr3,193688824,193700561,NO,11737
chr12,10548184,10549162,NO,978
chr6,28806354,28807135,NO,781
chr3,148716694,148717192,NO,498
chr9,114957233,114957938,NO,705
chr3,87032441,87032971,NO,530
chr17,7035710,7041241,NO,5531
chr2,182808753,182809188,NO,435
chr22,29179643,29180242,NO,599
chr10,99366668,99367432,NO,764
chr12,64433040,64433752,NO,712
chr3,194032738,194033699,NO,961
chr11,33775101,33775631,NO,530
chr3,71730401,71731027,NO,626
chr1,246171414,246172083,NO,669
chr8,33185889,33186411,NO,522
chr14,34385878,34386638,NO,760
chr2,113525189,113525788,NO,599
chr15,72432208,72432789,NO,581
chr10,85299773,85300337,NO,564
chr9,74277433,74278198,NO,765
chr7,65196206,65197090,NO,884
chr1,192776161,192776773,NO,612
chr2,3306744,3307693,NO,949
chr7,126135115,126135696,NO,581
chr4,25332358,25333065,NO,707
chr13,21892996,21893713,NO,717
chr17,63738940,63739462,NO,522
chr2,88315870,88316764,NO,894
chr6,140858780,140859441,NO,661
chr21,29655839,29656473,NO,634
chr2,230252656,230253243,NO,587
chr18,72882177,72882828,NO,651
chr10,111896922,111902431,NO,5509
chr13,50307585,50308177,NO,592
chr16,30613957,30614767,NO,810
chr7,81475240,81475713,NO,473
chr12,69947352,69947844,NO,492
chr6,109059268,109059956,NO,688
chr9,93681798,93682767,NO,969
chr10,237723,238407,NO,684
chr15,66381405,66382126,NO,721
chr5,53966026,53967209,NO,1183
chr1,25119598,25120137,NO,539
chr20,8141974,8142662,NO,688
chr1,166458672,166459565,NO,893
chr11,122678720,122679630,NO,910
chr4,83189253,83189950,NO,697
chr12,14574229,14574942,NO,713
chr2,198513220,198513722,NO,502
chr12,121022111,121022961,NO,850
chr6,44159970,44171274,NO,11304
chr2,20927974,20928582,NO,608
chr1,218653130,218653922,NO,792
chr7,56101276,56115219,NO,13943
chr7,10162099,10162793,NO,694
chr20,48585605,48586306,NO,701
chr12,54589782,54590425,NO,643
chr14,50550183,50550981,NO,798
chr9,109049241,109049841,NO,600
chr12,106415218,106416000,NO,782
chr10,19777766,19778272,NO,506
chr2,114148024,114148565,NO,541
chr8,121743579,121744253,NO,674
chr2,120607454,120608286,NO,832
chr6,29262891,29263788,NO,897
chr2,203244012,203244683,NO,671
chr8,97864528,97865233,NO,705
chr1,155151388,155152455,NO,1067
chr14,90067784,90068408,NO,624
chr18,61013308,61014006,NO,698
chr7,7261106,7261757,NO,651
chr2,169346491,169347203,NO,712
chr6,81317620,81318264,NO,644
chr15,91806997,91807775,NO,778
chr10,27909301,27910024,NO,723
chr5,34673802,34674434,NO,632
chr1,168737149,168737777,NO,628
chr11,102337415,102338218,NO,803
chr2,17764407,17776690,NO,12283
chr3,39455700,39456492,NO,792
chr7,107886285,107886847,NO,562
chr20,33753837,33754656,NO,819
chr18,31164854,31165840,NO,986
chr6,144327297,144327900,NO,603
chr5,177397895,177398579,NO,684
chr12,107419970,107420441,NO,471
chr21,26670255,26670943,NO,688
chr3,32955252,32955951,NO,699
chr14,78147846,78148559,NO,713
chr4,148787026,148787538,NO,512
chr4,54187761,54188337,NO,576
chr15,33257915,33258604,NO,689
chr1,186152802,186153317,NO,515
chr5,71576541,71577136,NO,595
chr10,3665157,3665826,NO,669
chr6,133141925,133142498,NO,573
chr5,65875624,65876244,NO,620
chr4,58809752,58810158,NO,406
chr8,42772252,42772860,NO,608
chr11,71844036,71844554,NO,518
chr7,100166828,100168146,NO,1318
chrX,39472605,39473343,NO,738
chr17,6839731,6840370,NO,639
chr2,38827437,38828026,NO,589
chr18,53462074,53462732,NO,658
chr9,129296000,129296560,NO,560
chr19,21621788,21622503,NO,715
chr4,24811008,24811936,NO,928
chr8,28874014,28874972,NO,958
chr5,113520969,113521636,NO,667
chr19,41847499,41848309,NO,810
chr19,3580513,3581122,NO,609
chr9,114881369,114882076,NO,707
chr15,46147744,46148179,NO,435
chr7,158328992,158330551,NO,1559
chr1,212375726,212376553,NO,827
chr10,51569941,51570837,NO,896
chr17,46634499,46635167,NO,668
chr21,35075975,35076588,NO,613
chr3,195973967,195974815,NO,848
chrX,109386710,109387415,NO,705
chr14,105233550,105234234,NO,684
chr10,74327116,74327744,NO,628
chr2,74259183,74260058,NO,875
chr4,55433923,55434643,NO,720
chr6,57127072,57127711,NO,639
chrX,151071270,151071813,NO,543
chr8,28479494,28480064,NO,570
chr6,21769556,21770209,NO,653
chr20,50006011,50006687,NO,676
chr8,91683248,91683907,NO,659
chr15,59432598,59433319,NO,721
chr1,12361081,12361801,NO,720
chr3,8532694,8533469,NO,775
chr4,125824893,125825562,NO,669
chr18,20493315,20493915,NO,600
chr2,58283409,58283931,NO,522
chrX,99704712,99705898,NO,1186
chr10,46558847,46559564,NO,717
chr10,48745745,48746462,NO,717
chr7,11498129,11498727,NO,598
chr12,116940699,116941325,NO,626
chr4,13415432,13416096,NO,664
chr18,42595947,42596669,NO,722
chr19,12995514,12996976,NO,1462
chr12,81232391,81232930,NO,539
chr1,173743348,173743840,NO,492
chr6,163920816,163921349,NO,533
chr12,106235705,106247497,NO,11792
chr4,6644646,6645450,NO,804
chr6,82441096,82441647,NO,551
chr3,138279374,138280063,NO,689
chr2,73021852,73022369,NO,517
chr3,86843414,86843930,NO,516
chr19,12868198,12869299,NO,1101
chr7,95050296,95051116,NO,820
chr8,49209881,49210712,NO,831
chr11,48131061,48131712,NO,651
chr4,113068896,113069423,NO,527
chr7,25494077,25494864,NO,787
chr5,97645670,97646405,NO,735
chr12,80512842,80513521,NO,679
chr12,76242186,76242849,NO,663
chrX,45649319,45650051,NO,732
chr3,49817717,49818455,NO,738
chr15,48103958,48104545,NO,587
chr1,82385959,82386541,NO,582
chr16,12895532,12896280,NO,748
chr1,40282462,40283579,NO,1117
chr8,23808530,23809479,NO,949
chr5,41369497,41369965,NO,468
chr11,61412977,61413631,NO,654
chr17,1511135,1511723,NO,588
chr5,119724197,119724768,NO,571
chr8,55466867,55467515,NO,648
chr14,72022868,72023751,NO,883
chr16,14003418,14004130,NO,712
chr10,65024945,65025387,NO,442
chr6,78165874,78166481,NO,607
chr6,138049779,138050593,NO,814
chr8,6722195,6722852,NO,657
chr1,116521008,116521705,NO,697
chr1,59755887,59756930,NO,1043
chr4,166246469,166247229,NO,760
chr2,19172839,19173497,NO,658
chr15,90886640,90887245,NO,605
chr10,4909642,4910400,NO,758
chr17,43165113,43165875,NO,762
chr20,5829694,5830304,NO,610
chrX,152001720,152002634,NO,914
chr17,76815329,76816202,NO,873
chr7,27717786,27718423,NO,637
chr13,77284729,77298284,NO,13555
chr5,73460343,73460945,NO,602
chr11,1611008,1611759,NO,751
chr11,34349338,34350093,NO,755
chr1,87599479,87600149,NO,670
chr14,22896293,22897358,NO,1065
chr1,168941875,168942471,NO,596
chr22,35827049,35827654,NO,605
chr3,99222211,99222801,NO,590
chr13,109599482,109600161,NO,679
chr16,89903622,89904648,NO,1026
chr14,63158390,63158687,NO,297
chr10,90824692,90825191,NO,499
chr6,13505325,13505846,NO,521
chr1,15237229,15238333,NO,1104
chr9,96945687,96946276,NO,589
chr15,96807586,96808414,NO,828
chr6,111967949,111968660,NO,711
chr3,25192386,25193009,NO,623
chr13,81204525,81205084,NO,559
chr22,41361491,41362108,NO,617
chr11,130579389,130580505,NO,1116
chr7,105470200,105470856,NO,656
chr19,40967573,40968280,NO,707
chr12,26876451,26877104,NO,653
chr4,100358631,100359375,NO,744
chr11,122238533,122239253,NO,720
chr10,80331441,80332191,NO,750
chr1,174846425,174846926,NO,501
chr14,103154828,103155467,NO,639
chr2,74967930,74968776,NO,846
chr15,56332221,56332854,NO,633
chr12,64962845,64963567,NO,722
chr3,11265351,11266128,NO,777
chrX,43888263,43888808,NO,545
chr18,54456543,54457229,NO,686
chr7,90976848,90977573,NO,725
chr20,13781141,13781902,NO,761
chr18,8116194,8116865,NO,671
chr3,30411625,30412286,NO,661
chr19,4414466,4415175,NO,709
chr7,158704235,158704914,NO,679
chr2,108932759,108933508,NO,749
chr2,36805422,36806004,NO,582
chr17,4230961,4231603,NO,642
chr10,116702591,116703098,NO,507
chr15,62042524,62043228,NO,704
chr12,93423330,93424004,NO,674
chr7,28549369,28549942,NO,573
chr2,43766036,43766541,NO,505
chr19,17489674,17490692,NO,1018
chr6,105153221,105153810,NO,589
chr18,21274816,21275531,NO,715
chr7,37010276,37010873,NO,597
chrX,41135199,41135760,NO,561
chr16,21623321,21623848,NO,527
chr5,180300450,180301225,NO,775
chr11,109959147,109959827,NO,680
chr9,98054526,98055186,NO,660
chr3,41730269,41730800,NO,531
chr4,78485550,78486186,NO,636
chr11,9202037,9202737,NO,700
chr4,153564580,153565282,NO,702
chr11,46071581,46072221,NO,640
chr13,74289325,74290062,NO,737
chr3,43733792,43734526,NO,734
chr12,118794326,118794879,NO,553
chr14,25131918,25132511,NO,593
chr3,169027362,169027870,NO,508
chr5,63440330,63440889,NO,559
chr2,201766208,201766677,NO,469
chr8,86524360,86524951,NO,591
chr13,52131618,52132412,NO,794
chr10,44748942,44749604,NO,662
chr14,72193317,72193970,NO,653
chr6,47209586,47210658,NO,1072
chr12,117354058,117354842,NO,784
chr4,129837952,129838487,NO,535
chr6,160815256,160816184,NO,928
chr17,7374784,7375540,NO,756
chr11,20495489,20496226,NO,737
chr5,67591612,67592285,NO,673
chr15,92920253,92921016,NO,763
chr3,8531685,8532283,NO,598
chr2,205529905,205530488,NO,583
chr21,29587943,29588540,NO,597
chr1,220542121,220542823,NO,702
chr10,36282737,36283348,NO,611
chrX,47348922,47349551,NO,629
chr10,62206514,62207170,NO,656
chr17,10193240,10194093,NO,853
chr2,62176766,62177386,NO,620
chr16,68162516,68163130,NO,614
chr14,24796325,24797139,NO,814
chr6,133959000,133959519,NO,519
chr6,131578561,131579127,NO,566
chr19,53088058,53088894,NO,836
chr12,104252463,104253875,NO,1412
chr10,36247480,36247995,NO,515
chr3,167532377,167533051,NO,674
chr9,78987758,78988452,NO,694
chr7,111753008,111753519,NO,511
chr20,34332265,34332832,NO,567
chr8,124720441,124721153,NO,712
chr6,136726342,136727014,NO,672
chr4,8222257,8231183,NO,8926
chr4,140636822,140637549,NO,727
chr20,32624793,32625403,NO,610
chr6,161855802,161856519,NO,717
chr9,38672213,38672912,NO,699
chr1,169496987,169497657,NO,670
chr6,157313526,157314251,NO,725
chr6,157725556,157739073,NO,13517
chr3,37664543,37665082,NO,539
chr15,25928805,25929881,NO,1076
chr15,51177419,51178041,NO,622
chr18,21855055,21855698,NO,643
chr18,6624058,6624470,NO,412
chr11,100748025,100748686,NO,661
chr13,53003210,53003835,NO,625
chr13,98886031,98886612,NO,581
chr8,117707379,117708093,NO,714
chr2,208734801,208746907,NO,12106
chr16,53075525,53076431,NO,906
chr2,165753604,165767437,NO,13833
chr11,77379816,77380485,NO,669
chr3,156385888,156386388,NO,500
chr7,158189804,158190565,NO,761
chr11,104837009,104837665,NO,656
chr18,2087667,2088201,NO,534
chr14,51394500,51395179,NO,679
chrX,107375158,107375831,NO,673
chr17,49155166,49155924,NO,758
chr5,179127345,179127969,NO,624
chr10,76124032,76124512,NO,480
chr1,42785614,42786269,NO,655
chr18,20882510,20883425,NO,915
chr13,50150975,50151438,NO,463
chr17,7396051,7396925,NO,874
chr6,24451916,24452682,NO,766
chr11,72666250,72667076,NO,826
chr6,28414655,28415314,NO,659
chr8,93521619,93522229,NO,610
chr8,30555943,30556577,NO,634
chr6,111784004,111784555,NO,551
chr12,21682072,21682620,NO,548
chr5,139463913,139464475,NO,562
chr2,25872931,25873655,NO,724
chr14,105584680,105585254,NO,574
chr4,79702639,79703284,NO,645
chr8,94132202,94133241,NO,1039
chr7,76786116,76786747,NO,631
chr9,97803830,97804434,NO,604
chr10,52274991,52275672,NO,681
chr6,136201087,136201687,NO,600
chr10,32459894,32460532,NO,638
chr7,134053694,134054348,NO,654
chr1,67143031,67143621,NO,590
chr15,49658660,49659077,NO,417
chr7,102354147,102354778,NO,631
chr1,246932127,246932828,NO,701
chrX,14515453,14516020,NO,567
chr10,22311073,22312040,NO,967
chr7,8271805,8272404,NO,599
chr15,82438926,82439498,NO,572
chr12,63254283,63254747,NO,464
chr10,130674492,130675208,NO,716
chr2,120159971,120161156,NO,1185
chr9,5976903,5977479,NO,576
chr15,25591064,25591703,NO,639
chr12,116491469,116492129,NO,660
chr17,67577270,67577937,NO,667
chr11,106830145,106830806,NO,661
chr8,30446917,30447507,NO,590
chr3,169066954,169067526,NO,572
chr11,92499055,92499794,NO,739
chr1,45466645,45467384,NO,739
chr13,36433391,36433917,NO,526
chr3,141995716,141996358,NO,642
chr2,138726225,138726877,NO,652
chr8,19082400,19083143,NO,743
chr6,2542575,2543284,NO,709
chr2,147782694,147783353,NO,659
chr8,26932560,26933286,NO,726
chr1,169859909,169860865,NO,956
chr19,47031250,47032076,NO,826
chr12,51734902,51735450,NO,548
chr5,149939700,149940385,NO,685
chr5,102131723,102132324,NO,601
chr16,31008105,31008662,NO,557
chr12,106591126,106591824,NO,698
chr2,225388638,225389323,NO,685
chr2,112833066,112833529,NO,463
chr10,23648635,23649281,NO,646
chr4,40239792,40240483,NO,691
chr19,40450107,40450774,NO,667
chr2,43653990,43654715,NO,725
chr13,40526834,40527546,NO,712
chr17,53770745,53771390,NO,645
chr9,126629812,126630391,NO,579
chr15,65826330,65827084,NO,754
chr17,27090265,27090928,NO,663
chr16,48352319,48352873,NO,554
chr11,10870074,10870725,NO,651
chr16,29838071,29838827,NO,756
chr6,107996166,107996827,NO,661
chr1,16641584,16642201,NO,617
chr14,61775215,61775818,NO,603
chr10,120760160,120760743,NO,583
chr12,30499184,30499671,NO,487
chr15,70820486,70821045,NO,559
chr2,179595658,179596265,NO,607
chr2,208895414,208895939,NO,525
chr4,79550901,79551533,NO,632
chrX,153402251,153402874,NO,623
chr3,106954001,106954715,NO,714
chr12,7175507,7187327,NO,11820
chr12,76552191,76552936,NO,745
chr3,187526275,187527042,NO,767
chr11,35412765,35413429,NO,664
chr1,84107543,84108250,NO,707
chrX,154282846,154283410,NO,564
chr2,48759665,48760276,NO,611
chr6,139659406,139660192,NO,786
chr3,190062698,190063257,NO,559
chr6,163127209,163127876,NO,667
chr3,25597063,25597643,NO,580
chr14,72175875,72176501,NO,626
chr3,72956786,72957401,NO,615
chr9,96936054,96936896,NO,842
chr4,140925068,140926265,NO,1197
chr13,83229157,83230076,NO,919
chr12,71247288,71247791,NO,503
chr3,159339647,159340227,NO,580
chr8,71060371,71060920,NO,549
chr17,48099911,48100664,NO,753
chr11,128231290,128232068,NO,778
chr2,223292517,223293207,NO,690
chr10,18790047,18790712,NO,665
chr7,77096480,77097157,NO,677
chr6,145644974,145645756,NO,782
chr9,117757682,117758283,NO,601
chr5,70926958,70927481,NO,523
chr14,71688233,71688873,NO,640
chr7,138728412,138728982,NO,570
chr3,176844138,176844709,NO,571
chr12,3527284,3528068,NO,784
chr13,107519504,107520108,NO,604
chr6,101337223,101338306,NO,1083
chr17,43357074,43357633,NO,559
chr14,20647323,20648246,NO,923
chr7,107250139,107250669,NO,530
chr12,122124874,122125574,NO,700
chr1,8372632,8373487,NO,855
chr6,147728074,147728717,NO,643
chr1,61956768,61957372,NO,604
chr19,41862705,41863474,NO,769
chr11,73850413,73850936,NO,523
chr17,10459781,10460371,NO,590
chr8,105373579,105374258,NO,679
chr14,52388919,52389577,NO,658
chr10,88681948,88682878,NO,930
chr14,64565074,64565604,NO,530
chr13,61340139,61340654,NO,515
chr11,73463937,73464500,NO,563
chr21,16493697,16494483,NO,786
chr6,55533369,55533985,NO,616
chr8,99738020,99738511,NO,491
chr5,55128154,55128653,NO,499
chr1,229057057,229057692,NO,635
chr22,19393929,19394633,NO,704
chr18,9950537,9951016,NO,479
chr1,246795453,246796152,NO,699
chr15,42474702,42475245,NO,543
chr6,145365908,145366445,NO,537
chr14,27394921,27395534,NO,613
chr15,41551902,41552457,NO,555
chrX,115239513,115239858,NO,345
chr16,82191122,82191712,NO,590
chr2,38119326,38119926,NO,600
chr15,41454247,41454916,NO,669
chr22,38096971,38097767,NO,796
chr20,36901436,36902071,NO,635
chr8,623269,623944,NO,675
chr15,58501427,58501917,NO,490
chr17,27696725,27697373,NO,648
chr12,92602396,92603098,NO,702
chr3,72986899,72987487,NO,588
chr10,5491793,5492241,NO,448
chr13,40656837,40657662,NO,825
chr2,119496266,119496876,NO,610
chr3,17217119,17217827,NO,708
chr11,88034645,88035309,NO,664
chr7,63924015,63924826,NO,811
chr20,20574328,20574843,NO,515
chr22,22067217,22068483,NO,1266
chr3,59618203,59618798,NO,595
chr15,51520310,51520886,NO,576
chr3,151064064,151064711,NO,647
chr5,32841875,32842642,NO,767
chr2,189802855,189803334,NO,479
chr1,22826544,22827353,NO,809
chr4,82707583,82708199,NO,616
chr1,67485366,67485956,NO,590
chr11,46120757,46121323,NO,566
chr15,49751875,49752380,NO,505
chr3,177215963,177216574,NO,611
chr13,53022129,53022731,NO,602
chr8,33210868,33211438,NO,570
chr17,72636023,72636815,NO,792
chr16,88058489,88059332,NO,843
chrX,50362251,50362815,NO,564
chr1,85584137,85584690,NO,553
chr1,177553948,177554557,NO,609
chr11,75523919,75524539,NO,620
chr17,16649872,16650207,NO,335
chr11,111483020,111483576,NO,556
chr7,150574480,150575153,NO,673
chr3,48986469,48987050,NO,581
chr1,216860388,216861005,NO,617
chr7,70238800,70239499,NO,699
chr2,96890812,96891454,NO,642
chr8,95106457,95107086,NO,629
chr5,32303252,32303824,NO,572
chr7,89896355,89896908,NO,553
chr20,48127317,48127908,NO,591
chr6,144799481,144800063,NO,582
chrX,122937341,122938055,NO,714
chr2,30372416,30372937,NO,521
chr9,98980082,98980726,NO,644
chr5,37272284,37273019,NO,735
chr3,88080776,88081327,NO,551
chr1,241714948,241716194,NO,1246
chr1,230861499,230861967,NO,468
chr10,25162207,25162778,NO,571
chr12,112012798,112013395,NO,597
chr6,105821075,105821680,NO,605
chrX,23093594,23094126,NO,532
chr18,67672696,67673335,NO,639
chr7,130040257,130040965,NO,708
chr13,38256058,38256662,NO,604
chr11,103979836,103980299,NO,463
chr17,2004833,2005533,NO,700
chr20,44204153,44204740,NO,587
chr2,67066630,67067233,NO,603
chr1,169573916,169574822,NO,906
chr7,46972275,46973039,NO,764
chr2,18654419,18655113,NO,694
chr6,133872794,133873352,NO,558
chr5,159078229,159078868,NO,639
chr7,23208375,23208946,NO,571
chr4,113033694,113034310,NO,616
chr8,99466297,99467003,NO,706
chr19,49201217,49201873,NO,656
chr17,27531141,27531777,NO,636
chr7,135615402,135616059,NO,657
chr7,51143639,51144234,NO,595
chr5,114819746,114827094,NO,7348
chr18,26760993,26761436,NO,443
chr3,192587167,192597528,NO,10361
chr17,34217137,34217732,NO,595
chr1,209996928,209997560,NO,632
chr9,4175191,4175744,NO,553
chrX,15694632,15695253,NO,621
chr1,245159314,245159966,NO,652
chr11,128515872,128516702,NO,830
chr13,74557178,74557901,NO,723
chr4,120649959,120650654,NO,695
chr17,63081960,63082690,NO,730
chr6,136809803,136810405,NO,602
chr17,28395488,28396083,NO,595
chr10,68081611,68082181,NO,570
chr21,37607264,37607979,NO,715
chr21,36305886,36306448,NO,562
chr15,66164138,66164703,NO,565
chr2,130059503,130060093,NO,590
chr6,22892189,22892706,NO,517
chr12,89719310,89720007,NO,697
chr22,37177430,37178242,NO,812
chr5,86298616,86299137,NO,521
chr15,58241933,58243171,NO,1238
chr5,5373707,5374452,NO,745
chr3,169588869,169589705,NO,836
chr6,111798536,111799118,NO,582
chr3,55724546,55725219,NO,673
chr1,209218920,209219498,NO,578
chr20,30482967,30483613,NO,646
chr1,115951950,115952573,NO,623
chr6,25971884,25972584,NO,700
chr20,43921891,43922792,NO,901
chr5,125750090,125750629,NO,539
chrX,103380845,103381329,NO,484
chr2,24560522,24561072,NO,550
chr16,54851784,54852407,NO,623
chr2,56235793,56236372,NO,579
chr14,90379224,90379683,NO,459
chr12,1478255,1478789,NO,534
chr10,14082480,14083040,NO,560
chr21,33758973,33759608,NO,635
chr5,57075943,57076621,NO,678
chr10,51039430,51040037,NO,607
chr15,72631318,72631971,NO,653
chr6,33606465,33607003,NO,538
chr6,1709051,1710237,NO,1186
chr4,122472489,122473122,NO,633
chr13,33742250,33742890,NO,640
chr19,40945153,40945845,NO,692
chr8,128064443,128065179,NO,736
chr1,89984073,89984582,NO,509
chr5,137215467,137215933,NO,466
chr16,18197754,18198409,NO,655
chr16,15286141,15286796,NO,655
chr5,118346804,118347367,NO,563
chr10,73397605,73398792,NO,1187
chr19,47892581,47893123,NO,542
chr5,55646716,55647168,NO,452
chr1,83974356,83974900,NO,544
chr4,109281989,109282662,NO,673
chr2,223708879,223709401,NO,522
chr19,19297376,19298084,NO,708
chr5,55393864,55394474,NO,610
chr3,145959678,145960488,NO,810
chr8,8500263,8500826,NO,563
chr13,97729147,97729766,NO,619
chr7,114628731,114629348,NO,617
chr3,186463795,186464454,NO,659
chr1,178439282,178439919,NO,637
chr6,53297399,53298002,NO,603
chr2,224751686,224752137,NO,451
chr2,64017184,64017961,NO,777
chr2,190202793,190203337,NO,544
chr3,192442984,192443532,NO,548
chr21,39591348,39591885,NO,537
chr5,165309630,165310180,NO,550
chr2,236790781,236791225,NO,444
chr18,55829271,55829839,NO,568
chrX,139173749,139174374,NO,625
chr2,198673941,198674428,NO,487
chr1,221907024,221907685,NO,661
chr6,156342517,156343141,NO,624
chr2,24405252,24405877,NO,625
chr7,46184435,46185002,NO,567
chr1,66277761,66278379,NO,618
chr9,127829468,127830040,NO,572
chr1,65493026,65493816,NO,790
chr2,65391700,65392366,NO,666
chr12,102089076,102089665,NO,589
chr16,56840665,56841335,NO,670
chr1,167266773,167267257,NO,484
chr7,18581467,18582001,NO,534
chr13,73493640,73494181,NO,541
chr14,100305549,100305890,NO,341
chr15,93512313,93512931,NO,618
chr6,56316063,56316530,NO,467
chr3,187951477,187952212,NO,735
chr10,43782499,43783076,NO,577
chr10,7513614,7514216,NO,602
chr11,56652346,56653084,NO,738
chrX,119415807,119416550,NO,743
chr2,100287621,100288070,NO,449
chr12,47711024,47711550,NO,526
chr6,139401208,139401928,NO,720
chr5,59041105,59041765,NO,660
chr18,60418594,60419136,NO,542
chr12,48478665,48479370,NO,705
chr1,236971695,236972214,NO,519
chr1,182304864,182305461,NO,597
chr11,120483218,120483903,NO,685
chr2,44018209,44018809,NO,600
chr7,43593275,43593874,NO,599
chr4,121751243,121751728,NO,485
chr6,10404351,10405398,NO,1047
chr6,44537338,44538252,NO,914
chr6,136998430,136998949,NO,519
chr12,121330025,121330554,NO,529
chr10,34762574,34763223,NO,649
chr13,111539991,111540754,NO,763
chr2,86670456,86671038,NO,582
chr2,175531077,175532086,NO,1009
chr10,35195365,35196077,NO,712
chr9,84173492,84174085,NO,593
chr7,132063838,132064368,NO,530
chr20,13802812,13803533,NO,721
chr22,26062354,26062798,NO,444
chr4,90180716,90181355,NO,639
chr22,37663710,37664140,NO,430
chr1,39900069,39900432,NO,363
chr14,30364538,30365165,NO,627
chr12,28578034,28578573,NO,539
chrX,114689430,114690116,NO,686
chr1,199240927,199241295,NO,368
chr6,133070275,133070966,NO,691
chr10,45849879,45850532,NO,653
chrX,18595308,18595805,NO,497
chr11,77589637,77590247,NO,610
chr22,40722922,40723648,NO,726
chr18,10925866,10926533,NO,667
chr1,170183741,170184370,NO,629
chr19,10738214,10739003,NO,789
chr5,174643368,174644091,NO,723
chrX,133406191,133406668,NO,477
chr3,96068059,96068401,NO,342
chrX,39842801,39843339,NO,538
chr2,190016948,190017645,NO,697
chr5,56701447,56701983,NO,536
chr6,4126446,4126944,NO,498
chr2,159455954,159456666,NO,712
chr17,75538366,75539189,NO,823
chr17,39495677,39496383,NO,706
chr8,117466327,117466878,NO,551
chr3,96495556,96496121,NO,565
chr7,39781628,39782450,NO,822
chr14,73869551,73870062,NO,511
chr10,52156851,52157390,NO,539
chr18,6752368,6752903,NO,535
chr15,51659272,51660191,NO,919
chr14,98010424,98010989,NO,565
chr6,110018404,110018948,NO,544
chr18,43657578,43658236,NO,658
chr1,208281011,208281834,NO,823
chr19,6730927,6731509,NO,582
chr8,131260404,131260907,NO,503
chr9,4136657,4137225,NO,568
chr7,104753203,104753831,NO,628
chr5,32582716,32583394,NO,678
chr1,10346222,10346781,NO,559
chr8,121228934,121229492,NO,558
chr10,28108764,28109470,NO,706
chr9,27474793,27475432,NO,639
chr18,33214913,33215466,NO,553
chr4,80979228,80979766,NO,538
chr12,22464585,22465115,NO,530
chr1,193229089,193229709,NO,620
chr3,193226770,193227324,NO,554
chr5,16913520,16914305,NO,785
chr4,64214894,64215762,NO,868
chr12,120819756,120820230,NO,474
chr15,30096860,30097383,NO,523
chr2,18921650,18922175,NO,525
chr11,111428100,111428752,NO,652
chr7,95503975,95504506,NO,531
chr2,201331787,201332479,NO,692
chr8,41484722,41485349,NO,627
chr9,92037037,92037795,NO,758
chr1,28355114,28355655,NO,541
chr12,32423653,32424337,NO,684
chr11,105115493,105116045,NO,552
chr2,191543093,191544017,NO,924
chr12,97820419,97820985,NO,566
chr9,85175464,85176141,NO,677
chr3,188150483,188150989,NO,506
chr12,118745138,118745715,NO,577
chr14,71945349,71945969,NO,620
chr1,46546970,46547665,NO,695
chr9,86316775,86317210,NO,435
chr15,101534474,101548905,NO,14431
chr7,36285515,36286205,NO,690
chr20,34380166,34380589,NO,423
chr1,104104277,104104591,NO,314
chr10,28552266,28553117,NO,851
chr15,89595606,89596227,NO,621
chr11,111444569,111445113,NO,544
chr1,222945885,222946410,NO,525
chr1,168397390,168398001,NO,611
chr5,58035751,58036291,NO,540
chr13,19183091,19183691,NO,600
chr1,9749933,9750565,NO,632
chr16,10847118,10847915,NO,797
chr2,196978022,196978545,NO,523
chr19,6723676,6724352,NO,676
chr16,75694069,75694825,NO,756
chr4,88275258,88275866,NO,608
chr9,88872212,88872676,NO,464
chr9,40633109,40633532,NO,423
chr8,29058085,29058568,NO,483
chr6,41933000,41933579,NO,579
chr9,20356346,20357117,NO,771
chr1,12292302,12292837,NO,535
chr5,78843046,78843827,NO,781
chrX,138964081,138964609,NO,528
chr5,92695235,92695831,NO,596
chr7,90355775,90356405,NO,630
chr1,64639133,64639672,NO,539
chr8,104319922,104320674,NO,752
chr1,90289164,90289627,NO,463
chr5,57423022,57423666,NO,644
chr17,62568717,62569191,NO,474
chr6,56110228,56110810,NO,582
chr2,24491826,24492268,NO,442
chr3,71517524,71518244,NO,720
chr9,4815467,4816180,NO,713
chr22,17699891,17700605,NO,714
chr11,76596429,76597065,NO,636
chr6,52195036,52195577,NO,541
chr5,90205071,90205595,NO,524
chr6,13725573,13726182,NO,609
chr1,113086988,113087342,NO,354
chr4,153011585,153012072,NO,487
chr3,132050855,132051519,NO,664
chr13,78353836,78354398,NO,562
chr10,105729163,105729818,NO,655
chr19,7738756,7739613,NO,857
chr6,82518428,82518871,NO,443
chr7,3134279,3144702,NO,10423
chr3,138518428,138518952,NO,524
chr15,35192672,35193196,NO,524
chr22,19247066,19247783,NO,717
chr1,101627745,101628326,NO,581
chr13,33897138,33897650,NO,512
chr3,56663573,56663961,NO,388
chr22,38636868,38637437,NO,569
chr10,18971564,18972179,NO,615
chr3,30442372,30442878,NO,506
chr11,43758258,43758865,NO,607
chr22,36162637,36163272,NO,635
chr3,49437668,49438290,NO,622
chr5,78126130,78126814,NO,684
chr9,115550532,115551126,NO,594
chr14,25330237,25330906,NO,669
chr9,139949295,139950844,NO,1549
chr6,90718029,90718808,NO,779
chr11,47128142,47128800,NO,658
chr9,104241246,104241899,NO,653
chr4,100600333,100600804,NO,471
chr6,37050805,37051930,NO,1125
chr12,92248835,92249426,NO,591
chrX,3467532,3468124,NO,592
chr16,30539825,30541048,NO,1223
chr15,75890548,75891210,NO,662
chr6,119202906,119203523,NO,617
chr12,47002597,47003145,NO,548
chr4,58358620,58359118,NO,498
chr10,16994629,16995278,NO,649
chr1,101578005,101578557,NO,552
chr2,66916074,66916759,NO,685
chr2,160611612,160612181,NO,569
chr21,39809330,39810149,NO,819
chr9,130486171,130487067,NO,896
chr4,121722243,121722930,NO,687
chr11,16022883,16023393,NO,510
chr12,78333956,78334405,NO,449
chr12,7091384,7092046,NO,662
chr9,36074797,36075521,NO,724
chr22,36262590,36263180,NO,590
chr2,104995213,104995900,NO,687
chr6,139040476,139041024,NO,548
chr10,11636798,11637464,NO,666
chr2,95784044,95784558,NO,514
chr13,50818787,50819516,NO,729
chr1,3806997,3807624,NO,627
chr1,201303703,201304227,NO,524
chr3,17019913,17020478,NO,565
chr8,17708578,17709089,NO,511
chr2,45794394,45794926,NO,532
chr1,77404642,77405559,NO,917
chr19,10535059,10535740,NO,681
chr5,15695192,15704468,NO,9276
chr2,30704065,30704636,NO,571
chr11,9001008,9001326,NO,318
chr8,28889160,28889672,NO,512
chr2,159601787,159602891,NO,1104
chr1,237974900,237975476,NO,576
chr2,6697194,6697821,NO,627
chr9,18393338,18393990,NO,652
chr7,46495563,46496116,NO,553
chr18,53835207,53835709,NO,502
chr20,46238903,46239390,NO,487
chr10,63734860,63735336,NO,476
chr11,34771528,34772171,NO,643
chr1,68824133,68824618,NO,485
chr12,127630390,127631405,NO,1015
chr13,27653400,27653951,NO,551
chr18,9916003,9916603,NO,600
chr1,145652356,145653017,NO,661
chr12,27587584,27588196,NO,612
chr1,112687454,112688050,NO,596
chr4,166760438,166760937,NO,499
chr13,36290716,36291415,NO,699
chr15,87462905,87463606,NO,701
chr2,22114771,22115330,NO,559
chr6,36035643,36036194,NO,551
chrX,150058940,150059430,NO,490
chr10,75842874,75843494,NO,620
chr7,7188457,7189165,NO,708
chr18,67713248,67713896,NO,648
chr10,13200193,13200703,NO,510
chr1,101448122,101448729,NO,607
chr12,26512684,26513579,NO,895
chr3,121951989,121952683,NO,694
chr9,138335549,138336100,NO,551
chr6,88851545,88852081,NO,536
chr10,71987700,71988225,NO,525
chr6,119433959,119434615,NO,656
chr1,223653877,223654398,NO,521
chr6,134155073,134155644,NO,571
chr12,62866077,62866633,NO,556
chr2,18808061,18808734,NO,673
chr9,116720314,116720942,NO,628
chr7,25156811,25157440,NO,629
chr5,36239725,36240355,NO,630
chr9,79230037,79230694,NO,657
chr8,82400248,82400912,NO,664
chr12,7095125,7095728,NO,603
chr6,1136091,1136695,NO,604
chr1,36848751,36849790,NO,1039
chr7,39722592,39723230,NO,638
chr6,22928851,22929488,NO,637
chr1,108439828,108440470,NO,642
chr12,95896993,95897672,NO,679
chr3,61775520,61776146,NO,626
chr6,71874629,71875011,NO,382
chr2,19081730,19082382,NO,652
chr5,174452263,174452874,NO,611
chr2,29175482,29176043,NO,561
chr1,239979528,239980088,NO,560
chr13,44238894,44239586,NO,692
chr4,149210692,149211321,NO,629
chr7,122483804,122484383,NO,579
chr22,31226235,31226830,NO,595
chr7,7296527,7297151,NO,624
chr14,63681184,63681840,NO,656
chr11,35008126,35008711,NO,585
chr12,22485607,22486300,NO,693
chr17,10075321,10075883,NO,562
chr7,119693788,119694356,NO,568
chr12,28015516,28016023,NO,507
chr12,46885875,46886263,NO,388
chr14,95610461,95610855,NO,394
chr6,112438409,112439136,NO,727
chr6,16497540,16498159,NO,619
chr20,6514632,6515186,NO,554
chr2,160794578,160795275,NO,697
chr13,21363598,21364276,NO,678
chr5,33810679,33811279,NO,600
chr2,216331394,216331921,NO,527
chr6,154664563,154665070,NO,507
chr5,68515849,68516314,NO,465
chr6,64168165,64168667,NO,502
chr6,116834538,116835068,NO,530
chr10,60533057,60533766,NO,709
chr5,88692237,88692798,NO,561
chr13,71953274,71953739,NO,465
chr6,42716187,42716788,NO,601
chrX,2737862,2738411,NO,549
chr2,144474628,144475145,NO,517
chr1,207587746,207588286,NO,540
chr3,186606447,186606942,NO,495
chr1,226370076,226370615,NO,539
chr2,52221536,52222114,NO,578
chr2,202928770,202929317,NO,547
chr17,16205194,16205939,NO,745
chr15,48164294,48164866,NO,572
chr6,75926585,75927059,NO,474
chr1,186587321,186587997,NO,676
chr15,96752358,96752902,NO,544
chr6,80853135,80853748,NO,613
chr19,48610765,48611316,NO,551
chr19,45783569,45784248,NO,679
chr9,70645828,70646267,NO,439
chr1,211035189,211035795,NO,606
chr9,97798814,97799421,NO,607
chr4,148938940,148939578,NO,638
chr6,76009741,76010314,NO,573
chr10,45373918,45375001,NO,1083
chr10,87414635,87415336,NO,701
chr2,68379958,68380468,NO,510
chr2,70310905,70311349,NO,444
chr1,6919424,6920072,NO,648
chr8,106636224,106636794,NO,570
chr20,43756538,43757085,NO,547
chr4,166215957,166216471,NO,514
chr12,19061056,19061579,NO,523
chr6,150049680,150050213,NO,533
chr5,43588103,43588488,NO,385
chr11,75794812,75795315,NO,503
chr12,40305608,40306076,NO,468
chr4,5220139,5220679,NO,540
chr10,127547603,127548032,NO,429
chr4,52925130,52925635,NO,505
chrX,68378054,68378643,NO,589
chr3,153319339,153319893,NO,554
chr6,129505513,129506116,NO,603
chr1,67721961,67722554,NO,593
chr17,60139823,60140292,NO,469
chr12,9660868,9661207,NO,339
chr12,52632086,52633007,NO,921
chr6,21371657,21372351,NO,694
chr4,44819514,44820002,NO,488
chr12,122948307,122948965,NO,658
chr10,64930923,64931423,NO,500
chr4,38622717,38623541,NO,824
chr17,37561034,37561688,NO,654
chr12,43030572,43031146,NO,574
chr4,146421204,146421811,NO,607
chr7,99722246,99723003,NO,757
chr7,102530699,102531225,NO,526
chr10,123531911,123532344,NO,433
chrX,51138783,51139426,NO,643
chr3,53584020,53584629,NO,609
chr10,119777422,119777959,NO,537
chr1,175483601,175484368,NO,767
chr14,74363567,74364037,NO,470
chr9,88345187,88345752,NO,565
chr19,1194344,1194866,NO,522
chr5,34627216,34627812,NO,596
chr2,201224921,201225503,NO,582
chr2,192034670,192035350,NO,680
chr15,55697449,55698085,NO,636
chr3,149780184,149780855,NO,671
chr7,121087834,121088376,NO,542
chr8,29087640,29088385,NO,745
chr12,51398210,51398814,NO,604
chr15,90453554,90454492,NO,938
chr5,52005381,52006085,NO,704
chr7,80770135,80770831,NO,696
chr17,46318322,46319093,NO,771
chrX,27881879,27882448,NO,569
chr15,31245972,31246561,NO,589
chr6,32489673,32490053,NO,380
chr2,149400348,149400959,NO,611
chr11,86711226,86711792,NO,566
chr3,145940210,145940963,NO,753
chr8,86112960,86113531,NO,571
chr3,53713742,53714391,NO,649
chrX,15800240,15800687,NO,447
chr5,122515615,122516344,NO,729
chr10,32185975,32186489,NO,514
chr11,122971237,122971918,NO,681
chr5,43572366,43572930,NO,564
chr5,172083931,172084413,NO,482
chr17,1698357,1698963,NO,606
chr8,131314470,131315090,NO,620
chr5,137684796,137685549,NO,753
chr3,9757613,9758282,NO,669
chr14,64389397,64389944,NO,547
chr7,130872937,130873598,NO,661
chr3,133862648,133863260,NO,612
chr6,140263824,140264435,NO,611
chr7,147957427,147958010,NO,583
chrX,14261913,14262474,NO,561
chr17,32129502,32130263,NO,761
chr2,151477431,151478058,NO,627
chr12,33740746,33741115,NO,369
chr12,76843092,76843634,NO,542
chr4,114823464,114824083,NO,619
chr18,66121802,66122401,NO,599
chr3,48807533,48808116,NO,583
chr4,128454222,128454713,NO,491
chr11,19195110,19195909,NO,799
chr1,62438706,62439230,NO,524
chr2,54227903,54228444,NO,541
chr8,13357113,13357684,NO,571
chr2,136598037,136598678,NO,641
chr10,20260629,20261207,NO,578
chr3,185647585,185648133,NO,548
chr16,27571603,27572315,NO,712
chr1,207032316,207033082,NO,766
chr8,74226638,74227136,NO,498
chr13,61736929,61737375,NO,446
chr5,73969023,73969733,NO,710
chr13,42252097,42252550,NO,453
chr13,51171980,51172572,NO,592
chr8,42102803,42103210,NO,407
chr11,47266098,47266939,NO,841
chr17,26439077,26439748,NO,671
chr11,107420896,107421430,NO,534
chrX,31246394,31247002,NO,608
chr9,20700878,20701521,NO,643
chr10,76399773,76400369,NO,596
chr6,132713423,132714060,NO,637
chr1,180946351,180946771,NO,420
chr2,71134274,71134899,NO,625
chr12,116436100,116436621,NO,521
chr14,102874450,102874935,NO,485
chr1,205533067,205533695,NO,628
chr8,122681561,122682233,NO,672
chr2,32211947,32212469,NO,522
chr17,7377671,7378170,NO,499
chr8,137308501,137309051,NO,550
chr4,71793233,71793913,NO,680
chr9,119425246,119425793,NO,547
chr11,62448326,62449140,NO,814
chr5,157502391,157502876,NO,485
chr20,39722870,39723614,NO,744
chr1,112164760,112165296,NO,536
chr15,39491494,39491969,NO,475
chr2,12728237,12728850,NO,613
chr12,799316,799795,NO,479
chr9,44245566,44245880,NO,314
chr2,192521367,192521917,NO,550
chr1,159037580,159038061,NO,481
chr2,18635685,18636318,NO,633
chr16,21234203,21234886,NO,683
chr10,33701833,33702302,NO,469
chr1,113631524,113632134,NO,610
chr8,58653753,58654430,NO,677
chr6,119815656,119816194,NO,538
chr4,120447240,120447864,NO,624
chr21,33251385,33261723,NO,10338
chr1,47595224,47595834,NO,610
chr4,125380954,125381507,NO,553
chr5,146689653,146690268,NO,615
chr11,119332147,119332794,NO,647
chr5,54057572,54057948,NO,376
chr2,63964054,63964848,NO,794
chr3,62552814,62553326,NO,512
chr1,247609318,247609871,NO,553
chr13,111808854,111809158,NO,304
chr8,122644101,122644580,NO,479
chr3,136612788,136613438,NO,650
chr15,84572720,84573240,NO,520
chr9,111034430,111035076,NO,646
chr4,108614726,108615265,NO,539
chr8,93660200,93660750,NO,550
chr6,82417901,82418419,NO,518
chr4,129375906,129390398,NO,14492
chr11,102032971,102033463,NO,492
chr15,95908896,95909416,NO,520
chr6,52857489,52857995,NO,506
chr10,26719468,26720029,NO,561
chr19,11047495,11048024,NO,529
chr9,27260971,27261609,NO,638
chr3,182799427,182800064,NO,637
chr1,170555414,170556062,NO,648
chr8,29492290,29492933,NO,643
chr3,24004606,24005131,NO,525
chr1,109759065,109759677,NO,612
chr13,77366993,77367477,NO,484
chr5,129865314,129865950,NO,636
chr6,142890776,142891246,NO,470
chr18,10213677,10214016,NO,339
chr3,66848474,66849124,NO,650
chr7,86814071,86814510,NO,439
chr7,39665761,39666479,NO,718
chr4,120002964,120003478,NO,514
chr1,246889245,246889796,NO,551
chr2,108883723,108884291,NO,568
chr10,35806294,35807154,NO,860
chr16,65736693,65737184,NO,491
chr15,50643409,50644076,NO,667
chr11,108106952,108107382,NO,430
chr12,19863571,19864029,NO,458
chr5,79378842,79379474,NO,632
chr12,71439654,71440194,NO,540
chr19,11335132,11335552,NO,420
chr2,139024617,139025135,NO,518
chr12,104916871,104917422,NO,551
chr11,75561863,75562301,NO,438
chr10,34189788,34190428,NO,640
chr3,151256742,151257399,NO,657
chr1,37454316,37455535,NO,1219
chr16,19746087,19746697,NO,610
chr1,231035586,231036085,NO,499
chr5,108441495,108442072,NO,577
chr3,36537559,36538192,NO,633
chr19,1902848,1903369,NO,521
chr1,85919511,85920115,NO,604
chr9,90257238,90258272,NO,1034
chr3,59286240,59286844,NO,604
chr7,130987389,130988076,NO,687
chr15,72044871,72045448,NO,577
chr16,10416828,10417436,NO,608
chr18,34332837,34333435,NO,598
chr7,121776661,121777181,NO,520
chr10,123312414,123313037,NO,623
chr13,63691663,63692191,NO,528
chr2,234422905,234423465,NO,560
chr13,80788537,80789164,NO,627
chr2,106627516,106628069,NO,553
chr9,123930340,123930879,NO,539
chr3,69488578,69489105,NO,527
chr9,71711668,71712264,NO,596
chr12,45241909,45242571,NO,662
chr6,167122380,167122806,NO,426
chr8,26322808,26323351,NO,543
chr3,153992205,153992866,NO,661
chr1,44903111,44903737,NO,626
chr12,20549616,20550002,NO,386
chr1,90158345,90158831,NO,486
chr4,140376866,140377432,NO,566
chr20,17941550,17942139,NO,589
chr3,132124492,132125160,NO,668
chr5,159744267,159744939,NO,672
chr6,148513354,148513993,NO,639
chr1,185641774,185642497,NO,723
chr2,56560239,56560875,NO,636
chr16,89161999,89163620,NO,1621
chr17,31154926,31155379,NO,453
chr6,18478199,18478636,NO,437
chr10,37689575,37690038,NO,463
chr8,12303019,12303638,NO,619
chr3,142546091,142546727,NO,636
chr12,41906104,41906676,NO,572
chr19,1082290,1083345,NO,1055
chr6,140068848,140069554,NO,706
chr10,17390345,17391110,NO,765
chr5,33789124,33789811,NO,687
chr4,124732833,124733411,NO,578
chrX,30660504,30661048,NO,544
chr5,158590018,158590525,NO,507
chr10,95048397,95048882,NO,485
chr11,113059289,113059815,NO,526
chr3,130294774,130295311,NO,537
chr6,72060481,72061097,NO,616
chr4,17545752,17546238,NO,486
chr15,70989397,70989930,NO,533
chr12,96017907,96018382,NO,475
chr6,131265590,131266119,NO,529
chr17,25533416,25533985,NO,569
chr6,32044769,32045203,NO,434
chr7,16804702,16805410,NO,708
chr16,69051318,69051877,NO,559
chr6,5174267,5174842,NO,575
chr7,39170269,39171329,NO,1060
chr8,118917365,118917873,NO,508
chr17,18824658,18825251,NO,593
chr3,150046061,150046663,NO,602
chr2,40429872,40430474,NO,602
chr3,151769492,151769963,NO,471
chr3,5178642,5179188,NO,546
chr5,142337002,142337605,NO,603
chr18,34148202,34148749,NO,547
chr7,136769413,136769986,NO,573
chr6,127785223,127785699,NO,476
chr6,71960827,71961374,NO,547
chr10,74447149,74447722,NO,573
chr18,60607141,60607530,NO,389
chr8,26612887,26613429,NO,542
chr6,11686244,11686740,NO,496
chr6,41792343,41792960,NO,617
chr2,112763786,112764404,NO,618
chr22,38638437,38638922,NO,485
chr4,73633824,73634452,NO,628
chr3,188905923,188906472,NO,549
chr3,99619477,99620109,NO,632
chr20,6246221,6246717,NO,496
chr18,479003,479522,NO,519
chr20,4101471,4102619,NO,1148
chr21,36936352,36936931,NO,579
chr7,106165214,106165799,NO,585
chr12,20751932,20752502,NO,570
chr19,54522193,54522590,NO,397
chr1,27781768,27782451,NO,683
chr8,12060745,12061364,NO,619
chr9,32523025,32523597,NO,572
chr3,101809074,101809593,NO,519
chr7,99633150,99633760,NO,610
chr1,85065331,85065893,NO,562
chr6,168407990,168408594,NO,604
chr4,145483460,145483993,NO,533
chr2,135448432,135449094,NO,662
chr9,128521286,128521989,NO,703
chr1,108732638,108733119,NO,481
chr9,42250982,42251402,NO,420
chr22,43777400,43777954,NO,554
chr3,24393050,24393539,NO,489
chr14,62232225,62232756,NO,531
chr14,77873660,77874083,NO,423
chr2,55203312,55203833,NO,521
chr1,192458062,192458541,NO,479
chr2,188369857,188370363,NO,506
chr4,54630245,54630969,NO,724
chrX,17848582,17848967,NO,385
chr12,106177508,106177966,NO,458
chr10,30029537,30030174,NO,637
chr11,108149209,108149727,NO,518
chr4,39559811,39560358,NO,547
chr5,34771120,34771608,NO,488
chr2,215346592,215347032,NO,440
chr5,66844649,66845138,NO,489
chr2,136718200,136718635,NO,435
chr6,19034877,19035522,NO,645
chr3,192164115,192164698,NO,583
chr2,114517686,114518173,NO,487
chrX,41350643,41351168,NO,525
chr5,180586934,180587763,NO,829
chr14,50574171,50574964,NO,793
chr13,33607404,33607972,NO,568
chr15,99864205,99864699,NO,494
chr7,33083008,33090306,NO,7298
chr12,27240009,27240441,NO,432
chr1,205716062,205716678,NO,616
chrX,72442613,72443106,NO,493
chr20,52324725,52325226,NO,501
chr5,95047847,95048432,NO,585
chr2,37117042,37117606,NO,564
chr1,222014139,222014752,NO,613
chr5,8701216,8701714,NO,498
chr9,96921340,96921913,NO,573
chr5,73982764,73983333,NO,569
chr3,77378581,77379066,NO,485
chr10,30798559,30799013,NO,454
chr1,90032206,90032739,NO,533
chr3,11703279,11703806,NO,527
chr14,38015923,38016365,NO,442
chr3,29181397,29181866,NO,469
chr20,56966110,56966599,NO,489
chr1,214690116,214690597,NO,481
chr5,67752208,67752693,NO,485
chrX,38788833,38789368,NO,535
chr2,158038800,158039371,NO,571
chr6,137582232,137582723,NO,491
chr21,37882568,37883062,NO,494
chrX,114876514,114877056,NO,542
chr5,52205912,52206341,NO,429
chr20,477045,477554,NO,509
chr5,146670036,146670564,NO,528
chr11,44264459,44265057,NO,598
chr1,10324256,10324714,NO,458
chr3,47300505,47309065,NO,8560
chrX,16757916,16758441,NO,525
chr2,219224049,219224517,NO,468
chrX,149282558,149282843,NO,285
chr3,24283132,24283678,NO,546
chr21,35600122,35600793,NO,671
chr4,124906066,124906603,NO,537
chr15,62355920,62356394,NO,474
chr16,80886230,80886792,NO,562
chr9,80383737,80384277,NO,540
chr8,103380572,103381039,NO,467
chr1,24031184,24031724,NO,540
chr6,117852385,117852888,NO,503
chr9,119212664,119213539,NO,875
chr14,78126381,78126914,NO,533
chr3,193202786,193203334,NO,548
chr4,74596947,74597617,NO,670
chr8,125488637,125489189,NO,552
chr22,30390678,30391269,NO,591
chr17,57833010,57833641,NO,631
chr1,217203114,217203751,NO,637
chr4,84173215,84173941,NO,726
chr11,109539159,109539845,NO,686
chr11,74466547,74467172,NO,625
chr8,24062098,24062636,NO,538
chr12,112273244,112273702,NO,458
chr3,106532948,106533487,NO,539
chr2,179969046,179969503,NO,457
chr1,200611666,200612140,NO,474
chrX,23971086,23971583,NO,497
chr4,153584481,153585007,NO,526
chr16,64943784,64944364,NO,580
chr3,171093514,171093930,NO,416
chr9,80350463,80350993,NO,530
chr5,36404068,36404823,NO,755
chr1,40818354,40819013,NO,659
chr11,68807545,68808430,NO,885
chr5,74952214,74965717,NO,13503
chr21,44391696,44392459,NO,763
chr3,128450249,128450726,NO,477
chr16,67807201,67807907,NO,706
chr20,39200576,39201130,NO,554
chr20,9052483,9052973,NO,490
chr1,230817866,230818439,NO,573
chr8,133784439,133784904,NO,465
chr14,22720517,22721170,NO,653
chr10,31687374,31687883,NO,509
chr7,34098715,34099339,NO,624
chr10,76748569,76748973,NO,404
chr6,8083110,8083789,NO,679
chr6,55701174,55701688,NO,514
chr6,128560851,128561357,NO,506
chr10,93906444,93906948,NO,504
chr8,125150759,125151369,NO,610
chr3,63984684,63985494,NO,810
chr5,71827620,71828036,NO,416
chr4,82668604,82669144,NO,540
chr9,135771832,135772890,NO,1058
chr17,35630316,35630841,NO,525
chr3,117347492,117347981,NO,489
chr2,160298419,160299022,NO,603
chr18,5515772,5516274,NO,502
chr4,78720125,78720680,NO,555
chr12,29359503,29360086,NO,583
chr16,69235743,69236287,NO,544
chr8,123706199,123707129,NO,930
chr18,2515853,2516487,NO,634
chr12,48690345,48691126,NO,781
chr3,170407151,170407609,NO,458
chr2,232448574,232449126,NO,552
chr12,44920143,44920730,NO,587
chr4,119202932,119203472,NO,540
chr5,34858896,34859358,NO,462
chr11,43809927,43810266,NO,339
chr17,57591357,57591893,NO,536
chr7,28188905,28189285,NO,380
chr1,66782698,66783349,NO,651
chr17,65160787,65161284,NO,497
chr20,21163463,21163967,NO,504
chr5,96004311,96004951,NO,640
chr2,10724050,10724652,NO,602
chr4,127164052,127164669,NO,617
chr1,175218452,175218977,NO,525
chr10,19940617,19941227,NO,610
chr1,246235054,246235612,NO,558
chr8,117959870,117960428,NO,558
chr3,178900035,178900606,NO,571
chr1,47763233,47763687,NO,454
chr12,70231621,70232190,NO,569
chr11,45294519,45295109,NO,590
chr12,9911077,9911703,NO,626
chr9,80434156,80434684,NO,528
chr18,3817664,3818165,NO,501
chr20,36373860,36374396,NO,536
chr7,7995696,7996244,NO,548
chr5,143051500,143052077,NO,577
chr6,13678530,13679127,NO,597
chr9,21070117,21070658,NO,541
chr15,31306743,31307275,NO,532
chr1,30663391,30664136,NO,745
chr2,172204138,172204655,NO,517
chr2,15282148,15282877,NO,729
chr1,219261791,219262642,NO,851
chr5,43193920,43194521,NO,601
chr11,73334369,73334871,NO,502
chr3,143320441,143320913,NO,472
chr15,79118017,79118489,NO,472
chr16,47678072,47678514,NO,442
chr2,167019463,167020144,NO,681
chr14,92721029,92721657,NO,628
chr12,69891110,69891575,NO,465
chr14,58549265,58549829,NO,564
chr4,106603904,106604472,NO,568
chr11,47753705,47754269,NO,564
chr14,63938315,63938753,NO,438
chr4,105982305,105982830,NO,525
chr7,56297164,56297746,NO,582
chr1,56098537,56099118,NO,581
chr4,38787396,38792887,NO,5491
chr6,157024679,157025240,NO,561
chr3,73390847,73391286,NO,439
chr6,42776233,42776797,NO,564
chr2,179196800,179197155,NO,355
chr3,185034825,185035257,NO,432
chr16,14228285,14228762,NO,477
chr6,107568088,107568623,NO,535
chr10,65314390,65314842,NO,452
chr9,97815976,97816448,NO,472
chr3,156202139,156202657,NO,518
chr11,129837504,129838092,NO,588
chr5,77864335,77864874,NO,539
chr5,73729673,73730363,NO,690
chr13,52986243,52986739,NO,496
chr3,129608765,129609336,NO,571
chr2,20349256,20349821,NO,565
chr10,4415365,4415831,NO,466
chr18,240327,240762,NO,435
chr16,73923337,73923770,NO,433
chr9,113410903,113411359,NO,456
chr18,72572890,72573368,NO,478
chr6,128678351,128678832,NO,481
chr1,154812685,154813806,NO,1121
chr4,86419269,86419974,NO,705
chr12,40603550,40604088,NO,538
chr18,43631775,43632340,NO,565
chr6,21915922,21916399,NO,477
chr17,34021761,34022324,NO,563
chr6,163984320,163984838,NO,518
chr4,78048474,78048883,NO,409
chr14,38827276,38827826,NO,550
chr10,61078185,61078698,NO,513
chr3,32044400,32044869,NO,469
chr6,114466494,114467065,NO,571
chr1,27777648,27778283,NO,635
chr1,28891086,28891680,NO,594
chr21,35183073,35183747,NO,674
chr1,108456682,108457183,NO,501
chr4,166701291,166701759,NO,468
chr6,17680013,17680551,NO,538
chr6,74001703,74002065,NO,362
chr11,112091442,112092120,NO,678
chr4,79671595,79672124,NO,529
chr14,72114145,72114653,NO,508
chr10,119150696,119151268,NO,572
chr13,36643524,36644013,NO,489
chr12,105337908,105338307,NO,399
chr4,169483632,169484131,NO,499
chr12,50426437,50427242,NO,805
chr5,40754057,40754608,NO,551
chr3,525423,525940,NO,517
chr1,183599838,183600335,NO,497
chr18,52432332,52432776,NO,444
chrX,108950614,108950975,NO,361
chr13,81011612,81012112,NO,500
chr2,68144555,68145010,NO,455
chr11,72740310,72740861,NO,551
chr2,101220676,101221149,NO,473
chr12,69181281,69181886,NO,605
chr12,7097556,7098013,NO,457
chr7,49874193,49874722,NO,529
chr8,94350770,94351277,NO,507
chr18,61112062,61112735,NO,673
chr7,136638472,136638962,NO,490
chr11,46203439,46203892,NO,453
chr3,187961064,187961640,NO,576
chr10,33859154,33859648,NO,494
chr17,74546839,74547509,NO,670
chr22,28695773,28696462,NO,689
chr11,72687278,72687695,NO,417
chr5,81881967,81882422,NO,455
chrX,71746913,71747353,NO,440
chr4,19581379,19581773,NO,394
chr3,125097612,125097903,NO,291
chr3,159711574,159712183,NO,609
chrX,135607684,135608201,NO,517
chr2,65459026,65459622,NO,596
chr17,53529573,53530202,NO,629
chr5,122106084,122106436,NO,352
chr10,62607961,62609128,NO,1167
chr13,22333008,22333624,NO,616
chr20,3610892,3611420,NO,528
chr1,101416245,101416841,NO,596
chr7,102786903,102787407,NO,504
chr4,26888039,26888551,NO,512
chr20,5551043,5551450,NO,407
chr4,114705590,114706107,NO,517
chr12,16502850,16503316,NO,466
chr10,116616576,116617107,NO,531
chr16,51914086,51914549,NO,463
chr17,1798203,1798646,NO,443
chr6,138548878,138549297,NO,419
chr5,36389381,36389793,NO,412
chr7,43878167,43878748,NO,581
chr6,130992531,130992993,NO,462
chr7,7869531,7870084,NO,553
chr18,20068458,20069210,NO,752
chr11,15837845,15838361,NO,516
chr1,182931863,182932343,NO,480
chr1,244608910,244613719,NO,4809
chr8,90738075,90738496,NO,421
chr1,216704535,216704994,NO,459
chr7,149551499,149563576,NO,12077
chr1,119702751,119703207,NO,456
chr1,90102027,90102420,NO,393
chr14,55613003,55613516,NO,513
chr3,44729230,44729587,NO,357
chr5,40606067,40606508,NO,441
chr2,85196217,85196789,NO,572
chr14,102143837,102144397,NO,560
chr12,100732468,100733019,NO,551
chr7,138620971,138621486,NO,515
chr5,142984934,142985536,NO,602
chr4,25358927,25359300,NO,373
chr3,24406549,24407088,NO,539
chr1,150082494,150082884,NO,390
chr6,111396804,111397362,NO,558
chr6,16986023,16986605,NO,582
chr2,210336922,210337400,NO,478
chr9,97755926,97756471,NO,545
chr4,56196625,56197059,NO,434
chr15,94662532,94663060,NO,528
chr2,203176364,203177074,NO,710
chr15,48351806,48352280,NO,474
chr7,20240210,20240611,NO,401
chr2,27407762,27408186,NO,424
chr17,45747016,45747518,NO,502
chr8,57390454,57390915,NO,461
chr10,74496456,74496888,NO,432
chr8,108497979,108498403,NO,424
chr10,30423159,30423920,NO,761
chr12,116196561,116197078,NO,517
chr3,152170076,152170641,NO,565
chr3,101655627,101656008,NO,381
chr4,48779805,48780213,NO,408
chr12,88692657,88693127,NO,470
chr17,43274908,43275679,NO,771
chr1,207160220,207160595,NO,375
chr5,39056341,39056818,NO,477
chr15,50010836,50011321,NO,485
chr1,206305937,206306450,NO,513
chr10,6516062,6516426,NO,364
chr1,47413567,47414011,NO,444
chr20,5511824,5512412,NO,588
chr3,100785444,100786015,NO,571
chr2,58334802,58335288,NO,486
chr5,95919750,95920218,NO,468
chr7,77082932,77083473,NO,541
chr2,110317672,110318145,NO,473
chr12,116871724,116872858,NO,1134
chr2,39906919,39907488,NO,569
chr6,80350158,80350693,NO,535
chr10,17569611,17570123,NO,512
chrX,19648819,19649418,NO,599
chr11,5621672,5622209,NO,537
chrX,132780078,132780488,NO,410
chr4,124596590,124597087,NO,497
chr15,95506508,95507068,NO,560
chr3,69656703,69657241,NO,538
chr3,188342182,188342686,NO,504
chr4,183499870,183500368,NO,498
chr1,200044574,200045056,NO,482
chr2,161874234,161874744,NO,510
chr16,69332636,69333124,NO,488
chr3,141928830,141929596,NO,766
chr9,16267209,16267901,NO,692
chr11,82871394,82871851,NO,457
chr14,70242650,70243137,NO,487
chr6,63325350,63326100,NO,750
chr1,76587291,76587851,NO,560
chr2,178544425,178545169,NO,744
chr6,107523522,107524025,NO,503
chr10,15666343,15666819,NO,476
chr4,181748341,181748757,NO,416
chr18,2657753,2658186,NO,433
chr22,50973602,50973949,NO,347
chr7,42953610,42954146,NO,536
chr8,131739249,131739810,NO,561
chr19,10390393,10391018,NO,625
chr3,177520309,177520928,NO,619
chr3,57875471,57876020,NO,549
chr2,28258089,28258495,NO,406
chr2,18480462,18480951,NO,489
chr6,12060948,12061559,NO,611
chr10,20389373,20389842,NO,469
chr14,93999630,94000123,NO,493
chr3,133954498,133954837,NO,339
chr16,67345242,67346343,NO,1101
chr4,108470838,108471418,NO,580
chr16,53315274,53315849,NO,575
chr1,232567886,232568420,NO,534
chr2,175872133,175872841,NO,708
chr21,15309505,15309970,NO,465
chr4,71940293,71940951,NO,658
chr8,79674501,79674918,NO,417
chr3,94853571,94854013,NO,442
chr15,84273602,84274232,NO,630
chr1,151580591,151581099,NO,508
chr14,23052882,23053439,NO,557
chr1,90174699,90175328,NO,629
chr7,6993127,6993480,NO,353
chr6,164817256,164817890,NO,634
chr8,53379802,53380281,NO,479
chr2,111415336,111415824,NO,488
chr18,68156804,68157284,NO,480
chr3,153898531,153899013,NO,482
chr6,116673751,116674200,NO,449
chr8,108237805,108238526,NO,721
chr5,170323797,170324199,NO,402
chr4,78025902,78026545,NO,643
chr2,68483040,68483484,NO,444
chr9,33012364,33012889,NO,525
chr21,38781085,38781492,NO,407
chr6,114227225,114227884,NO,659
chr6,51543557,51544113,NO,556
chr7,3740489,3740771,NO,282
chr7,23372754,23373341,NO,587
chr1,167382160,167382562,NO,402
chr1,246198520,246199034,NO,514
chr13,98396319,98396990,NO,671
chr1,192732175,192732632,NO,457
chr12,67748125,67748623,NO,498
chr1,108047595,108048101,NO,506
chr20,38216333,38216960,NO,627
chr12,47600957,47601617,NO,660
chr10,23740917,23741410,NO,493
chr8,73591882,73592229,NO,347
chr5,167126554,167127020,NO,466
chr8,108626405,108626781,NO,376
chrX,56052440,56052829,NO,389
chr19,12425356,12425883,NO,527
chr14,21298907,21299343,NO,436
chr5,85382746,85383141,NO,395
chr5,153008326,153021265,NO,12939
chr2,191311366,191311791,NO,425
chr1,224494141,224494627,NO,486
chr10,24794789,24795255,NO,466
chr11,14646941,14647489,NO,548
chr7,148261192,148261659,NO,467
chr4,139372097,139372747,NO,650
chr13,46524581,46525094,NO,513
chr4,177556530,177557056,NO,526
chr6,39570794,39571283,NO,489
chr5,176754476,176766720,NO,12244
chr7,92250362,92251072,NO,710
chr21,16377529,16378104,NO,575
chr1,22416212,22416765,NO,553
chr3,72847096,72847617,NO,521
chr14,35665791,35666296,NO,505
chr1,224566490,224567049,NO,559
chr4,78500875,78501309,NO,434
chr3,112000093,112000419,NO,326
chr10,86157712,86158156,NO,444
chr12,96537157,96537726,NO,569
chr17,37436903,37437482,NO,579
chr3,185239056,185239455,NO,399
chr5,82858557,82859010,NO,453
chr10,17104621,17118472,NO,13851
chr17,1750393,1750980,NO,587
chr3,167791422,167792147,NO,725
chr12,127152717,127153189,NO,472
chr2,75043801,75044389,NO,588
chr7,139601311,139601696,NO,385
chr3,178540860,178541278,NO,418
chr5,71920639,71921133,NO,494
chr13,45742671,45743035,NO,364
chr9,35236247,35236858,NO,611
chr13,77590665,77591047,NO,382
chr5,115180081,115180562,NO,481
chr16,67408936,67409467,NO,531
chr2,24990758,24991278,NO,520
chr4,142023578,142024055,NO,477
chr2,231623775,231624405,NO,630
chrX,21964599,21965780,NO,1181
chr4,55985641,55986143,NO,502
chr8,144436932,144437753,NO,821
chr12,116694977,116695513,NO,536
chr7,65772463,65772855,NO,392
chr14,38860936,38861397,NO,461
chr6,88401193,88401601,NO,408
chr5,174673350,174674021,NO,671
chr8,18776096,18776516,NO,420
chr2,65773589,65774023,NO,434
chr4,102227250,102227742,NO,492
chr17,37491923,37492454,NO,531
chr19,46984046,46997548,NO,13502
chr8,16909079,16909588,NO,509
chr4,82177272,82177759,NO,487
chr9,75172342,75172980,NO,638
chr7,106239101,106239601,NO,500
chr15,49086928,49087428,NO,500
chr2,238877658,238878445,NO,787
chr10,63382855,63383245,NO,390
chr1,71555854,71556259,NO,405
chr8,63435999,63436564,NO,565
chr3,20710682,20711112,NO,430
chr5,57612793,57613279,NO,486
chr9,117999850,118000400,NO,550
chr2,56146919,56147458,NO,539
chr15,93995975,93996409,NO,434
chr8,122812471,122813066,NO,595
chr6,110650723,110651854,NO,1131
chr3,153777521,153777974,NO,453
chr1,52605644,52606165,NO,521
chr16,48609437,48609981,NO,544
chr17,37938388,37938798,NO,410
chr10,96074709,96075236,NO,527
chr6,53109109,53109633,NO,524
chr15,39593520,39593987,NO,467
chr6,53630802,53631360,NO,558
chr10,89338771,89339222,NO,451
chr2,240966774,240967066,NO,292
chr2,70531478,70531925,NO,447
chr14,71043239,71043755,NO,516
chr5,78043792,78044255,NO,463
chr7,56242070,56242903,NO,833
chr5,119476015,119476476,NO,461
chr2,100122421,100122944,NO,523
chr6,107650386,107650828,NO,442
chrX,149905053,149905544,NO,491
chr7,105128119,105128612,NO,493
chr3,145849799,145850213,NO,414
chr1,85828698,85829134,NO,436
chr18,48470627,48471205,NO,578
chr5,31923351,31923849,NO,498
chr3,177995650,177996038,NO,388
chr17,37807135,37807901,NO,766
chr1,230289160,230289898,NO,738
chr16,65771640,65772159,NO,519
chr1,27003706,27004530,NO,824
chr6,35635876,35636273,NO,397
chrX,149817447,149817946,NO,499
chr17,40624673,40625152,NO,479
chr18,32537834,32538302,NO,468
chr12,10707497,10707940,NO,443
chr2,211255398,211255774,NO,376
chr2,150504173,150504625,NO,452
chr12,72192657,72193074,NO,417
chr4,109456930,109457433,NO,503
chr2,211336417,211336818,NO,401
chr12,12712658,12712959,NO,301
chr8,108970147,108970540,NO,393
chr3,23969235,23969708,NO,473
chr6,163953531,163954171,NO,640
chr20,3471263,3471776,NO,513
chr3,93725578,93726045,NO,467
chr8,134850941,134851407,NO,466
chr7,13870117,13870585,NO,468
chr14,22564110,22564568,NO,458
chr8,141849043,141849589,NO,546
chr12,57078500,57078982,NO,482
chr10,75924669,75925008,NO,339
chr2,228368093,228368589,NO,496
chr15,44290600,44291053,NO,453
chr3,108002840,108003158,NO,318
chr1,42835164,42835766,NO,602
chr17,55407324,55407820,NO,496
chr1,221437813,221438308,NO,495
chr5,15838049,15851359,NO,13310
chr1,226585086,226585764,NO,678
chr6,75458992,75459509,NO,517
chr12,122048110,122048569,NO,459
chr8,57911942,57912386,NO,444
chr7,45739431,45749595,NO,10164
chr12,96740910,96741354,NO,444
chr17,59085305,59085774,NO,469
chr10,78011574,78012097,NO,523
chr17,55015124,55015541,NO,417
chr8,16683558,16684023,NO,465
chr3,156422467,156422856,NO,389
chr7,74115127,74115587,NO,460
chr15,74804565,74805033,NO,468
chr4,42265234,42265587,NO,353
chr4,103220889,103221414,NO,525
chr10,948957,949324,NO,367
chr9,79018366,79018703,NO,337
chr4,156464360,156464700,NO,340
chr9,91918721,91919074,NO,353
chr4,166229819,166230261,NO,442
chr12,94799260,94799708,NO,448
chr9,14372508,14372988,NO,480
chr6,147643423,147643879,NO,456
chr6,149021845,149022383,NO,538
chr8,108995104,108995614,NO,510
chr2,173254315,173255032,NO,717
chrX,42598811,42599264,NO,453
chr11,14600704,14600968,NO,264
chr10,95375845,95376269,NO,424
chr2,97399746,97400361,NO,615
chr15,44847032,44847485,NO,453
chr1,35586335,35586919,NO,584
chr10,95853209,95853676,NO,467
chr16,21832511,21832842,NO,331
chr2,207662896,207663348,NO,452
chr13,41581905,41582244,NO,339
chr16,81831621,81832959,NO,1338
chr19,7860033,7860529,NO,496
chr8,17020214,17020993,NO,779
chr2,158236813,158237091,NO,278
chr2,216545586,216545932,NO,346
chr20,17501756,17502702,NO,946
chr1,198057636,198058135,NO,499
chr9,101571970,101572708,NO,738
chr4,91095562,91095963,NO,401
chr4,113233872,113234333,NO,461
chr5,67384044,67384492,NO,448
chr20,12146892,12153135,NO,6243
chr14,39459201,39459648,NO,447
chrX,15616276,15616691,NO,415
chr9,94157470,94157940,NO,470
chr2,161826461,161827093,NO,632
chr18,4454944,4455314,NO,370
chr1,120836540,120836866,NO,326
chr16,14184261,14184682,NO,421
chr2,32048659,32048971,NO,312
chr1,197963772,197964419,NO,647
chr8,122708111,122708501,NO,390
chr1,64903025,64903378,NO,353
chrX,13242427,13242839,NO,412
chr10,3021399,3021843,NO,444
chr1,144519993,144520270,NO,277
chr13,110042596,110043066,NO,470
chr6,47450856,47451276,NO,420
chr22,33410751,33411027,NO,276
chr18,10140150,10140855,NO,705
chr20,51000843,51001318,NO,475
chr4,143488254,143488670,NO,416
chr20,6974625,6975092,NO,467
chr1,94608010,94608493,NO,483
chr7,127307432,127307831,NO,399
chr5,122621431,122621873,NO,442
chr4,160279143,160279677,NO,534
chr11,130186202,130186645,NO,443
chr7,111430308,111430665,NO,357
chr18,57684417,57684973,NO,556
chr19,23015080,23015575,NO,495
chr12,8786824,8787166,NO,342
chr4,39354596,39355057,NO,461
chr4,16057470,16058139,NO,669
chr3,88997016,88997326,NO,310
chr1,223129298,223129758,NO,460
chr4,41341886,41342179,NO,293
chr12,15687392,15687779,NO,387
chr18,53750750,53751291,NO,541
chr3,99440019,99440482,NO,463
chr4,38374467,38374941,NO,474
chr15,29527115,29527411,NO,296
chr18,14431016,14431458,NO,442
chr2,216282123,216282670,NO,547
chr11,18512189,18513153,NO,964
chr1,56440956,56441324,NO,368
chr13,23270620,23270974,NO,354
chr5,79707502,79708054,NO,552
chr13,43938213,43939640,NO,1427
chr1,228302900,228303250,NO,350
chr12,91372869,91373175,NO,306
chr16,58629876,58630286,NO,410
chr8,118932769,118933306,NO,537
chr12,65108260,65108542,NO,282
chr21,38994911,39004598,NO,9687
chr5,33320333,33320690,NO,357
chr7,157848036,157848306,NO,270
chr9,75057791,75058273,NO,482
chr2,152743174,152743649,NO,475
chr6,38641160,38641539,NO,379
chr20,58662393,58677758,NO,15365
chr22,19679077,19679889,NO,812
chr2,189246820,189247289,NO,469
chr4,1037046,1038564,NO,1518
chr19,1895312,1895939,NO,627
chr6,2382500,2382850,NO,350
chr6,74098463,74099238,NO,775
chr19,50507340,50508033,NO,693
chr2,68514551,68514963,NO,412
chr1,220991473,221001813,NO,10340
chr12,28722098,28722841,NO,743
chr2,208149263,208162097,NO,12834
chr12,89893572,89894230,NO,658
chr4,2572196,2593623,NO,21427
chr19,50414413,50415450,NO,1037
chr1,165585361,165585712,NO,351
chr6,17167696,17168193,NO,497
chr13,102276768,102277250,NO,482
chr3,184934123,184934487,NO,364
chr1,25188045,25189145,NO,1100
chr18,18654343,18654650,NO,307
chr12,110893566,110893997,NO,431
chr5,100115680,100126460,NO,10780
chr9,122318256,122319296,NO,1040
chr6,165031979,165032257,NO,278
chr5,115773998,115774650,NO,652
chr2,231602583,231603017,NO,434
chr2,60733054,60743910,NO,10856
chr2,65144915,65145492,NO,577
chr7,44022244,44022526,NO,282
chr19,10526304,10527974,NO,1670
chr1,111007159,111026301,NO,19142
chr16,47813342,47814024,NO,682
chr7,42109812,42110197,NO,385
chr2,113449948,113451053,NO,1105
chrX,70535614,70535948,NO,334
chr9,136356645,136365544,NO,8899
chr16,30579058,30579618,NO,560
chr9,92325201,92336412,NO,11211
chrX,30645993,30646596,NO,603
chr5,73122333,73122856,NO,523
chr5,153651824,153652924,NO,1100
chr15,91079721,91080308,NO,587
chr9,114857523,114858098,NO,575
chr9,97431231,97432012,NO,781
chr12,26485133,26485636,NO,503
chr2,180423368,180436982,NO,13614
chr10,82422537,82423113,NO,576
chr12,76176723,76177653,NO,930
chr1,185396149,185409123,NO,12974
chr3,184490967,184505106,NO,14139
chr2,170221060,170221802,NO,742
chr8,56756435,56766581,NO,10146
chr1,198648607,198649488,NO,881
chr13,43652054,43662812,NO,10758
chr2,138793432,138793775,NO,343
chr7,13959609,13973594,NO,13985
chr7,48430121,48430710,NO,589
chr1,185023421,185023696,NO,275
chr8,145805055,145805996,NO,941
chr5,54196508,54198045,NO,1537
chr3,46342673,46354379,NO,11706
chr14,45759079,45759370,NO,291
chrX,118544833,118545271,NO,438
chr9,15211030,15211498,NO,468
chr6,153603474,153603971,NO,497
chr14,31698827,31699603,NO,776
chr6,39052394,39053412,NO,1018
chr7,107027005,107028075,NO,1070
chr1,121483690,121485544,NO,1854
chr2,271912,278781,NO,6869
chr14,35303358,35312852,NO,9494
chr6,16205754,16215988,NO,10234
chr1,11025855,11036569,NO,10714
chr7,98413733,98424799,NO,11066
chr6,1614208,1625919,NO,11711
chr1,41468694,41480459,NO,11765
chr1,1185311,1197106,NO,11795
chr15,98619915,98632112,NO,12197
chr7,66007650,66019948,NO,12298
chr18,9416924,9429546,NO,12622
chr1,36886282,36899076,NO,12794
chr18,9082871,9095718,NO,12847
chr10,35243686,35257005,NO,13319
chr3,52333522,52348515,NO,14993
