chrom,start,end,label,length
chr1,13049615,13050323,YES,708
chr1,13061206,13061924,YES,718
chr1,13063645,13065360,YES,1715
chr1,13071010,13071067,YES,57
chr1,13074460,13075741,YES,1281
chr1,13078042,13078601,YES,559
chr1,13084566,13085326,YES,760
chr1,13093990,13094765,YES,775
chr1,34130107,34131910,YES,1803
chr1,34133846,34134640,YES,794
chr1,36070190,36071796,YES,1606
chr1,36073779,36074608,YES,829
chr1,36111164,36111952,YES,788
chr1,36116855,36118698,YES,1843
chr1,37039139,37039872,YES,733
chr1,37040357,37041747,YES,1390
chr1,37042371,37043393,YES,1022
chr1,37043480,37044320,YES,840
chr1,37044340,37045411,YES,1071
chr1,72260528,72261272,YES,744
chr1,72839563,72840296,YES,733
chr1,72852241,72853381,YES,1140
chr1,72857535,72858199,YES,664
chr1,84857219,84857928,YES,709
chr1,84863217,84864024,YES,807
chr1,84868305,84869458,YES,1153
chr1,84878604,84879300,YES,696
chr1,84886218,84887132,YES,914
chr1,91766947,91767819,YES,872
chr1,91772864,91773527,YES,663
chr1,120538712,120539858,YES,1146
chr1,120542039,120542868,YES,829
chr1,120544250,120545414,YES,1164
chr1,120971968,120973737,YES,1769
chr1,121201424,121202481,YES,1057
chr1,121295085,121296031,YES,946
chr1,137071028,137071701,YES,673
chr1,137082347,137083206,YES,859
chr1,137094854,137096284,YES,1430
chr1,138586629,138587185,YES,556
chr1,138591254,138592054,YES,800
chr1,138592293,138593131,YES,838
chr1,138841643,138842570,YES,927
chr1,138847583,138848433,YES,850
chr1,138849067,138850970,YES,1903
chr1,154939988,154940954,YES,966
chr1,154942077,154943709,YES,1632
chr1,168054897,168055983,YES,1086
chr1,168065148,168065991,YES,843
chr1,168072277,168073079,YES,802
chr1,169201106,169201873,YES,767
chr1,169209346,169209861,YES,515
chr1,169212040,169212737,YES,697
chr1,169219450,169220423,YES,973
chr1,182818684,182819554,YES,870
chr1,182854521,182855608,YES,1087
chr1,182863625,182864307,YES,682
chr1,183948212,183949027,YES,815
chr1,183959983,183961151,YES,1168
chr1,183961213,183961841,YES,628
chr2,20574602,20575417,YES,815
chr2,20576153,20577587,YES,1434
chr2,20587019,20587660,YES,641
chr2,20590756,20591747,YES,991
chr2,30913257,30913848,YES,591
chr2,30915672,30916908,YES,1236
chr2,30923903,30925299,YES,1396
chr2,32008891,32009744,YES,853
chr2,32017573,32018776,YES,1203
chr2,32029668,32030736,YES,1068
chr2,33282029,33282550,YES,521
chr2,33293764,33294712,YES,948
chr2,33294855,33295688,YES,833
chr2,33300369,33300860,YES,491
chr2,71488013,71488835,YES,822
chr2,71490211,71491139,YES,928
chr2,71493420,71494617,YES,1197
chr2,71575856,71576629,YES,773
chr2,71582888,71583914,YES,1026
chr2,152002668,152003777,YES,1109
chr2,152552277,152553241,YES,964
chr2,152563042,152563676,YES,634
chr2,154242651,154243219,YES,568
chr2,154248945,154249919,YES,974
chr2,154251328,154253181,YES,1853
chr2,154253277,154254374,YES,1097
chr2,162856904,162858138,YES,1234
chr2,162860266,162860933,YES,667
chr2,162877048,162878435,YES,1387
chr2,162878475,162879241,YES,766
chr2,162887449,162888297,YES,848
chr2,162892578,162892703,YES,125
chr2,162892792,162893236,YES,444
chr2,165981373,165983444,YES,2071
chr2,168589688,168590713,YES,1025
chr2,168592324,168593110,YES,786
chr2,168594522,168595519,YES,997
chr2,168605401,168606034,YES,633
chr2,168616270,168617170,YES,900
chr3,9641461,9642527,YES,1066
chr3,9654181,9655131,YES,950
chr3,34544904,34545862,YES,958
chr3,34546786,34547601,YES,815
chr3,34552511,34553511,YES,1000
chr3,34633687,34634403,YES,716
chr3,34643836,34644755,YES,919
chr3,34655011,34656305,YES,1294
chr3,34656504,34657426,YES,922
chr3,34658749,34659896,YES,1147
chr3,34659979,34660705,YES,726
chr3,88375442,88376506,YES,1064
chr3,88376700,88377434,YES,734
chr3,88379082,88380083,YES,1001
chr3,95455034,95455773,YES,739
chr3,95466985,95468269,YES,1284
chr3,96380383,96382115,YES,1732
chr3,96479158,96480288,YES,1130
chr3,96484047,96484864,YES,817
chr3,103008304,103008835,YES,531
chr3,103011341,103012562,YES,1221
chr3,103018256,103019058,YES,802
chr3,129247012,129247790,YES,778
chr3,129250161,129251018,YES,857
chr3,129251592,129252242,YES,650
chr3,129252387,129253074,YES,687
chr3,129254492,129255420,YES,928
chr3,129260624,129261362,YES,738
chr3,133181431,133182256,YES,825
chr3,133187348,133188367,YES,1019
chr3,133195061,133196181,YES,1120
chr3,133196255,133197648,YES,1393
chr3,135208956,135210140,YES,1184
chr3,135210216,135210744,YES,528
chr4,55469259,55469666,YES,407
chr4,55476508,55477863,YES,1355
chr4,55487828,55489133,YES,1305
chr4,55490058,55491081,YES,1023
chr4,98507649,98508369,YES,720
chr4,98512293,98513536,YES,1243
chr4,98513929,98514709,YES,780
chr4,118743867,118745233,YES,1366
chr4,118745433,118745786,YES,353
chr4,123300547,123301321,YES,774
chr4,123301395,123302309,YES,914
chr4,123302495,123303179,YES,684
chr4,125211671,125212332,YES,661
chr4,125222049,125223450,YES,1401
chr4,126875757,126876628,YES,871
chr4,126877979,126879027,YES,1048
chr4,130178808,130180168,YES,1360
chr4,130195646,130196547,YES,901
chr4,137148873,137149773,YES,900
chr4,137152921,137153839,YES,918
chr4,137329436,137330003,YES,567
chr4,137333543,137334395,YES,852
chr4,137344479,137345036,YES,557
chr4,137356966,137357766,YES,800
chr4,138000554,138001537,YES,983
chr4,138005029,138006368,YES,1339
chr4,140826072,140826659,YES,587
chr4,140837823,140839147,YES,1324
chr4,140840121,140840922,YES,801
chr4,141120768,141120812,YES,44
chr4,141120824,141121981,YES,1157
chr4,141125631,141126477,YES,846
chr4,141616653,141617331,YES,678
chr4,141624825,141625832,YES,1007
chr4,141626425,141627547,YES,1122
chr4,141627571,141627603,YES,32
chr4,141721916,141722936,YES,1020
chr4,141725445,141726166,YES,721
chr4,147459254,147460063,YES,809
chr4,147463050,147463850,YES,800
chr4,154537213,154538078,YES,865
chr4,154563584,154564383,YES,799
chr5,33873714,33874517,YES,803
chr5,33877732,33878953,YES,1221
chr5,33880160,33880481,YES,321
chr5,53933177,53933825,YES,648
chr5,53945989,53946610,YES,621
chr5,53946664,53947327,YES,663
chr5,65255735,65256794,YES,1059
chr5,113758941,113759831,YES,890
chr5,113763556,113764443,YES,887
chr5,113774470,113775389,YES,919
chr5,116845764,116846861,YES,1097
chr5,116857836,116858641,YES,805
chr5,116859691,116860853,YES,1162
chr5,118884660,118886207,YES,1547
chr5,118886283,118887777,YES,1494
chr5,118894265,118896412,YES,2147
chr5,118951444,118952387,YES,943
chr5,118959723,118960269,YES,546
chr5,120029649,120030507,YES,858
chr5,120034213,120035512,YES,1299
chr5,120036110,120037063,YES,953
chr5,120129592,120130443,YES,851
chr5,120130884,120131492,YES,608
chr5,120131671,120132582,YES,911
chr5,120144673,120145427,YES,754
chr5,120156188,120157793,YES,1605
chr5,120159567,120160509,YES,942
chr5,120161881,120162429,YES,548
chr5,120162558,120163391,YES,833
chr5,120170571,120171482,YES,911
chr5,123584659,123585967,YES,1308
chr5,123586071,123586126,YES,55
chr5,123586241,123587234,YES,993
chr5,123588085,123588937,YES,852
chr5,123589620,123590728,YES,1108
chr5,135417523,135418325,YES,802
chr5,135418334,135419332,YES,998
chr5,135420829,135421698,YES,869
chr6,31834643,31835313,YES,670
chr6,31846790,31847618,YES,828
chr6,31848570,31849131,YES,561
chr6,31851584,31852445,YES,861
chr6,39370384,39371286,YES,902
chr6,39395571,39396779,YES,1208
chr6,64961359,64961947,YES,588
chr6,64971525,64972623,YES,1098
chr6,64974293,64975186,YES,893
chr6,64984221,64985161,YES,940
chr6,67061148,67062314,YES,1166
chr6,67063243,67064202,YES,959
chr6,83839914,83841030,YES,1116
chr6,83843461,83844315,YES,854
chr6,91640161,91641394,YES,1233
chr6,91650794,91651821,YES,1027
chr6,91660132,91661247,YES,1115
chr6,122290093,122291827,YES,1734
chr6,122291938,122293017,YES,1079
chr6,122612514,122613492,YES,978
chr6,122613782,122614260,YES,478
chr6,122640118,122640519,YES,401
chr6,122652148,122653542,YES,1394
chr6,122657117,122657871,YES,754
chr6,122714316,122715712,YES,1396
chr6,122715727,122715934,YES,207
chr6,122715972,122716907,YES,935
chr6,122720180,122720862,YES,682
chr6,125383335,125384275,YES,940
chr6,125392412,125393135,YES,723
chr6,125397063,125398024,YES,961
chr6,142458188,142458786,YES,598
chr6,142458879,142459555,YES,676
chr6,142459765,142460597,YES,832
chr6,142461052,142461905,YES,853
chr6,143047309,143048150,YES,841
chr6,143057202,143057338,YES,136
chr6,143065159,143065758,YES,599
chr6,145223385,145224167,YES,782
chr6,145224227,145225674,YES,1447
chr7,3193004,3193682,YES,678
chr7,3200890,3201909,YES,1019
chr7,3203813,3204774,YES,961
chr7,3206226,3207307,YES,1081
chr7,3210563,3211109,YES,546
chr7,3211590,3212800,YES,1210
chr7,3213162,3214173,YES,1011
chr7,3217305,3218183,YES,878
chr7,4772296,4773107,YES,811
chr7,4776872,4777612,YES,740
chr7,13599334,13600325,YES,991
chr7,30982397,30983339,YES,942
chr7,31248315,31249141,YES,826
chr7,31249802,31250619,YES,817
chr7,38812914,38813562,YES,648
chr7,38813996,38814739,YES,743
chr7,38815538,38816123,YES,585
chr7,52806853,52807552,YES,699
chr7,52814062,52814768,YES,706
chr7,56592909,56593437,YES,528
chr7,56602219,56604632,YES,2413
chr7,71092246,71093445,YES,1199
chr7,71098214,71098990,YES,776
chr7,71101618,71102481,YES,863
chr7,86355826,86357020,YES,1194
chr7,86367653,86368339,YES,686
chr7,87159908,87160957,YES,1049
chr7,87169351,87169963,YES,612
chr7,87274999,87276022,YES,1023
chr7,87333420,87334347,YES,927
chr7,87344557,87345334,YES,777
chr7,91027196,91028035,YES,839
chr7,91033004,91033146,YES,142
chr7,91033190,91034081,YES,891
chr7,91039790,91040358,YES,568
chr7,91050934,91051830,YES,896
chr7,119831735,119832617,YES,882
chr7,119834225,119835688,YES,1463
chr7,140304156,140304745,YES,589
chr7,140306243,140307245,YES,1002
chr7,147131117,147132084,YES,967
chr7,147132098,147132429,YES,331
chr7,147135523,147136231,YES,708
chr7,152036872,152037879,YES,1007
chr7,152043497,152044469,YES,972
chr7,152049923,152050716,YES,793
chr8,12499468,12500172,YES,704
chr8,12501865,12503058,YES,1193
chr8,12503391,12504771,YES,1380
chr8,35023426,35024022,YES,596
chr8,35024472,35025854,YES,1382
chr8,35026329,35027483,YES,1154
chr8,37602064,37603015,YES,951
chr8,37610797,37611807,YES,1010
chr8,37611820,37612684,YES,864
chr8,37612926,37613850,YES,924
chr8,37642521,37643206,YES,685
chr8,37643862,37644691,YES,829
chr8,37656605,37657504,YES,899
chr8,37666548,37667454,YES,906
chr8,37669893,37670458,YES,565
chr8,37671010,37671979,YES,969
chr8,44405736,44406755,YES,1019
chr8,74834685,74835484,YES,799
chr8,74836614,74837210,YES,596
chr8,74839580,74840663,YES,1083
chr8,87174072,87174643,YES,571
chr8,87996475,87997654,YES,1179
chr8,91514813,91516692,YES,1879
chr8,91526938,91528249,YES,1311
chr8,91530368,91530970,YES,602
chr8,91539286,91540176,YES,890
chr8,93351924,93352665,YES,741
chr8,93354428,93355292,YES,864
chr9,56382386,56383314,YES,928
chr9,56395075,56395769,YES,694
chr9,58119837,58120421,YES,584
chr9,58121627,58123475,YES,1848
chr9,58126583,58128504,YES,1921
chr9,78207143,78208709,YES,1566
chr9,78212412,78213297,YES,885
chr9,78213521,78214252,YES,731
chr9,78215873,78217776,YES,1903
chr9,78218962,78219758,YES,796
chr9,78221850,78223442,YES,1592
chr9,110849422,110851040,YES,1618
chr9,110862607,110863371,YES,764
chr9,114458126,114458729,YES,603
chr9,114466050,114466917,YES,867
chr9,114473273,114474355,YES,1082
chr9,120585871,120586365,YES,494
chr9,120588512,120589476,YES,964
chr9,120599461,120600072,YES,611
chr9,121244501,121245191,YES,690
chr9,121246556,121247300,YES,744
chr9,121253431,121254102,YES,671
chr10,20802131,20802699,YES,568
chr10,20807410,20808136,YES,726
chr10,20810452,20811824,YES,1372
chr10,20821335,20822452,YES,1117
chr10,20829440,20830236,YES,796
chr10,21546502,21547353,YES,851
chr10,21548506,21549691,YES,1185
chr10,21700576,21701235,YES,659
chr10,21701869,21702685,YES,816
chr10,21707960,21708946,YES,986
chr10,39977900,39978752,YES,852
chr10,44110139,44110895,YES,756
chr10,44111194,44112766,YES,1572
chr10,59420365,59421368,YES,1003
chr10,59426336,59426915,YES,579
chr10,59427223,59427738,YES,515
chr10,59435086,59435840,YES,754
chr10,59436644,59437537,YES,893
chr10,62346394,62347684,YES,1290
chr10,62355400,62356508,YES,1108
chr10,62358037,62358895,YES,858
chr10,62359244,62360289,YES,1045
chr10,62360653,62361563,YES,910
chr10,66380351,66381255,YES,904
chr10,66382805,66383761,YES,956
chr10,66546199,66547268,YES,1069
chr10,66558405,66559270,YES,865
chr10,66562711,66563566,YES,855
chr10,66563623,66564235,YES,612
chr10,75335464,75336154,YES,690
chr10,75344358,75345568,YES,1210
chr10,75400370,75401358,YES,988
chr10,76655655,76656039,YES,384
chr10,76656053,76656897,YES,844
chr10,76661806,76662360,YES,554
chr10,79508474,79509130,YES,656
chr10,79509437,79510144,YES,707
chr10,79510825,79511747,YES,922
chr10,79513311,79515168,YES,1857
chr10,85002060,85003073,YES,1013
chr10,85005927,85006553,YES,626
chr11,8466451,8467126,YES,675
chr11,8468954,8470138,YES,1184
chr11,8475387,8476319,YES,932
chr11,8485860,8486876,YES,1016
chr11,9015537,9017663,YES,2126
chr11,12357626,12358164,YES,538
chr11,12367036,12367747,YES,711
chr11,12369590,12370205,YES,615
chr11,33427175,33427817,YES,642
chr11,33433212,33434198,YES,986
chr11,33436649,33438393,YES,1744
chr11,33443794,33444731,YES,937
chr11,33450700,33451476,YES,776
chr11,52173182,52173868,YES,686
chr11,52184053,52184686,YES,633
chr11,54767341,54768063,YES,722
chr11,54771808,54772727,YES,919
chr11,54785035,54785832,YES,797
chr11,62324296,62325453,YES,1157
chr11,62326351,62327251,YES,900
chr11,66733372,66734190,YES,818
chr11,66746156,66746990,YES,834
chr11,66824791,66825867,YES,1076
chr11,66831156,66831944,YES,788
chr11,66833712,66834584,YES,872
chr11,66837289,66838230,YES,941
chr11,69517060,69518300,YES,1240
chr11,69521276,69522803,YES,1527
chr11,77697704,77698715,YES,1011
chr11,77704209,77704927,YES,718
chr11,77707215,77707886,YES,671
chr11,77718105,77718786,YES,681
chr11,88481360,88482029,YES,669
chr11,88485933,88486737,YES,804
chr11,88490843,88491812,YES,969
chr11,97517673,97518631,YES,958
chr11,97522735,97524159,YES,1424
chr11,98823511,98824279,YES,768
chr11,98825698,98826466,YES,768
chr11,102190649,102191563,YES,914
chr11,102192756,102193692,YES,936
chr11,104150171,104151258,YES,1087
chr11,104156781,104157556,YES,775
chr11,104166920,104167544,YES,624
chr11,107296669,107297772,YES,1103
chr11,107310169,107310982,YES,813
chr11,116943025,116943531,YES,506
chr11,116952826,116953583,YES,757
chr11,117833701,117834635,YES,934
chr11,117835689,117837392,YES,1703
chr11,117837404,117837462,YES,58
chr11,117837493,117838253,YES,760
chr12,12790432,12791846,YES,1414
chr12,12793626,12794477,YES,851
chr12,12794683,12795881,YES,1198
chr12,12810177,12811020,YES,843
chr12,12933791,12934743,YES,952
chr12,12945289,12946165,YES,876
chr12,12948436,12950936,YES,2500
chr12,55407498,55408159,YES,661
chr12,55413334,55415046,YES,1712
chr12,56587347,56587911,YES,564
chr12,56596807,56597774,YES,967
chr12,56606048,56607146,YES,1098
chr12,57385208,57385771,YES,563
chr12,57385850,57386427,YES,577
chr12,57397185,57398220,YES,1035
chr12,57399127,57400114,YES,987
chr12,87807046,87807624,YES,578
chr12,87811648,87812700,YES,1052
chr12,87819675,87820319,YES,644
chr12,87839385,87840360,YES,975
chr12,87842071,87843393,YES,1322
chr12,87844939,87846192,YES,1253
chr12,88239069,88239980,YES,911
chr12,88244634,88245155,YES,521
chr12,103940487,103941199,YES,712
chr12,103952135,103953004,YES,869
chr12,111655417,111656705,YES,1288
chr12,111709296,111710011,YES,715
chr12,111710204,111710269,YES,65
chr12,111710270,111710794,YES,524
chr12,111725920,111726579,YES,659
chr12,111737149,111737951,YES,802
chr12,111742841,111743677,YES,836
chr13,64069823,64070583,YES,760
chr13,64080691,64082322,YES,1631
chr13,96295094,96295862,YES,768
chr13,96303879,96304678,YES,799
chr13,96304856,96304906,YES,50
chr13,96305043,96306119,YES,1076
chr13,98052562,98053557,YES,995
chr13,98062099,98062842,YES,743
chr13,98202400,98203140,YES,740
chr13,98204787,98205450,YES,663
chr13,98217919,98218657,YES,738
chr13,98224554,98225162,YES,608
chr13,110418702,110419248,YES,546
chr13,110422180,110424078,YES,1898
chr13,110434008,110434790,YES,782
chr13,110441885,110442750,YES,865
chr14,22293688,22294265,YES,577
chr14,22303078,22303905,YES,827
chr14,22305075,22305784,YES,709
chr14,22308429,22308989,YES,560
chr14,49273113,49273728,YES,615
chr14,49273861,49275263,YES,1402
chr14,49282259,49283200,YES,941
chr14,55704349,55705463,YES,1114
chr14,64118817,64119891,YES,1074
chr14,64120351,64121260,YES,909
chr14,64131202,64131901,YES,699
chr14,65251303,65252067,YES,764
chr14,65258940,65259854,YES,914
chr14,65268524,65269514,YES,990
chr14,71022659,71023439,YES,780
chr14,71023501,71024024,YES,523
chr14,71034083,71035930,YES,1847
chr14,76894682,76895440,YES,758
chr14,76905409,76906028,YES,619
chr14,76915141,76915946,YES,805
chr14,77015215,77015985,YES,770
chr14,77024344,77025391,YES,1047
chr14,77029583,77030315,YES,732
chr14,99738540,99739893,YES,1353
chr14,99752022,99753654,YES,1632
chr14,99754019,99755307,YES,1288
chr14,106250319,106251246,YES,927
chr14,106258164,106259395,YES,1231
chr14,106259930,106260753,YES,823
chr14,106296486,106297329,YES,843
chr14,106299610,106300732,YES,1122
chr14,106303912,106304433,YES,521
chr15,25654102,25654885,YES,783
chr15,25658157,25658957,YES,800
chr15,25669962,25670741,YES,779
chr15,25683228,25684785,YES,1557
chr15,25691409,25692694,YES,1285
chr15,25697399,25698230,YES,831
chr15,25699097,25700236,YES,1139
chr15,25702971,25704265,YES,1294
chr15,61918415,61918996,YES,581
chr15,61923984,61924748,YES,764
chr15,77168852,77169719,YES,867
chr15,77180297,77181023,YES,726
chr15,77185424,77187251,YES,1827
chr15,88539016,88539831,YES,815
chr15,97198605,97200161,YES,1556
chr15,97206423,97207486,YES,1063
chr15,97213657,97214481,YES,824
chr15,97226841,97227633,YES,792
chr15,97422878,97423669,YES,791
chr15,97423701,97425328,YES,1627
chr15,103349226,103351019,YES,1793
chr15,103352676,103353500,YES,824
chr16,8758173,8758663,YES,490
chr16,8767268,8768014,YES,746
chr16,8772847,8773658,YES,811
chr16,8778435,8779472,YES,1037
chr16,23099373,23100436,YES,1063
chr16,23102207,23103471,YES,1264
chr16,29657509,29658530,YES,1021
chr16,29664266,29664938,YES,672
chr16,29666816,29668114,YES,1298
chr16,84769173,84770936,YES,1763
chr16,84772625,84773364,YES,739
chr16,84778882,84780686,YES,1804
chr17,10549089,10549855,YES,766
chr17,10558529,10559977,YES,1448
chr17,10570071,10570838,YES,767
chr17,26631721,26632486,YES,765
chr17,26639417,26640101,YES,684
chr17,26645322,26645761,YES,439
chr17,26648071,26648689,YES,618
chr17,29209618,29210332,YES,714
chr17,29217602,29218426,YES,824
chr17,29587776,29588942,YES,1166
chr17,31939569,31940144,YES,575
chr17,31943057,31944244,YES,1187
chr17,31944882,31945831,YES,949
chr17,31948196,31948896,YES,700
chr17,31952130,31952722,YES,592
chr17,31956101,31956756,YES,655
chr17,35639211,35640042,YES,831
chr17,35640507,35641441,YES,934
chr17,35641524,35642435,YES,911
chr17,37110202,37111178,YES,976
chr17,37118999,37120350,YES,1351
chr17,37132055,37133069,YES,1014
chr17,37134094,37134996,YES,902
chr17,37209046,37210274,YES,1228
chr17,37215135,37215590,YES,455
chr17,37215634,37217726,YES,2092
chr17,45593477,45594086,YES,609
chr17,45595562,45596503,YES,941
chr17,47640414,47641419,YES,1005
chr17,47647939,47649043,YES,1104
chr17,66818723,66819618,YES,895
chr17,66828909,66830666,YES,1757
chr17,66833099,66833900,YES,801
chr17,66835773,66836409,YES,636
chr17,71096763,71098084,YES,1321
chr17,71099757,71100905,YES,1148
chr17,71177302,71178694,YES,1392
chr17,71179005,71179956,YES,951
chr17,71213804,71215251,YES,1447
chr17,71215561,71216437,YES,876
chr17,71221271,71222433,YES,1162
chr17,71241991,71242699,YES,708
chr17,71249740,71250610,YES,870
chr18,35202713,35203454,YES,741
chr18,36412873,36414154,YES,1281
chr18,38538325,38538780,YES,455
chr18,38539653,38540393,YES,740
chr18,38543572,38544558,YES,986
chr18,38546015,38546669,YES,654
chr18,38550473,38551037,YES,564
chr18,38760823,38761958,YES,1135
chr18,38788269,38788946,YES,677
chr18,38795352,38796942,YES,1590
chr18,40467587,40468140,YES,553
chr18,61787544,61788318,YES,774
chr18,61788348,61788400,YES,52
chr18,75504155,75505202,YES,1047
chr18,75520332,75521203,YES,871
chr18,75526249,75527277,YES,1028
chr18,75738693,75739664,YES,971
chr18,75744316,75745073,YES,757
chr19,5835881,5836375,YES,494
chr19,5846341,5847014,YES,673
chr19,21858770,21859477,YES,707
chr19,21859598,21860168,YES,570
chr19,21863440,21864104,YES,664
chr19,21865893,21866770,YES,877
chr19,23139991,23140673,YES,682
chr19,23150098,23150810,YES,712
chr19,23161889,23162488,YES,599
chr19,23164010,23164924,YES,914
chr19,23169175,23170189,YES,1014
chr19,23207455,23208806,YES,1351
chr19,25553498,25554146,YES,648
chr19,25560800,25561554,YES,754
chr19,25561588,25564092,YES,2504
chr19,53523440,53524099,YES,659
chr19,53534665,53535319,YES,654
chrX,7578969,7579792,YES,823
chrX,7579919,7580400,YES,481
chrX,7585538,7586420,YES,882
chrX,7590033,7591337,YES,1304
chrX,7597425,7597907,YES,482
chrX,50098631,50099684,YES,1053
chrX,50099968,50100511,YES,543
chrX,50106363,50107247,YES,884
chrX,50112239,50113054,YES,815
chrX,50113663,50114110,YES,447
chr1,3052873,3053282,NO,409
chr1,3472669,3473522,NO,853
chr1,3638904,3639380,NO,476
chr1,3904119,3904709,NO,590
chr1,4845264,4846195,NO,931
chr1,4960611,4961298,NO,687
chr1,4962233,4962888,NO,655
chr1,5222189,5223267,NO,1078
chr1,6049015,6049725,NO,710
chr1,6107491,6108040,NO,549
chr1,6132850,6133403,NO,553
chr1,6272179,6272970,NO,791
chr1,6437829,6439484,NO,1655
chr1,6447968,6448675,NO,707
chr1,7037012,7037978,NO,966
chr1,7302612,7303268,NO,656
chr1,7303417,7304011,NO,594
chr1,7309053,7309926,NO,873
chr1,7441519,7442268,NO,749
chr1,7581226,7581763,NO,537
chr1,7661434,7662103,NO,669
chr1,7722739,7723268,NO,529
chr1,8486218,8486952,NO,734
chr1,8571914,8572590,NO,676
chr1,9314031,9314489,NO,458
chr1,9432801,9433488,NO,687
chr1,9691815,9692699,NO,884
chr1,9879468,9879956,NO,488
chr1,9942818,9943679,NO,861
chr1,10021675,10022274,NO,599
chr1,10466693,10467388,NO,695
chr1,10640603,10641071,NO,468
chr1,10842815,10843639,NO,824
chr1,10868036,10868913,NO,877
chr1,11072111,11072649,NO,538
chr1,11241067,11241789,NO,722
chr1,11267721,11268482,NO,761
chr1,11320098,11320819,NO,721
chr1,11385794,11386514,NO,720
chr1,11457084,11457674,NO,590
chr1,11491568,11492323,NO,755
chr1,11738375,11739038,NO,663
chr1,12015761,12016316,NO,555
chr1,12634697,12635056,NO,359
chr1,12681792,12682608,NO,816
chr1,12734270,12735431,NO,1161
chr1,12752935,12753804,NO,869
chr1,12780984,12781768,NO,784
chr1,12797560,12798202,NO,642
chr1,12804292,12804921,NO,629
chr1,13117753,13118805,NO,1052
chr1,13122020,13122691,NO,671
chr1,13445648,13446181,NO,533
chr1,13650476,13651156,NO,680
chr1,13928434,13928802,NO,368
chr1,13990867,13991729,NO,862
chr1,14179691,14180109,NO,418
chr1,14215552,14215951,NO,399
chr1,14282354,14282974,NO,620
chr1,14302611,14303160,NO,549
chr1,14410966,14411574,NO,608
chr1,15639832,15640186,NO,354
chr1,15742536,15743092,NO,556
chr1,15779114,15779755,NO,641
chr1,15781595,15782330,NO,735
chr1,16120021,16120876,NO,855
chr1,17240520,17241384,NO,864
chr1,18629342,18629933,NO,591
chr1,19097270,19097775,NO,505
chr1,20750154,20750900,NO,746
chr1,20751196,20751979,NO,783
chr1,20857230,20857895,NO,665
chr1,20858056,20858235,NO,179
chr1,20898386,20899264,NO,878
chr1,20944720,20945563,NO,843
chr1,20964636,20965477,NO,841
chr1,21221645,21222295,NO,650
chr1,21245995,21247131,NO,1136
chr1,21389973,21390511,NO,538
chr1,22367026,22367830,NO,804
chr1,22473360,22474157,NO,797
chr1,24049730,24050217,NO,487
chr1,24099565,24100262,NO,697
chr1,25238625,25239152,NO,527
chr1,25518154,25518498,NO,344
chr1,26286439,26287128,NO,689
chr1,26584585,26585081,NO,496
chr1,30861675,30862338,NO,663
chr1,30904333,30905101,NO,768
chr1,30924449,30924998,NO,549
chr1,31290349,31290965,NO,616
chr1,33163168,33163664,NO,496
chr1,33551369,33552103,NO,734
chr1,33561177,33561654,NO,477
chr1,33887433,33887804,NO,371
chr1,34000492,34001053,NO,561
chr1,34063557,34064527,NO,970
chr1,34159855,34161282,NO,1427
chr1,34196907,34197964,NO,1057
chr1,34525361,34525724,NO,363
chr1,34603897,34604333,NO,436
chr1,34940572,34941057,NO,485
chr1,35289280,35290169,NO,889
chr1,35754400,35755344,NO,944
chr1,35806834,35807419,NO,585
chr1,35868073,35868772,NO,699
chr1,35898377,35898968,NO,591
chr1,36001014,36001732,NO,718
chr1,36296870,36297624,NO,754
chr1,36831255,36831753,NO,498
chr1,36860708,36861535,NO,827
chr1,36890636,36891439,NO,803
chr1,36955484,36956118,NO,634
chr1,37019625,37020225,NO,600
chr1,37186715,37187343,NO,628
chr1,37269071,37269695,NO,624
chr1,37700520,37701231,NO,711
chr1,37984898,37985741,NO,843
chr1,38013314,38013944,NO,630
chr1,38115101,38115869,NO,768
chr1,38348198,38348869,NO,671
chr1,38376527,38377170,NO,643
chr1,38678680,38679130,NO,450
chr1,38853518,38854158,NO,640
chr1,38880678,38881404,NO,726
chr1,38900046,38900614,NO,568
chr1,38926075,38926769,NO,694
chr1,38960832,38961217,NO,385
chr1,39179440,39180053,NO,613
chr1,39321366,39321728,NO,362
chr1,39584819,39585715,NO,896
chr1,39757369,39758030,NO,661
chr1,39959153,39960298,NO,1145
chr1,39980543,39981011,NO,468
chr1,40414471,40415069,NO,598
chr1,40736684,40737424,NO,740
chr1,40986225,40986740,NO,515
chr1,41197250,41197858,NO,608
chr1,41446997,41447562,NO,565
chr1,42115143,42115930,NO,787
chr1,42243142,42243550,NO,408
chr1,42781554,42782151,NO,597
chr1,42970362,42970910,NO,548
chr1,43877270,43877998,NO,728
chr1,43956286,43956541,NO,255
chr1,44624882,44625501,NO,619
chr1,44670037,44670560,NO,523
chr1,44948351,44949041,NO,690
chr1,45414694,45415449,NO,755
chr1,45416474,45417050,NO,576
chr1,45464374,45464974,NO,600
chr1,46920091,46920964,NO,873
chr1,46978412,46979019,NO,607
chr1,47890847,47891488,NO,641
chr1,51486517,51487027,NO,510
chr1,51592540,51593689,NO,1149
chr1,51799172,51799711,NO,539
chr1,51963153,51963678,NO,525
chr1,51994269,51994645,NO,376
chr1,52065557,52065642,NO,85
chr1,52065645,52066452,NO,807
chr1,52584461,52585076,NO,615
chr1,52713300,52713856,NO,556
chr1,53009978,53010966,NO,988
chr1,53266836,53267466,NO,630
chr1,53638024,53638608,NO,584
chr1,53806787,53807205,NO,418
chr1,54109534,54110134,NO,600
chr1,54441085,54441669,NO,584
chr1,54541329,54542199,NO,870
chr1,55096713,55097323,NO,610
chr1,55165227,55165967,NO,740
chr1,55188460,55189193,NO,733
chr1,55243433,55244234,NO,801
chr1,55255423,55256139,NO,716
chr1,55262544,55263053,NO,509
chr1,55632577,55633169,NO,592
chr1,55957429,55958081,NO,652
chr1,56023030,56023765,NO,735
chr1,56725471,56725988,NO,517
chr1,56740981,56741955,NO,974
chr1,56901363,56901860,NO,497
chr1,57338201,57338891,NO,690
chr1,57357878,57358399,NO,521
chr1,57526813,57527770,NO,957
chr1,57668948,57670540,NO,1592
chr1,58045669,58046468,NO,799
chr1,58245066,58246104,NO,1038
chr1,58247734,58248201,NO,467
chr1,58627134,58627677,NO,543
chr1,59371675,59372511,NO,836
chr1,59432748,59433689,NO,941
chr1,59433957,59434609,NO,652
chr1,59479507,59480740,NO,1233
chr1,59483420,59484404,NO,984
chr1,59505007,59506122,NO,1115
chr1,59529060,59530548,NO,1488
chr1,59543982,59544804,NO,822
chr1,59720029,59720899,NO,870
chr1,59754466,59755225,NO,759
chr1,60489266,60489962,NO,696
chr1,60895813,60896446,NO,633
chr1,60907395,60908515,NO,1120
chr1,60908756,60909974,NO,1218
chr1,60910063,60910863,NO,800
chr1,61465295,61465864,NO,569
chr1,62228137,62228784,NO,647
chr1,62444604,62445410,NO,806
chr1,62782851,62783893,NO,1042
chr1,62784348,62785151,NO,803
chr1,62813910,62814888,NO,978
chr1,62829833,62830834,NO,1001
chr1,63032891,63033463,NO,572
chr1,63112537,63113106,NO,569
chr1,63184212,63185368,NO,1156
chr1,63256644,63257435,NO,791
chr1,63260281,63260998,NO,717
chr1,63290315,63290914,NO,599
chr1,63293645,63294573,NO,928
chr1,63488535,63489242,NO,707
chr1,63713892,63714842,NO,950
chr1,63984259,63984830,NO,571
chr1,64055638,64056048,NO,410
chr1,64357806,64358432,NO,626
chr1,64467643,64468247,NO,604
chr1,64622918,64623861,NO,943
chr1,64705880,64706573,NO,693
chr1,64778909,64780781,NO,1872
chr1,64931257,64932242,NO,985
chr1,64963253,64964083,NO,830
chr1,64965221,64965844,NO,623
chr1,65028744,65029405,NO,661
chr1,65417224,65417830,NO,606
chr1,65846570,65847392,NO,822
chr1,66312890,66313337,NO,447
chr1,66474335,66474730,NO,395
chr1,66746373,66747073,NO,700
chr1,67007297,67008044,NO,747
chr1,67458147,67458539,NO,392
chr1,67981983,67983193,NO,1210
chr1,68350784,68351594,NO,810
chr1,69056677,69057073,NO,396
chr1,69914422,69914856,NO,434
chr1,70853116,70853718,NO,602
chr1,71081973,71082610,NO,637
chr1,71164850,71165518,NO,668
chr1,71692414,71693262,NO,848
chr1,71697009,71697825,NO,816
chr1,71719790,71720485,NO,695
chr1,71787686,71788202,NO,516
chr1,72275198,72276303,NO,1105
chr1,72288990,72289859,NO,869
chr1,72311853,72312556,NO,703
chr1,72359403,72360070,NO,667
chr1,72537197,72537924,NO,727
chr1,72718401,72719550,NO,1149
chr1,72873970,72875037,NO,1067
chr1,72991514,72992380,NO,866
chr1,72995577,72996239,NO,662
chr1,73006523,73007422,NO,899
chr1,73134049,73134750,NO,701
chr1,73134825,73135503,NO,678
chr1,73547190,73547718,NO,528
chr1,74157839,74158473,NO,634
chr1,74226026,74226560,NO,534
chr1,74291927,74292608,NO,681
chr1,74354703,74355378,NO,675
chr1,74390557,74391406,NO,849
chr1,74502024,74502855,NO,831
chr1,74871159,74872294,NO,1135
chr1,75073386,75074201,NO,815
chr1,75477134,75477769,NO,635
chr1,75508284,75508420,NO,136
chr1,75508472,75508949,NO,477
chr1,75585302,75586099,NO,797
chr1,75598080,75598900,NO,820
chr1,75613198,75613953,NO,755
chr1,75659125,75659537,NO,412
chr1,75664001,75664905,NO,904
chr1,75800770,75801597,NO,827
chr1,75842667,75843206,NO,539
chr1,75859303,75859854,NO,551
chr1,75884841,75885754,NO,913
chr1,76025299,76026417,NO,1118
chr1,76032534,76033378,NO,844
chr1,76904125,76904645,NO,520
chr1,77436837,77437631,NO,794
chr1,77438400,77439208,NO,808
chr1,77443425,77444157,NO,732
chr1,77447995,77448733,NO,738
chr1,77450351,77450999,NO,648
chr1,77452990,77453944,NO,954
chr1,77458226,77458960,NO,734
chr1,77468946,77469855,NO,909
chr1,77493309,77493947,NO,638
chr1,77499031,77499912,NO,881
chr1,77598156,77598677,NO,521
chr1,77626231,77626826,NO,595
chr1,78116341,78117104,NO,763
chr1,78164344,78165073,NO,729
chr1,79450535,79451237,NO,702
chr1,79598893,79599548,NO,655
chr1,80147071,80147744,NO,673
chr1,80232602,80233246,NO,644
chr1,80233798,80234768,NO,970
chr1,80312115,80313073,NO,958
chr1,80399864,80400586,NO,722
chr1,82004190,82004951,NO,761
chr1,82816971,82817766,NO,795
chr1,82863422,82864000,NO,578
chr1,84173546,84174117,NO,571
chr1,84203566,84203908,NO,342
chr1,84214254,84214733,NO,479
chr1,84267550,84268123,NO,573
chr1,84401987,84402671,NO,684
chr1,84546093,84546686,NO,593
chr1,84633397,84634553,NO,1156
chr1,84636850,84637814,NO,964
chr1,87640362,87640934,NO,572
chr1,87920884,87921540,NO,656
chr1,87959141,87959957,NO,816
chr1,88078732,88079278,NO,546
chr1,88084035,88085159,NO,1124
chr1,88097768,88098465,NO,697
chr1,88132818,88133652,NO,834
chr1,88191384,88191870,NO,486
chr1,88204615,88205669,NO,1054
chr1,88205688,88206409,NO,721
chr1,88207290,88208596,NO,1306
chr1,88245025,88246107,NO,1082
chr1,88385051,88385945,NO,894
chr1,88446667,88447361,NO,694
chr1,88543936,88544670,NO,734
chr1,88615654,88616405,NO,751
chr1,88814555,88815146,NO,591
chr1,89121170,89122068,NO,898
chr1,89122679,89123641,NO,962
chr1,89126870,89127839,NO,969
chr1,89209628,89210875,NO,1247
chr1,89329250,89329885,NO,635
chr1,89580724,89581195,NO,471
chr1,89625401,89626230,NO,829
chr1,90329114,90329499,NO,385
chr1,90363134,90363745,NO,611
chr1,90509284,90510238,NO,954
chr1,90565168,90566043,NO,875
chr1,90670651,90671446,NO,795
chr1,90703268,90703928,NO,660
chr1,90706245,90706995,NO,750
chr1,90735967,90736773,NO,806
chr1,90820730,90821458,NO,728
chr1,90853900,90854596,NO,696
chr1,90921601,90922210,NO,609
chr1,91179130,91179603,NO,473
chr1,91361975,91362648,NO,673
chr1,91652578,91653415,NO,837
chr1,91819328,91820099,NO,771
chr1,91831100,91831892,NO,792
chr1,91956379,91957147,NO,768
chr1,92098794,92100230,NO,1436
chr1,92105640,92106028,NO,388
chr1,92225588,92226256,NO,668
chr1,92301482,92302354,NO,872
chr1,92371461,92371980,NO,519
chr1,92389855,92390616,NO,761
chr1,92415831,92416635,NO,804
chr1,92424290,92425089,NO,799
chr1,92935056,92935842,NO,786
chr1,93207801,93208616,NO,815
chr1,93662192,93663045,NO,853
chr1,93674856,93675270,NO,414
chr1,94015751,94016544,NO,793
chr1,94328448,94329194,NO,746
chr1,94603660,94604499,NO,839
chr1,94634136,94634796,NO,660
chr1,94785466,94785810,NO,344
chr1,95376908,95377612,NO,704
chr1,96194784,96195360,NO,576
chr1,96889771,96890369,NO,598
chr1,96926907,96927568,NO,661
chr1,97498543,97499181,NO,638
chr1,97639642,97640127,NO,485
chr1,98379447,98379881,NO,434
chr1,98771158,98771746,NO,588
chr1,98772528,98773296,NO,768
chr1,99519148,99519918,NO,770
chr1,99969502,99970309,NO,807
chr1,99983100,99983644,NO,544
chr1,99988888,99989373,NO,485
chr1,101867212,101867735,NO,523
chr1,102774486,102775329,NO,843
chr1,103524896,103525607,NO,711
chr1,103653034,103654283,NO,1249
chr1,103815262,103815836,NO,574
chr1,104990515,104990976,NO,461
chr1,105368051,105368453,NO,402
chr1,105368884,105369654,NO,770
chr1,106711822,106712271,NO,449
chr1,106908919,106910374,NO,1455
chr1,106967348,106968200,NO,852
chr1,106991460,106992288,NO,828
chr1,107387705,107388687,NO,982
chr1,107418961,107419295,NO,334
chr1,107954675,107955332,NO,657
chr1,108005699,108006186,NO,487
chr1,108073359,108073939,NO,580
chr1,108118552,108119132,NO,580
chr1,108175071,108175801,NO,730
chr1,108460775,108461567,NO,792
chr1,109874902,109875557,NO,655
chr1,110445209,110445848,NO,639
chr1,112555810,112556093,NO,283
chr1,112671399,112671918,NO,519
chr1,115855788,115856198,NO,410
chr1,115860671,115861187,NO,516
chr1,120521806,120522612,NO,806
chr1,120586076,120586971,NO,895
chr1,120900202,120900882,NO,680
chr1,120945487,120946330,NO,843
chr1,121044146,121044619,NO,473
chr1,121048836,121049524,NO,688
chr1,121053766,121054189,NO,423
chr1,121244074,121245641,NO,1567
chr1,121350010,121350901,NO,891
chr1,121383060,121383853,NO,793
chr1,121393774,121394742,NO,968
chr1,121462257,121462973,NO,716
chr1,121531129,121531986,NO,857
chr1,121974196,121974786,NO,590
chr1,122250817,122251565,NO,748
chr1,122540235,122541424,NO,1189
chr1,122625521,122625914,NO,393
chr1,122655882,122656574,NO,692
chr1,122983522,122984631,NO,1109
chr1,122993508,122994182,NO,674
chr1,123019839,123020611,NO,772
chr1,123739327,123739705,NO,378
chr1,124351633,124352183,NO,550
chr1,124503711,124504446,NO,735
chr1,124961665,124962213,NO,548
chr1,126071319,126071834,NO,515
chr1,126304642,126305072,NO,430
chr1,127584474,127584965,NO,491
chr1,127641171,127641710,NO,539
chr1,127969093,127969638,NO,545
chr1,128025515,128026288,NO,773
chr1,128571445,128572182,NO,737
chr1,129064204,129064689,NO,485
chr1,129135362,129136037,NO,675
chr1,129141040,129141736,NO,696
chr1,129403672,129404264,NO,592
chr1,129680267,129681078,NO,811
chr1,129801157,129801933,NO,776
chr1,129897432,129897991,NO,559
chr1,129991257,129991995,NO,738
chr1,130159400,130159892,NO,492
chr1,130240870,130241313,NO,443
chr1,130288806,130289553,NO,747
chr1,130296734,130297509,NO,775
chr1,130756384,130757280,NO,896
chr1,130898297,130898977,NO,680
chr1,132917016,132917720,NO,704
chr1,133035565,133036620,NO,1055
chr1,133375152,133375907,NO,755
chr1,133615426,133616290,NO,864
chr1,133641761,133642541,NO,780
chr1,133786604,133787425,NO,821
chr1,133808795,133809368,NO,573
chr1,134094126,134094626,NO,500
chr1,134097337,134098050,NO,713
chr1,134134167,134134762,NO,595
chr1,134160117,134160740,NO,623
chr1,134178265,134178907,NO,642
chr1,134184651,134185323,NO,672
chr1,134219166,134219919,NO,753
chr1,134367243,134368398,NO,1155
chr1,134632637,134633301,NO,664
chr1,134747087,134748017,NO,930
chr1,134775249,134776176,NO,927
chr1,134877662,134878478,NO,816
chr1,134908975,134909784,NO,809
chr1,134915573,134916403,NO,830
chr1,134991785,134992357,NO,572
chr1,135025718,135027101,NO,1383
chr1,135243491,135244282,NO,791
chr1,135264033,135264592,NO,559
chr1,135293890,135294788,NO,898
chr1,135388767,135390546,NO,1779
chr1,135400983,135401699,NO,716
chr1,135563926,135564886,NO,960
chr1,135568197,135569034,NO,837
chr1,135590624,135591571,NO,947
chr1,135592255,135593014,NO,759
chr1,135607119,135607794,NO,675
chr1,135638250,135638969,NO,719
chr1,135748691,135749259,NO,568
chr1,135870243,135870936,NO,693
chr1,136085572,136086282,NO,710
chr1,136106755,136107450,NO,695
chr1,136397332,136398015,NO,683
chr1,136431225,136432331,NO,1106
chr1,136467039,136467815,NO,776
chr1,136505483,136506123,NO,640
chr1,136671477,136672181,NO,704
chr1,136806929,136807579,NO,650
chr1,137113999,137114858,NO,859
chr1,137404155,137404907,NO,752
chr1,137457793,137458480,NO,687
chr1,137528746,137529319,NO,573
chr1,137534216,137534839,NO,623
chr1,137551741,137552277,NO,536
chr1,137571842,137572829,NO,987
chr1,137620382,137621364,NO,982
chr1,137753692,137754254,NO,562
chr1,138323891,138324817,NO,926
chr1,138353781,138354464,NO,683
chr1,138466050,138467536,NO,1486
chr1,138480370,138481169,NO,799
chr1,138509627,138510441,NO,814
chr1,138570775,138572212,NO,1437
chr1,138624181,138625055,NO,874
chr1,138893410,138893746,NO,336
chr1,138948162,138948838,NO,676
chr1,139070423,139071288,NO,865
chr1,139284018,139284489,NO,471
chr1,139536270,139536672,NO,402
chr1,140050370,140051091,NO,721
chr1,140102296,140103007,NO,711
chr1,140163311,140163997,NO,686
chr1,140852970,140853586,NO,616
chr1,141390834,141391921,NO,1087
chr1,141396156,141396936,NO,780
chr1,142085017,142085658,NO,641
chr1,142101811,142102287,NO,476
chr1,142325751,142326575,NO,824
chr1,142409970,142410467,NO,497
chr1,145113809,145114344,NO,535
chr1,145161774,145162073,NO,299
chr1,145402364,145403147,NO,783
chr1,145580899,145581539,NO,640
chr1,148169758,148170547,NO,789
chr1,149062850,149063402,NO,552
chr1,150921864,150922264,NO,400
chr1,152343807,152344701,NO,894
chr1,152470260,152470689,NO,429
chr1,152652632,152653092,NO,460
chr1,153024237,153025208,NO,971
chr1,153067273,153067647,NO,374
chr1,153082536,153083080,NO,544
chr1,153273953,153274850,NO,897
chr1,153362628,153363376,NO,748
chr1,153391656,153392353,NO,697
chr1,153725460,153725997,NO,537
chr1,153727705,153728486,NO,781
chr1,153845033,153845403,NO,370
chr1,153917338,153917368,NO,30
chr1,153917379,153918187,NO,808
chr1,154261536,154262307,NO,771
chr1,154420178,154420974,NO,796
chr1,154450503,154451273,NO,770
chr1,154640676,154641562,NO,886
chr1,154747403,154748240,NO,837
chr1,154762609,154763339,NO,730
chr1,154764506,154765219,NO,713
chr1,154790039,154790623,NO,584
chr1,154820654,154821658,NO,1004
chr1,155038686,155039302,NO,616
chr1,155046454,155047086,NO,632
chr1,155063622,155064001,NO,379
chr1,155163213,155163835,NO,622
chr1,155194867,155195359,NO,492
chr1,155209082,155209502,NO,420
chr1,155223417,155224385,NO,968
chr1,155587804,155588362,NO,558
chr1,155613291,155614133,NO,842
chr1,155927646,155928808,NO,1162
chr1,156230305,156231078,NO,773
chr1,156848816,156849514,NO,698
chr1,156933292,156934081,NO,789
chr1,156958538,156959394,NO,856
chr1,157331251,157331824,NO,573
chr1,157923560,157924296,NO,736
chr1,158404784,158405439,NO,655
chr1,158442765,158443228,NO,463
chr1,158598688,158599282,NO,594
chr1,158599475,158600322,NO,847
chr1,158700389,158701027,NO,638
chr1,158891316,158892240,NO,924
chr1,158909695,158910332,NO,637
chr1,158913243,158914326,NO,1083
chr1,158924613,158925589,NO,976
chr1,158928044,158928676,NO,632
chr1,159347974,159348178,NO,204
chr1,159348232,159348711,NO,479
chr1,159369925,159370459,NO,534
chr1,159870425,159870938,NO,513
chr1,160132983,160133617,NO,634
chr1,160316848,160317449,NO,601
chr1,161359901,161360386,NO,485
chr1,162139563,162140455,NO,892
chr1,162147830,162148759,NO,929
chr1,162238927,162239751,NO,824
chr1,162239983,162240721,NO,738
chr1,162581677,162582188,NO,511
chr1,162664654,162665429,NO,775
chr1,163177529,163178269,NO,740
chr1,163204001,163204708,NO,707
chr1,163309468,163310223,NO,755
chr1,163699344,163699877,NO,533
chr1,163850811,163851483,NO,672
chr1,165093778,165094415,NO,637
chr1,165558076,165558693,NO,617
chr1,165931828,165932371,NO,543
chr1,165948234,165948832,NO,598
chr1,165949727,165950377,NO,650
chr1,166307059,166307746,NO,687
chr1,166391111,166391611,NO,500
chr1,166400959,166401507,NO,548
chr1,166420037,166420644,NO,607
chr1,166424059,166425216,NO,1157
chr1,166433289,166434276,NO,987
chr1,166461748,166462377,NO,629
chr1,166506765,166507568,NO,803
chr1,167543842,167544683,NO,841
chr1,167932859,167934026,NO,1167
chr1,168837273,168837782,NO,509
chr1,168951483,168952462,NO,979
chr1,169378529,169379197,NO,668
chr1,169867708,169868621,NO,913
chr1,170288067,170288652,NO,585
chr1,170325483,170326236,NO,753
chr1,170356969,170357484,NO,515
chr1,171764502,171765082,NO,580
chr1,172031696,172032173,NO,477
chr1,172407707,172408276,NO,569
chr1,172626599,172627121,NO,522
chr1,172801604,172802054,NO,450
chr1,172822218,172823101,NO,883
chr1,173020016,173020663,NO,647
chr1,173056197,173056770,NO,573
chr1,173151620,173152144,NO,524
chr1,173900918,173901516,NO,598
chr1,173954295,173954872,NO,577
chr1,174191764,174192418,NO,654
chr1,174253188,174253931,NO,743
chr1,174348176,174348836,NO,660
chr1,174631267,174631911,NO,644
chr1,175251750,175252619,NO,869
chr1,175278430,175279177,NO,747
chr1,176514128,176514572,NO,444
chr1,178542898,178543486,NO,588
chr1,178550869,178551621,NO,752
chr1,178564236,178564795,NO,559
chr1,178573948,178575070,NO,1122
chr1,178810170,178810691,NO,521
chr1,178878715,178879374,NO,659
chr1,178913440,178913940,NO,500
chr1,179546413,179546999,NO,586
chr1,179683455,179683969,NO,514
chr1,179917631,179918038,NO,407
chr1,180214029,180214534,NO,505
chr1,180237685,180238205,NO,520
chr1,180267618,180268830,NO,1212
chr1,180336631,180337473,NO,842
chr1,180483682,180484452,NO,770
chr1,180594173,180594968,NO,795
chr1,180595185,180595568,NO,383
chr1,180664497,180665186,NO,689
chr1,180780124,180781339,NO,1215
chr1,181017460,181018305,NO,845
chr1,181107325,181107857,NO,532
chr1,181128144,181129267,NO,1123
chr1,181142116,181142753,NO,637
chr1,181206410,181207481,NO,1071
chr1,181371755,181372372,NO,617
chr1,181392292,181393074,NO,782
chr1,181417257,181417745,NO,488
chr1,181431130,181431722,NO,592
chr1,181534368,181535207,NO,839
chr1,182500935,182501845,NO,910
chr1,183583588,183583992,NO,404
chr1,183672318,183673107,NO,789
chr1,183860811,183861455,NO,644
chr1,184024322,184024924,NO,602
chr1,184033379,184034263,NO,884
chr1,184092966,184093658,NO,692
chr1,184111825,184112288,NO,463
chr1,184121248,184121637,NO,389
chr1,186320689,186321275,NO,586
chr1,186795895,186796665,NO,770
chr1,186903860,186904314,NO,454
chr1,186922887,186923365,NO,478
chr1,186928701,186929501,NO,800
chr1,186972997,186973555,NO,558
chr1,187014856,187015304,NO,448
chr1,187032263,187033005,NO,742
chr1,187311986,187313113,NO,1127
chr1,187550637,187551096,NO,459
chr1,187653353,187653841,NO,488
chr1,187779717,187780153,NO,436
chr1,187934331,187934769,NO,438
chr1,188060105,188060772,NO,667
chr1,188085107,188085669,NO,562
chr1,188334148,188335083,NO,935
chr1,188337357,188338374,NO,1017
chr1,188742217,188742823,NO,606
chr1,188746449,188747245,NO,796
chr1,188753062,188753500,NO,438
chr1,188778355,188779134,NO,779
chr1,188800477,188801287,NO,810
chr1,189106077,189106893,NO,816
chr1,189265529,189265945,NO,416
chr1,189402023,189402379,NO,356
chr1,189427836,189428339,NO,503
chr1,189548464,189549087,NO,623
chr1,189603379,189603963,NO,584
chr1,190463417,190463988,NO,571
chr1,190484157,190484755,NO,598
chr1,190678113,190678604,NO,491
chr1,190822409,190823277,NO,868
chr1,190830184,190830821,NO,637
chr1,190837018,190837835,NO,817
chr1,191410579,191411046,NO,467
chr1,191563705,191564424,NO,719
chr1,191585357,191585986,NO,629
chr1,191740124,191740887,NO,763
chr1,192187243,192187710,NO,467
chr1,192271833,192272584,NO,751
chr1,192608358,192608671,NO,313
chr1,192837955,192838796,NO,841
chr1,192888978,192889377,NO,399
chr1,192894068,192894651,NO,583
chr1,193013762,193014274,NO,512
chr1,193348642,193349175,NO,533
chr1,193440008,193440736,NO,728
chr1,193484623,193485542,NO,919
chr1,193485561,193486128,NO,567
chr1,193642966,193643523,NO,557
chr1,193754283,193754964,NO,681
chr1,194278721,194279334,NO,613
chr1,194339181,194339917,NO,736
chr1,194346566,194347130,NO,564
chr1,194590595,194591390,NO,795
chr1,194660733,194661258,NO,525
chr1,194696232,194697083,NO,851
chr1,195091866,195092338,NO,472
chr1,195181262,195181795,NO,533
chr1,195200086,195200587,NO,501
chr1,195330571,195331314,NO,743
chr1,195368339,195369094,NO,755
chr1,195558001,195558981,NO,980
chr1,195560077,195560536,NO,459
chr1,195759895,195760830,NO,935
chr1,195860310,195860854,NO,544
chr1,196146697,196147174,NO,477
chr1,196442242,196442858,NO,616
chr1,196624515,196625128,NO,613
chr1,196827154,196827871,NO,717
chr2,3017310,3017861,NO,551
chr2,3421620,3422153,NO,533
chr2,3586750,3587405,NO,655
chr2,4333636,4334296,NO,660
chr2,4496004,4496751,NO,747
chr2,4517788,4518529,NO,741
chr2,4996660,4997585,NO,925
chr2,4998790,4999692,NO,902
chr2,5092332,5092863,NO,531
chr2,5140926,5141683,NO,757
chr2,5277852,5278753,NO,901
chr2,5293767,5294435,NO,668
chr2,5398371,5398923,NO,552
chr2,5405093,5405717,NO,624
chr2,5505532,5506231,NO,699
chr2,5656449,5657538,NO,1089
chr2,5710434,5711052,NO,618
chr2,5731135,5731647,NO,512
chr2,5967910,5968298,NO,388
chr2,5984395,5984875,NO,480
chr2,5993102,5993471,NO,369
chr2,6466484,6467005,NO,521
chr2,6515678,6516267,NO,589
chr2,6668573,6669173,NO,600
chr2,6796237,6796725,NO,488
chr2,6985529,6986006,NO,477
chr2,8419812,8420879,NO,1067
chr2,9364516,9365334,NO,818
chr2,9367255,9367969,NO,714
chr2,9568375,9569137,NO,762
chr2,9844701,9845241,NO,540
chr2,10184148,10184807,NO,659
chr2,10255657,10256584,NO,927
chr2,10274954,10275955,NO,1001
chr2,10312311,10312976,NO,665
chr2,10443135,10443951,NO,816
chr2,10523849,10524316,NO,467
chr2,10959960,10960465,NO,505
chr2,11061103,11061774,NO,671
chr2,11468526,11468911,NO,385
chr2,11492366,11493083,NO,717
chr2,12479281,12479837,NO,556
chr2,13292082,13292814,NO,732
chr2,13619056,13619630,NO,574
chr2,13689489,13690079,NO,590
chr2,13761771,13762147,NO,376
chr2,13877909,13878621,NO,712
chr2,13915763,13916255,NO,492
chr2,14025339,14026145,NO,806
chr2,14586925,14587338,NO,413
chr2,14991113,14991600,NO,487
chr2,15066378,15066886,NO,508
chr2,15078076,15078447,NO,371
chr2,15847466,15847537,NO,71
chr2,15847611,15848091,NO,480
chr2,16604576,16604894,NO,318
chr2,17525104,17525709,NO,605
chr2,17663124,17663729,NO,605
chr2,17663753,17664283,NO,530
chr2,17774191,17774971,NO,780
chr2,17854471,17855515,NO,1044
chr2,17864618,17865277,NO,659
chr2,17895135,17895973,NO,838
chr2,17904267,17904906,NO,639
chr2,17909788,17910339,NO,551
chr2,17910453,17911418,NO,965
chr2,18467354,18467815,NO,461
chr2,18570966,18571598,NO,632
chr2,18939514,18940240,NO,726
chr2,19222821,19223555,NO,734
chr2,19302418,19303115,NO,697
chr2,19313788,19315018,NO,1230
chr2,20130587,20131593,NO,1006
chr2,20245945,20246486,NO,541
chr2,20366745,20367532,NO,787
chr2,20407546,20408414,NO,868
chr2,20417704,20418661,NO,957
chr2,20470451,20471310,NO,859
chr2,20512026,20512771,NO,745
chr2,20515731,20516296,NO,565
chr2,20516445,20517242,NO,797
chr2,20554143,20554729,NO,586
chr2,20610909,20611652,NO,743
chr2,20644129,20644917,NO,788
chr2,20659052,20660136,NO,1084
chr2,20855728,20856806,NO,1078
chr2,21314058,21315155,NO,1097
chr2,21885493,21886068,NO,575
chr2,21898274,21898880,NO,606
chr2,21966544,21967097,NO,553
chr2,22215940,22216638,NO,698
chr2,22475283,22476034,NO,751
chr2,22747132,22747840,NO,708
chr2,22755629,22756399,NO,770
chr2,22857960,22858758,NO,798
chr2,24297177,24297910,NO,733
chr2,24767571,24768256,NO,685
chr2,24843217,24843799,NO,582
chr2,25910604,25911531,NO,927
chr2,25934772,25935387,NO,615
chr2,26050172,26050633,NO,461
chr2,26050677,26050824,NO,147
chr2,26140772,26141348,NO,576
chr2,26154086,26154967,NO,881
chr2,26198387,26199182,NO,795
chr2,26298047,26298954,NO,907
chr2,26303714,26304190,NO,476
chr2,26356857,26357578,NO,721
chr2,26357832,26358299,NO,467
chr2,26466501,26467117,NO,616
chr2,26682984,26683672,NO,688
chr2,27500118,27500788,NO,670
chr2,27539414,27540392,NO,978
chr2,27647187,27647575,NO,388
chr2,28310789,28311277,NO,488
chr2,28361728,28362481,NO,753
chr2,28364519,28365199,NO,680
chr2,28391046,28391512,NO,466
chr2,28462545,28463378,NO,833
chr2,28763120,28763955,NO,835
chr2,28814592,28815192,NO,600
chr2,28861843,28862589,NO,746
chr2,28931077,28931797,NO,720
chr2,28953031,28953903,NO,872
chr2,28976424,28976978,NO,554
chr2,29007265,29008110,NO,845
chr2,29100520,29101142,NO,622
chr2,29251588,29252276,NO,688
chr2,29310851,29311498,NO,647
chr2,29356155,29356959,NO,804
chr2,29407386,29408023,NO,637
chr2,29484671,29485406,NO,735
chr2,29486862,29487572,NO,710
chr2,29547024,29547725,NO,701
chr2,29584883,29585568,NO,685
chr2,29675439,29676619,NO,1180
chr2,29690717,29691590,NO,873
chr2,29828936,29829539,NO,603
chr2,29917303,29917729,NO,426
chr2,29990414,29991153,NO,739
chr2,30190709,30191481,NO,772
chr2,30592981,30593617,NO,636
chr2,30615391,30616290,NO,899
chr2,30634542,30635190,NO,648
chr2,30898133,30898823,NO,690
chr2,30946411,30947350,NO,939
chr2,31018636,31019956,NO,1320
chr2,31020726,31021389,NO,663
chr2,31357942,31358868,NO,926
chr2,31400520,31401448,NO,928
chr2,31427293,31428087,NO,794
chr2,31447194,31447870,NO,676
chr2,31736153,31736754,NO,601
chr2,31930522,31931318,NO,796
chr2,32716023,32716936,NO,913
chr2,32763530,32764523,NO,993
chr2,32930305,32931016,NO,711
chr2,32980581,32981111,NO,530
chr2,33333723,33334564,NO,841
chr2,33435923,33436642,NO,719
chr2,33437319,33437981,NO,662
chr2,33471880,33472320,NO,440
chr2,33492632,33493379,NO,747
chr2,33521881,33522343,NO,462
chr2,33738008,33739000,NO,992
chr2,34086882,34087509,NO,627
chr2,34254749,34255751,NO,1002
chr2,34425735,34426365,NO,630
chr2,34792611,34793550,NO,939
chr2,35105621,35106099,NO,478
chr2,35696328,35697028,NO,700
chr2,35701168,35701699,NO,531
chr2,35932571,35933273,NO,702
chr2,36053905,36054694,NO,789
chr2,36077569,36078275,NO,706
chr2,37180498,37180954,NO,456
chr2,38196114,38196728,NO,614
chr2,38279861,38280323,NO,462
chr2,38440195,38440706,NO,511
chr2,38524214,38524974,NO,760
chr2,38672804,38673617,NO,813
chr2,38780488,38781118,NO,630
chr2,40766249,40766998,NO,749
chr2,43221163,43221820,NO,657
chr2,43587805,43588404,NO,599
chr2,43952568,43952949,NO,381
chr2,44196514,44197158,NO,644
chr2,44380409,44381525,NO,1116
chr2,44393511,44394350,NO,839
chr2,44423516,44423934,NO,418
chr2,44685156,44685744,NO,588
chr2,44879883,44880713,NO,830
chr2,44959885,44960550,NO,665
chr2,45013762,45014463,NO,701
chr2,45080902,45081527,NO,625
chr2,45591566,45592481,NO,915
chr2,46586067,46586462,NO,395
chr2,47017193,47017656,NO,463
chr2,49219754,49220413,NO,659
chr2,49226962,49227591,NO,629
chr2,49304139,49305084,NO,945
chr2,49329085,49329834,NO,749
chr2,49739538,49739947,NO,409
chr2,50120552,50121420,NO,868
chr2,50835764,50836285,NO,521
chr2,50894125,50894739,NO,614
chr2,50904473,50905941,NO,1468
chr2,50928389,50928864,NO,475
chr2,51587063,51587564,NO,501
chr2,51608570,51609531,NO,961
chr2,51926608,51928267,NO,1659
chr2,52763527,52763995,NO,468
chr2,52774333,52774995,NO,662
chr2,52782461,52783211,NO,750
chr2,54789624,54790219,NO,595
chr2,55062271,55062974,NO,703
chr2,55064733,55065205,NO,472
chr2,57108597,57109445,NO,848
chr2,57439255,57439720,NO,465
chr2,57680534,57681312,NO,778
chr2,58456841,58457887,NO,1046
chr2,58477693,58479499,NO,1806
chr2,58480301,58481097,NO,796
chr2,58481297,58482119,NO,822
chr2,58732133,58732722,NO,589
chr2,58905783,58906285,NO,502
chr2,58906336,58906428,NO,92
chr2,59069407,59070074,NO,667
chr2,59471663,59472643,NO,980
chr2,59618098,59618764,NO,666
chr2,59859186,59859653,NO,467
chr2,59888360,59889350,NO,990
chr2,59918907,59919498,NO,591
chr2,59921089,59922094,NO,1005
chr2,59922809,59923475,NO,666
chr2,59980883,59981549,NO,666
chr2,59982674,59983537,NO,863
chr2,60034713,60035503,NO,790
chr2,60213132,60213569,NO,437
chr2,60222558,60223107,NO,549
chr2,60249124,60249745,NO,621
chr2,60273769,60274611,NO,842
chr2,60510849,60511418,NO,569
chr2,61014721,61015373,NO,652
chr2,61084676,61085236,NO,560
chr2,61103319,61103698,NO,379
chr2,61240887,61241702,NO,815
chr2,61313046,61313506,NO,460
chr2,61512631,61513238,NO,607
chr2,61856101,61856658,NO,557
chr2,62246033,62246887,NO,854
chr2,63765635,63766334,NO,699
chr2,64875447,64876104,NO,657
chr2,65258894,65260076,NO,1182
chr2,65404814,65405723,NO,909
chr2,65679605,65680244,NO,639
chr2,65686348,65686608,NO,260
chr2,65686659,65687302,NO,643
chr2,65879274,65879836,NO,562
chr2,65930539,65931104,NO,565
chr2,65989414,65989913,NO,499
chr2,66277954,66278924,NO,970
chr2,67284562,67285076,NO,514
chr2,67428466,67428830,NO,364
chr2,68072704,68073122,NO,418
chr2,68082543,68083183,NO,640
chr2,68135998,68137018,NO,1020
chr2,68204060,68204719,NO,659
chr2,68223986,68224659,NO,673
chr2,68656876,68657550,NO,674
chr2,68726730,68727275,NO,545
chr2,68749688,68750484,NO,796
chr2,68873371,68874000,NO,629
chr2,68885864,68886510,NO,646
chr2,69060041,69060585,NO,544
chr2,69069138,69069872,NO,734
chr2,69374004,69374635,NO,631
chr2,69382012,69382605,NO,593
chr2,69590491,69591167,NO,676
chr2,69965490,69966192,NO,702
chr2,70116485,70117489,NO,1004
chr2,70397074,70398029,NO,955
chr2,70457097,70457789,NO,692
chr2,70643920,70644523,NO,603
chr2,70789832,70790345,NO,513
chr2,71018479,71019351,NO,872
chr2,71026752,71027406,NO,654
chr2,71080904,71081659,NO,755
chr2,71234412,71235482,NO,1070
chr2,71463128,71463738,NO,610
chr2,71542328,71543042,NO,714
chr2,71556963,71557704,NO,741
chr2,71704256,71705255,NO,999
chr2,71856757,71857478,NO,721
chr2,72345830,72346801,NO,971
chr2,72353674,72354244,NO,570
chr2,72782516,72783110,NO,594
chr2,72823322,72824095,NO,773
chr2,72858704,72859539,NO,835
chr2,72879422,72880331,NO,909
chr2,73086625,73087201,NO,576
chr2,73114063,73114775,NO,712
chr2,73521725,73522311,NO,586
chr2,73911312,73912063,NO,751
chr2,73947965,73948541,NO,576
chr2,73961349,73962110,NO,761
chr2,74048392,74048837,NO,445
chr2,74510422,74510932,NO,510
chr2,74516830,74517341,NO,511
chr2,74731038,74731860,NO,822
chr2,74869898,74870668,NO,770
chr2,74886182,74886676,NO,494
chr2,75520743,75521492,NO,749
chr2,75544463,75545103,NO,640
chr2,75570075,75570479,NO,404
chr2,75711797,75712535,NO,738
chr2,75745418,75745784,NO,366
chr2,75798245,75798952,NO,707
chr2,75844012,75844495,NO,483
chr2,75964756,75965218,NO,462
chr2,76238133,76238918,NO,785
chr2,76279681,76280579,NO,898
chr2,76643116,76643817,NO,701
chr2,76827205,76827740,NO,535
chr2,76849894,76850746,NO,852
chr2,76857188,76857732,NO,544
chr2,76897499,76898178,NO,679
chr2,76953790,76954546,NO,756
chr2,76984758,76985477,NO,719
chr2,77070505,77070962,NO,457
chr2,77175826,77176546,NO,720
chr2,77344459,77345152,NO,693
chr2,77424220,77425441,NO,1221
chr2,77590519,77591003,NO,484
chr2,77591263,77591846,NO,583
chr2,77592794,77593229,NO,435
chr2,78149416,78150057,NO,641
chr2,79218894,79219901,NO,1007
chr2,79269600,79270299,NO,699
chr2,79298028,79298629,NO,601
chr2,79406488,79408068,NO,1580
chr2,79966659,79967205,NO,546
chr2,80024283,80024736,NO,453
chr2,81688510,81689612,NO,1102
chr2,81909115,81909939,NO,824
chr2,83550377,83551134,NO,757
chr2,83558477,83559168,NO,691
chr2,83579154,83579586,NO,432
chr2,83737286,83737687,NO,401
chr2,84358804,84359693,NO,889
chr2,84425792,84426389,NO,597
chr2,84602213,84602966,NO,753
chr2,84677181,84677800,NO,619
chr2,84678100,84679035,NO,935
chr2,85092414,85092814,NO,400
chr2,87355716,87356330,NO,614
chr2,89695667,89696295,NO,628
chr2,90399794,90400364,NO,570
chr2,90548352,90549328,NO,976
chr2,90663031,90663725,NO,694
chr2,91544344,91545050,NO,706
chr2,91546534,91547255,NO,721
chr2,91548064,91548597,NO,533
chr2,91772530,91773198,NO,668
chr2,91983872,91984813,NO,941
chr2,92264205,92265406,NO,1201
chr2,92645842,92646442,NO,600
chr2,93003375,93003716,NO,341
chr2,93625323,93626027,NO,704
chr2,93703387,93703908,NO,521
chr2,93767638,93768633,NO,995
chr2,94103254,94103817,NO,563
chr2,94330018,94330767,NO,749
chr2,94430696,94431131,NO,435
chr2,96155128,96155662,NO,534
chr2,96615547,96616086,NO,539
chr2,99398215,99398912,NO,697
chr2,101562909,101563456,NO,547
chr2,101801371,101801975,NO,604
chr2,101888658,101889126,NO,468
chr2,101961558,101962301,NO,743
chr2,101989151,101989688,NO,537
chr2,102023859,102024282,NO,423
chr2,102243909,102243994,NO,85
chr2,102535448,102536071,NO,623
chr2,102655523,102656245,NO,722
chr2,103026982,103027489,NO,507
chr2,103108744,103109193,NO,449
chr2,103130873,103131598,NO,725
chr2,103150708,103151257,NO,549
chr2,103188076,103188724,NO,648
chr2,103200860,103201473,NO,613
chr2,103632070,103632867,NO,797
chr2,103707863,103708434,NO,571
chr2,103938892,103939697,NO,805
chr2,104211783,104212562,NO,779
chr2,104428555,104429275,NO,720
chr2,104572890,104573501,NO,611
chr2,104657804,104658661,NO,857
chr2,104666149,104666793,NO,644
chr2,104695622,104696627,NO,1005
chr2,104821660,104822143,NO,483
chr2,105237758,105238415,NO,657
chr2,105240668,105241270,NO,602
chr2,105248420,105249007,NO,587
chr2,105451110,105451793,NO,683
chr2,105456300,105457075,NO,775
chr2,105517190,105518355,NO,1165
chr2,105531072,105532097,NO,1025
chr2,106295304,106295795,NO,491
chr2,106305738,106306386,NO,648
chr2,106338353,106339154,NO,801
chr2,106401409,106402234,NO,825
chr2,106463732,106464309,NO,577
chr2,106517447,106518276,NO,829
chr2,106560398,106560854,NO,456
chr2,106590877,106591610,NO,733
chr2,106637827,106638421,NO,594
chr2,106662613,106663364,NO,751
chr2,106696754,106697215,NO,461
chr2,109151290,109152252,NO,962
chr2,109214985,109215468,NO,483
chr2,109418879,109419819,NO,940
chr2,109753059,109753825,NO,766
chr2,109776238,109777102,NO,864
chr2,109782054,109782953,NO,899
chr2,109782978,109784063,NO,1085
chr2,112272395,112272796,NO,401
chr2,112771766,112772541,NO,775
chr2,113647279,113647837,NO,558
chr2,113885673,113886303,NO,630
chr2,114003762,114004516,NO,754
chr2,115345923,115346646,NO,723
chr2,115504469,115504878,NO,409
chr2,115532152,115532754,NO,602
chr2,115548964,115550237,NO,1273
chr2,115698493,115699142,NO,649
chr2,115806827,115807469,NO,642
chr2,115885482,115886413,NO,931
chr2,116225681,116226337,NO,656
chr2,116774091,116774906,NO,815
chr2,116775373,116775429,NO,56
chr2,116775647,116776400,NO,753
chr2,116798070,116798703,NO,633
chr2,116844548,116845134,NO,586
chr2,116945256,116946216,NO,960
chr2,117020012,117020605,NO,593
chr2,118005200,118005782,NO,582
chr2,118171753,118172120,NO,367
chr2,118413162,118413903,NO,741
chr2,118414009,118414171,NO,162
chr2,118445831,118446309,NO,478
chr2,118992398,118992814,NO,416
chr2,119065937,119066618,NO,681
chr2,119147989,119148589,NO,600
chr2,119288621,119290264,NO,1643
chr2,119311995,119312900,NO,905
chr2,119533083,119534025,NO,942
chr2,119556440,119557028,NO,588
chr2,119615493,119616460,NO,967
chr2,119681114,119681992,NO,878
chr2,119682978,119683816,NO,838
chr2,119688191,119689020,NO,829
chr2,120069560,120070347,NO,787
chr2,120339704,120340568,NO,864
chr2,121095895,121096949,NO,1054
chr2,121303040,121303595,NO,555
chr2,121468490,121469403,NO,913
chr2,121628647,121629289,NO,642
chr2,121651773,121652594,NO,821
chr2,121720729,121721538,NO,809
chr2,122159866,122160393,NO,527
chr2,122177590,122178242,NO,652
chr2,122195660,122196747,NO,1087
chr2,123971284,123971763,NO,479
chr2,124230127,124231008,NO,881
chr2,124331658,124332222,NO,564
chr2,124462771,124463287,NO,516
chr2,125313662,125314182,NO,520
chr2,125530520,125531161,NO,641
chr2,125973476,125973812,NO,336
chr2,126377908,126378657,NO,749
chr2,126823728,126824361,NO,633
chr2,126934549,126935163,NO,614
chr2,127121834,127122353,NO,519
chr2,127430596,127431524,NO,928
chr2,127432941,127433707,NO,766
chr2,127540373,127541002,NO,629
chr2,127664828,127665772,NO,944
chr2,127963298,127964013,NO,715
chr2,128037250,128038076,NO,826
chr2,128090872,128091700,NO,828
chr2,128098313,128098905,NO,592
chr2,128199106,128199950,NO,844
chr2,128223475,128223894,NO,419
chr2,128638582,128639150,NO,568
chr2,128668516,128669051,NO,535
chr2,128887217,128888053,NO,836
chr2,128992525,128993197,NO,672
chr2,129003018,129004014,NO,996
chr2,129004097,129004915,NO,818
chr2,129071355,129072476,NO,1121
chr2,129094878,129095378,NO,500
chr2,129412877,129414126,NO,1249
chr2,129521285,129522117,NO,832
chr2,129527923,129528427,NO,504
chr2,129623870,129624690,NO,820
chr2,129625431,129626180,NO,749
chr2,129707233,129708019,NO,786
chr2,130705477,130706157,NO,680
chr2,130784698,130785075,NO,377
chr2,130921630,130922180,NO,550
chr2,131023776,131024528,NO,752
chr2,131058146,131058690,NO,544
chr2,131069463,131070063,NO,600
chr2,131507148,131507560,NO,412
chr2,131591149,131591888,NO,739
chr2,131672977,131673868,NO,891
chr2,131870155,131870777,NO,622
chr2,131958909,131959707,NO,798
chr2,132472743,132473552,NO,809
chr2,132474827,132475493,NO,666
chr2,132527083,132528198,NO,1115
chr2,133104296,133104885,NO,589
chr2,134281785,134282529,NO,744
chr2,134786004,134786739,NO,735
chr2,134898206,134899262,NO,1056
chr2,135370525,135370955,NO,430
chr2,135384774,135385625,NO,851
chr2,135385709,135386380,NO,671
chr2,135440274,135441230,NO,956
chr2,135482132,135482797,NO,665
chr2,135614639,135615148,NO,509
chr2,136200792,136201745,NO,953
chr2,136566988,136567824,NO,836
chr2,136616188,136616738,NO,550
chr2,136923940,136924626,NO,686
chr2,136941798,136942613,NO,815
chr2,137053184,137053591,NO,407
chr2,137381753,137382062,NO,309
chr2,137620511,137621193,NO,682
chr2,138152159,138152682,NO,523
chr2,138163504,138164256,NO,752
chr2,139537376,139537882,NO,506
chr2,139566449,139567088,NO,639
chr2,139903233,139904005,NO,772
chr2,140015331,140015907,NO,576
chr2,140502439,140503025,NO,586
chr2,141080218,141080675,NO,457
chr2,141092248,141093086,NO,838
chr2,141377239,141377808,NO,569
chr2,141820800,141821371,NO,571
chr2,142943010,142943821,NO,811
chr2,142950452,142951107,NO,655
chr2,143429560,143430324,NO,764
chr2,143446507,143447095,NO,588
chr2,143982410,143983580,NO,1170
chr2,144015523,144016075,NO,552
chr2,144152393,144152784,NO,391
chr2,144243716,144244388,NO,672
chr2,144540656,144541538,NO,882
chr2,145614651,145615227,NO,576
chr2,145691884,145692339,NO,455
chr2,145887968,145888918,NO,950
chr2,146041974,146042316,NO,342
chr2,146047241,146047863,NO,622
chr2,146125597,146126377,NO,780
chr2,146127824,146128646,NO,822
chr2,146292226,146292987,NO,761
chr2,146450649,146451407,NO,758
chr2,146456512,146457722,NO,1210
chr2,146486865,146487616,NO,751
chr2,146498348,146499100,NO,752
chr2,146648904,146649744,NO,840
chr2,146659785,146660706,NO,921
chr2,146663189,146663820,NO,631
chr2,146664178,146664982,NO,804
chr2,146741754,146742241,NO,487
chr2,146746312,146747414,NO,1102
chr2,146837021,146837769,NO,748
chr2,146858679,146859357,NO,678
chr2,147015071,147015785,NO,714
chr2,147118368,147119049,NO,681
chr2,147731101,147731848,NO,747
chr2,147794342,147794828,NO,486
chr2,147854853,147855446,NO,593
chr2,148524115,148524818,NO,703
chr2,148700392,148701063,NO,671
chr2,149029606,149030027,NO,421
chr2,149624160,149624992,NO,832
chr2,149765284,149765874,NO,590
chr2,149807837,149808683,NO,846
chr2,149808717,149809545,NO,828
chr2,150482907,150483622,NO,715
chr2,150491220,150491844,NO,624
chr2,150561221,150562082,NO,861
chr2,150781760,150782428,NO,668
chr2,150863293,150863974,NO,681
chr2,151838320,151839104,NO,784
chr2,151854991,151855717,NO,726
chr2,152048814,152049781,NO,967
chr2,152597790,152598397,NO,607
chr2,152932871,152933554,NO,683
chr2,152993680,152994598,NO,918
chr2,152996162,152996966,NO,804
chr2,153172351,153173278,NO,927
chr2,153196477,153197091,NO,614
chr2,153322724,153323397,NO,673
chr2,153395181,153395858,NO,677
chr2,153409984,153410716,NO,732
chr2,153420576,153421186,NO,610
chr2,153447899,153448852,NO,953
chr2,153467302,153468024,NO,722
chr2,153468501,153469325,NO,824
chr2,154163548,154164345,NO,797
chr2,154291587,154292150,NO,563
chr2,154905247,154906205,NO,958
chr2,155047882,155048652,NO,770
chr2,155333342,155333978,NO,636
chr2,155394729,155395559,NO,830
chr2,155563514,155563899,NO,385
chr2,156170646,156171348,NO,702
chr2,156251118,156251931,NO,813
chr2,156275054,156275605,NO,551
chr2,156316137,156316699,NO,562
chr2,156516280,156517105,NO,825
chr2,156620899,156621666,NO,767
chr2,156667667,156668409,NO,742
chr2,156969778,156970400,NO,622
chr2,157011971,157012790,NO,819
chr2,157073707,157074322,NO,615
chr2,157153889,157154878,NO,989
chr2,157201834,157202833,NO,999
chr2,157243952,157244973,NO,1021
chr2,157312385,157312713,NO,328
chr2,157666208,157667033,NO,825
chr2,157674444,157675079,NO,635
chr2,157783376,157784048,NO,672
chr2,157793483,157794288,NO,805
chr2,157978463,157979048,NO,585
chr2,157979379,157980974,NO,1595
chr2,158003231,158003779,NO,548
chr2,158303302,158303931,NO,629
chr2,158382551,158383011,NO,460
chr2,158416883,158417554,NO,671
chr2,158614658,158615457,NO,799
chr2,158838326,158838966,NO,640
chr2,158912386,158913065,NO,679
chr2,158944848,158945661,NO,813
chr2,159060601,159061125,NO,524
chr2,159244016,159244817,NO,801
chr2,159884719,159885409,NO,690
chr2,159936598,159937617,NO,1019
chr2,159938985,159939858,NO,873
chr2,160185865,160186427,NO,562
chr2,160222947,160223618,NO,671
chr2,160297105,160297846,NO,741
chr2,160481681,160482620,NO,939
chr2,160850258,160850871,NO,613
chr2,161022314,161022966,NO,652
chr2,162070438,162070745,NO,307
chr2,162138184,162138878,NO,694
chr2,162484328,162485171,NO,843
chr2,162753625,162754468,NO,843
chr2,163142871,163143487,NO,616
chr2,163288869,163289594,NO,725
chr2,163719788,163720747,NO,959
chr2,163890381,163891019,NO,638
chr2,164243831,164244323,NO,492
chr2,164277250,164277825,NO,575
chr2,164525811,164526716,NO,905
chr2,164649260,164649880,NO,620
chr2,164680558,164681078,NO,520
chr2,164782911,164783673,NO,762
chr2,164891498,164892042,NO,544
chr2,164987554,164988230,NO,676
chr2,165047398,165047940,NO,542
chr2,165453598,165454005,NO,407
chr2,165625656,165626425,NO,769
chr2,165633485,165634297,NO,812
chr2,165635150,165636120,NO,970
chr2,165682802,165683641,NO,839
chr2,165700123,165700725,NO,602
chr2,165703628,165704304,NO,676
chr2,165719928,165720327,NO,399
chr2,165723702,165725066,NO,1364
chr2,165804706,165805337,NO,631
chr2,165806603,165807734,NO,1131
chr2,165826156,165826814,NO,658
chr2,165837481,165838096,NO,615
chr2,165891686,165892605,NO,919
chr2,166019666,166020678,NO,1012
chr2,166084225,166084840,NO,615
chr2,166180836,166181441,NO,605
chr2,166243714,166244351,NO,637
chr2,166348456,166349285,NO,829
chr2,166377294,166378519,NO,1225
chr2,166481585,166482400,NO,815
chr2,166704984,166705501,NO,517
chr2,166884075,166885098,NO,1023
chr2,166897466,166898489,NO,1023
chr2,166970121,166970792,NO,671
chr2,166981293,166982097,NO,804
chr2,167024229,167024995,NO,766
chr2,167073204,167073913,NO,709
chr2,167151911,167152489,NO,578
chr2,167204603,167205390,NO,787
chr2,167248382,167249300,NO,918
chr2,167355489,167356002,NO,513
chr2,167365463,167366175,NO,712
chr2,167950532,167951123,NO,591
chr2,167979755,167980437,NO,682
chr2,168021084,168021847,NO,763
chr2,168039253,168040134,NO,881
chr2,168664093,168664886,NO,793
chr2,168666887,168667592,NO,705
chr2,168784552,168785568,NO,1016
chr2,168993658,168994448,NO,790
chr2,168994601,168995243,NO,642
chr2,169098065,169098486,NO,421
chr2,169114318,169114894,NO,576
chr2,169118641,169119377,NO,736
chr2,169381793,169382249,NO,456
chr2,169553911,169554583,NO,672
chr2,169713499,169714061,NO,562
chr2,169744517,169745176,NO,659
chr2,169990793,169991829,NO,1036
chr2,170018779,170019426,NO,647
chr2,170070937,170071775,NO,838
chr2,170236983,170237666,NO,683
chr2,170376328,170376875,NO,547
chr2,170483037,170483606,NO,569
chr2,170597473,170598359,NO,886
chr2,170601124,170601630,NO,506
chr2,170663516,170664162,NO,646
chr2,171056358,171057427,NO,1069
chr2,171067820,171068415,NO,595
chr2,171086495,171087179,NO,684
chr2,171104361,171105495,NO,1134
chr2,171111147,171111837,NO,690
chr2,171399866,171400255,NO,389
chr2,171572627,171573055,NO,428
chr2,171573141,171573575,NO,434
chr2,171666169,171666883,NO,714
chr2,171704464,171705222,NO,758
chr2,171994125,171994488,NO,363
chr2,172063771,172064202,NO,431
chr2,172341827,172342751,NO,924
chr2,172369684,172370574,NO,890
chr2,172402348,172403509,NO,1161
chr2,172444188,172445111,NO,923
chr2,172536047,172536541,NO,494
chr2,172558933,172559520,NO,587
chr2,173063935,173064633,NO,698
chr2,173072696,173073199,NO,503
chr2,173110148,173110714,NO,566
chr2,173416257,173416763,NO,506
chr2,173583171,173583975,NO,804
chr2,173876620,173877137,NO,517
chr2,174058790,174059492,NO,702
chr2,174082837,174083468,NO,631
chr2,174083616,174084362,NO,746
chr2,174086644,174087567,NO,923
chr2,174113130,174113943,NO,813
chr2,174392139,174392747,NO,608
chr2,174490663,174491317,NO,654
chr2,174737637,174738047,NO,410
chr2,174739219,174739900,NO,681
chr2,174742613,174743335,NO,722
chr2,176913936,176914383,NO,447
chr2,177858221,177858984,NO,763
chr2,178378455,178378997,NO,542
chr2,178565883,178566373,NO,490
chr2,178583059,178583729,NO,670
chr2,178698204,178698712,NO,508
chr2,178826057,178826411,NO,354
chr2,178855826,178856487,NO,661
chr2,179303797,179304218,NO,421
chr2,179501902,179502754,NO,852
chr2,179723682,179724454,NO,772
chr2,180179982,180180707,NO,725
chr2,180192386,180192912,NO,526
chr2,180222840,180223345,NO,505
chr2,180265120,180265643,NO,523
chr2,180443435,180445072,NO,1637
chr2,180462024,180462933,NO,909
chr2,180474958,180475727,NO,769
chr2,180502309,180502958,NO,649
chr2,180640077,180640798,NO,721
chr2,180687447,180688045,NO,598
chr2,180688321,180688955,NO,634
chr2,180862336,180863134,NO,798
chr2,180947699,180948243,NO,544
chr2,180979223,180980098,NO,875
chr2,181056733,181057196,NO,463
chr2,181066976,181067845,NO,869
chr2,181507962,181508744,NO,782
chr2,181653146,181653894,NO,748
chr3,3666581,3667094,NO,513
chr3,3667687,3668213,NO,526
chr3,5307673,5308424,NO,751
chr3,5326543,5327344,NO,801
chr3,6087269,6087741,NO,472
chr3,6173639,6174428,NO,789
chr3,6767877,6768383,NO,506
chr3,7166379,7166985,NO,606
chr3,7366490,7367336,NO,846
chr3,7510046,7510618,NO,572
chr3,7578610,7579281,NO,671
chr3,7579400,7579988,NO,588
chr3,8005508,8006097,NO,589
chr3,8469435,8470121,NO,686
chr3,8509668,8511844,NO,2176
chr3,8963969,8965013,NO,1044
chr3,8988354,8989030,NO,676
chr3,9008384,9009250,NO,866
chr3,9098418,9098931,NO,513
chr3,9101170,9102041,NO,871
chr3,9243943,9244611,NO,668
chr3,9326631,9327088,NO,457
chr3,9347451,9348326,NO,875
chr3,9519654,9520533,NO,879
chr3,9591605,9592379,NO,774
chr3,9610853,9611748,NO,895
chr3,9863888,9864620,NO,732
chr3,10192869,10193383,NO,514
chr3,10353887,10354547,NO,660
chr3,11211149,11211813,NO,664
chr3,11212337,11212961,NO,624
chr3,11563656,11564278,NO,622
chr3,11616356,11616885,NO,529
chr3,12215961,12216510,NO,549
chr3,12328386,12328915,NO,529
chr3,13406890,13407450,NO,560
chr3,13982557,13983050,NO,493
chr3,14478558,14479089,NO,531
chr3,14621235,14621790,NO,555
chr3,14648634,14649210,NO,576
chr3,14863038,14863599,NO,561
chr3,14959483,14960253,NO,770
chr3,14999672,15000470,NO,798
chr3,15000568,15001240,NO,672
chr3,16331358,16331998,NO,640
chr3,16788032,16788492,NO,460
chr3,16841151,16841714,NO,563
chr3,17138235,17138972,NO,737
chr3,17389683,17390182,NO,499
chr3,17687010,17687764,NO,754
chr3,17749826,17750578,NO,752
chr3,18156648,18157119,NO,471
chr3,18239123,18239674,NO,551
chr3,18523768,18524685,NO,917
chr3,18595297,18595945,NO,648
chr3,18596930,18597433,NO,503
chr3,19480894,19481617,NO,723
chr3,19606741,19607279,NO,538
chr3,19643139,19643556,NO,417
chr3,19797116,19797596,NO,480
chr3,19923677,19924350,NO,673
chr3,19957995,19958715,NO,720
chr3,21452642,21453317,NO,675
chr3,21571308,21572001,NO,693
chr3,21626918,21627582,NO,664
chr3,21790827,21791570,NO,743
chr3,21834336,21835378,NO,1042
chr3,21862355,21863079,NO,724
chr3,21932947,21934108,NO,1161
chr3,21936800,21937430,NO,630
chr3,21964172,21965096,NO,924
chr3,21973519,21974434,NO,915
chr3,21975042,21975748,NO,706
chr3,22020603,22021206,NO,603
chr3,22054960,22055937,NO,977
chr3,22889107,22889612,NO,505
chr3,23250264,23250824,NO,560
chr3,23303803,23304327,NO,524
chr3,26819657,26820341,NO,684
chr3,26962204,26962699,NO,495
chr3,26962713,26963405,NO,692
chr3,27089635,27090254,NO,619
chr3,27181819,27182582,NO,763
chr3,27305124,27305961,NO,837
chr3,27389964,27390577,NO,613
chr3,27495431,27496097,NO,666
chr3,27564179,27564908,NO,729
chr3,27602172,27603039,NO,867
chr3,27771162,27771882,NO,720
chr3,27834469,27835173,NO,704
chr3,27835719,27836247,NO,528
chr3,27919045,27919852,NO,807
chr3,27920339,27920923,NO,584
chr3,27936838,27937553,NO,715
chr3,28115913,28116574,NO,661
chr3,28160642,28161130,NO,488
chr3,28168789,28169458,NO,669
chr3,28525644,28526306,NO,662
chr3,28533568,28534166,NO,598
chr3,28535821,28536515,NO,694
chr3,28551348,28552132,NO,784
chr3,28740949,28741794,NO,845
chr3,29034405,29034800,NO,395
chr3,29440415,29440927,NO,512
chr3,29972505,29973165,NO,660
chr3,30181109,30181847,NO,738
chr3,30364941,30365470,NO,529
chr3,30545417,30546168,NO,751
chr3,30547140,30547747,NO,607
chr3,30573265,30573850,NO,585
chr3,30594560,30595191,NO,631
chr3,30622776,30623973,NO,1197
chr3,30744708,30745088,NO,380
chr3,30787824,30788515,NO,691
chr3,30899964,30900781,NO,817
chr3,30903602,30904324,NO,722
chr3,30905681,30906207,NO,526
chr3,30916391,30917089,NO,698
chr3,30988014,30988781,NO,767
chr3,31297796,31298633,NO,837
chr3,32528978,32529697,NO,719
chr3,32657335,32658779,NO,1444
chr3,32661701,32662574,NO,873
chr3,32850017,32850205,NO,188
chr3,33407208,33407544,NO,336
chr3,33772219,33772893,NO,674
chr3,33889182,33890145,NO,963
chr3,33906429,33907121,NO,692
chr3,33934378,33935333,NO,955
chr3,34133382,34133980,NO,598
chr3,34567089,34567956,NO,867
chr3,34685990,34686517,NO,527
chr3,35051813,35052159,NO,346
chr3,35099447,35100058,NO,611
chr3,35231744,35232433,NO,689
chr3,35291633,35292023,NO,390
chr3,35620421,35621307,NO,886
chr3,35622342,35623227,NO,885
chr3,35623993,35624660,NO,667
chr3,35792042,35792569,NO,527
chr3,36404661,36405026,NO,365
chr3,37029192,37029819,NO,627
chr3,37874247,37874781,NO,534
chr3,38467061,38467894,NO,833
chr3,38981273,38981991,NO,718
chr3,39118909,39119470,NO,561
chr3,39217349,39218025,NO,676
chr3,39233730,39234497,NO,767
chr3,39877770,39878241,NO,471
chr3,40020035,40020680,NO,645
chr3,40340159,40340756,NO,597
chr3,40354735,40355413,NO,678
chr3,40903395,40904150,NO,755
chr3,41212370,41213217,NO,847
chr3,41299611,41300448,NO,837
chr3,44408038,44408630,NO,592
chr3,45049286,45049844,NO,558
chr3,45839132,45839872,NO,740
chr3,46674759,46675255,NO,496
chr3,47871471,47872350,NO,879
chr3,47872477,47873164,NO,687
chr3,50686101,50686767,NO,666
chr3,50890468,50891089,NO,621
chr3,50932202,50932981,NO,779
chr3,50939467,50940049,NO,582
chr3,51394181,51394872,NO,691
chr3,51402847,51403410,NO,563
chr3,52057708,52058720,NO,1012
chr3,52204498,52205218,NO,720
chr3,52217005,52217665,NO,660
chr3,52409018,52409765,NO,747
chr3,52906128,52906649,NO,521
chr3,53261382,53262179,NO,797
chr3,53358922,53359382,NO,460
chr3,53365590,53366398,NO,808
chr3,53397546,53398152,NO,606
chr3,53402123,53402992,NO,869
chr3,53453757,53454852,NO,1095
chr3,53672950,53673878,NO,928
chr3,54295387,54296023,NO,636
chr3,54587734,54588323,NO,589
chr3,54785645,54786223,NO,578
chr3,54793596,54794617,NO,1021
chr3,55928778,55929444,NO,666
chr3,56106423,56106993,NO,570
chr3,57274905,57275547,NO,642
chr3,57447030,57447558,NO,528
chr3,57536429,57536949,NO,520
chr3,58340250,58341023,NO,773
chr3,58765065,58765828,NO,763
chr3,59132807,59133282,NO,475
chr3,59282076,59282461,NO,385
chr3,60659497,60660127,NO,630
chr3,61050245,61051031,NO,786
chr3,61599792,61600527,NO,735
chr3,61620504,61621462,NO,958
chr3,62145578,62146250,NO,672
chr3,62742318,62743103,NO,785
chr3,63098862,63099542,NO,680
chr3,63626969,63627534,NO,565
chr3,63646192,63646981,NO,789
chr3,64069604,64070247,NO,643
chr3,64125502,64126270,NO,768
chr3,65279427,65279824,NO,397
chr3,65280954,65281555,NO,601
chr3,65295498,65296195,NO,697
chr3,65339039,65339696,NO,657
chr3,65461052,65461810,NO,758
chr3,65778953,65779767,NO,814
chr3,66491052,66491587,NO,535
chr3,67307480,67308522,NO,1042
chr3,67318163,67318756,NO,593
chr3,67817195,67817777,NO,582
chr3,68049977,68050561,NO,584
chr3,68110407,68110520,NO,113
chr3,68110562,68111170,NO,608
chr3,68240374,68240981,NO,607
chr3,68292001,68292581,NO,580
chr3,68296380,68297089,NO,709
chr3,68368482,68369877,NO,1395
chr3,68623882,68624594,NO,712
chr3,69463567,69464206,NO,639
chr3,69503703,69504347,NO,644
chr3,71371782,71372429,NO,647
chr3,72662400,72663250,NO,850
chr3,73238137,73238841,NO,704
chr3,73376475,73376903,NO,428
chr3,75454549,75455021,NO,472
chr3,75455481,75455984,NO,503
chr3,78843389,78844203,NO,814
chr3,78898406,78898969,NO,563
chr3,78948037,78948588,NO,551
chr3,79022106,79023162,NO,1056
chr3,79125637,79126050,NO,413
chr3,79238797,79239546,NO,749
chr3,79375842,79376337,NO,495
chr3,80767576,80768200,NO,624
chr3,80838336,80839401,NO,1065
chr3,80906018,80906866,NO,848
chr3,81096780,81097340,NO,560
chr3,81713738,81714180,NO,442
chr3,82221963,82222794,NO,831
chr3,82712424,82713031,NO,607
chr3,82719528,82719987,NO,459
chr3,82764471,82764920,NO,449
chr3,82834295,82834903,NO,608
chr3,83386313,83387544,NO,1231
chr3,83389783,83390796,NO,1013
chr3,83783903,83784952,NO,1049
chr3,83797971,83798746,NO,775
chr3,83824381,83825217,NO,836
chr3,83837479,83838289,NO,810
chr3,83985389,83986379,NO,990
chr3,83995057,83996066,NO,1009
chr3,83997680,83998357,NO,677
chr3,84010276,84010994,NO,718
chr3,84088639,84089335,NO,696
chr3,84624646,84625298,NO,652
chr3,84944432,84944855,NO,423
chr3,85141917,85142778,NO,861
chr3,85297506,85298060,NO,554
chr3,85616979,85617818,NO,839
chr3,85636455,85637333,NO,878
chr3,85923345,85923802,NO,457
chr3,85952913,85953587,NO,674
chr3,86496542,86497217,NO,675
chr3,86636503,86637430,NO,927
chr3,86648914,86649662,NO,748
chr3,86656631,86657516,NO,885
chr3,86754422,86755102,NO,680
chr3,86940621,86941199,NO,578
chr3,86997360,86998314,NO,954
chr3,86998495,86999025,NO,530
chr3,87462062,87462896,NO,834
chr3,87777956,87778942,NO,986
chr3,87973323,87974348,NO,1025
chr3,88001647,88002420,NO,773
chr3,88243476,88244153,NO,677
chr3,88450033,88450800,NO,767
chr3,89258497,89259386,NO,889
chr3,89451319,89451950,NO,631
chr3,89626047,89626611,NO,564
chr3,89630098,89631123,NO,1025
chr3,89760018,89760738,NO,720
chr3,89885672,89886444,NO,772
chr3,90250140,90250842,NO,702
chr3,92498284,92499211,NO,927
chr3,92720891,92721397,NO,506
chr3,92966692,92967393,NO,701
chr3,93182062,93182479,NO,417
chr3,93215719,93216312,NO,593
chr3,94110855,94111307,NO,452
chr3,94598187,94598612,NO,425
chr3,94888854,94889454,NO,600
chr3,94965812,94966422,NO,610
chr3,95173863,95174473,NO,610
chr3,95237742,95238552,NO,810
chr3,95505802,95506443,NO,641
chr3,95694960,95695228,NO,268
chr3,96636567,96637407,NO,840
chr3,96963138,96963961,NO,823
chr3,97058725,97059164,NO,439
chr3,97340867,97341404,NO,537
chr3,97344139,97344658,NO,519
chr3,97615040,97615860,NO,820
chr3,99039165,99039510,NO,345
chr3,99999570,100000050,NO,480
chr3,100875282,100875978,NO,696
chr3,100914800,100915619,NO,819
chr3,100957135,100957790,NO,655
chr3,100967017,100967876,NO,859
chr3,101083972,101084793,NO,821
chr3,101131216,101131641,NO,425
chr3,101148569,101149505,NO,936
chr3,101243888,101244723,NO,835
chr3,101436521,101437749,NO,1228
chr3,101518719,101519526,NO,807
chr3,101853095,101853820,NO,725
chr3,101859674,101860343,NO,669
chr3,101887625,101888435,NO,810
chr3,101907606,101908141,NO,535
chr3,101968666,101969335,NO,669
chr3,101993816,101994512,NO,696
chr3,101994579,101995088,NO,509
chr3,102006892,102007402,NO,510
chr3,102159766,102160292,NO,526
chr3,102408944,102409710,NO,766
chr3,102521728,102522265,NO,537
chr3,102907760,102908237,NO,477
chr3,102911534,102912310,NO,776
chr3,102930941,102931790,NO,849
chr3,102949003,102949883,NO,880
chr3,102949943,102950801,NO,858
chr3,103183176,103183896,NO,720
chr3,103486895,103488062,NO,1167
chr3,103654365,103654903,NO,538
chr3,104618028,104618979,NO,951
chr3,104623218,104623683,NO,465
chr3,105221225,105221713,NO,488
chr3,106351238,106351736,NO,498
chr3,106864281,106864854,NO,573
chr3,106902599,106902986,NO,387
chr3,107153628,107154153,NO,525
chr3,107798760,107799338,NO,578
chr3,108029831,108030665,NO,834
chr3,108075058,108075616,NO,558
chr3,108236163,108237080,NO,917
chr3,108391181,108391923,NO,742
chr3,108540463,108541064,NO,601
chr3,108659634,108660323,NO,689
chr3,110896029,110896660,NO,631
chr3,111173945,111174677,NO,732
chr3,111891340,111892035,NO,695
chr3,112042398,112043160,NO,762
chr3,114880648,114881060,NO,412
chr3,115397966,115398692,NO,726
chr3,115547424,115547985,NO,561
chr3,115725430,115725934,NO,504
chr3,116102614,116103174,NO,560
chr3,116245137,116245650,NO,513
chr3,116358806,116359743,NO,937
chr3,116425910,116426354,NO,444
chr3,116563049,116563725,NO,676
chr3,116664178,116664794,NO,616
chr3,116706605,116707111,NO,506
chr3,117013676,117014131,NO,455
chr3,118329019,118329787,NO,768
chr3,118798016,118798846,NO,830
chr3,118830815,118831372,NO,557
chr3,118923773,118924366,NO,593
chr3,119309000,119309594,NO,594
chr3,119647017,119647376,NO,359
chr3,120078815,120079305,NO,490
chr3,120582042,120582939,NO,897
chr3,120616974,120617449,NO,475
chr3,121090398,121090814,NO,416
chr3,121121824,121122736,NO,912
chr3,121245639,121246341,NO,702
chr3,121279771,121280583,NO,812
chr3,121281683,121282314,NO,631
chr3,121323689,121324342,NO,653
chr3,121497027,121497699,NO,672
chr3,121513631,121513714,NO,83
chr3,121697772,121698738,NO,966
chr3,121702605,121703319,NO,714
chr3,121720619,121721482,NO,863
chr3,121848004,121848856,NO,852
chr3,122092860,122093397,NO,537
chr3,122136782,122137600,NO,818
chr3,122174468,122174924,NO,456
chr3,122179150,122179670,NO,520
chr3,122194867,122195318,NO,451
chr3,122773974,122774594,NO,620
chr3,122999054,122999691,NO,637
chr3,124308762,124309628,NO,866
chr3,125265237,125265838,NO,601
chr3,126146132,126146717,NO,585
chr3,126151324,126151969,NO,645
chr3,126152441,126153137,NO,696
chr3,126167127,126167599,NO,472
chr3,126407742,126408285,NO,543
chr3,126668458,126668961,NO,503
chr3,126669465,126670064,NO,599
chr3,126921758,126922357,NO,599
chr3,127003584,127004041,NO,457
chr3,127155894,127156774,NO,880
chr3,127166308,127167528,NO,1220
chr3,127191848,127192400,NO,552
chr3,127233049,127233504,NO,455
chr3,127247235,127248342,NO,1107
chr3,127354907,127355443,NO,536
chr3,127738873,127739410,NO,537
chr3,128834104,128834433,NO,329
chr3,129044005,129044343,NO,338
chr3,129276426,129277050,NO,624
chr3,129296659,129297020,NO,361
chr3,129767261,129768048,NO,787
chr3,130681370,130681942,NO,572
chr3,130787523,130788124,NO,601
chr3,130804950,130805528,NO,578
chr3,130973460,130973878,NO,418
chr3,131290426,131290935,NO,509
chr3,131464437,131464887,NO,450
chr3,132134201,132134670,NO,469
chr3,132540400,132541037,NO,637
chr3,134978780,134979317,NO,537
chr3,134995469,134996202,NO,733
chr3,135099287,135099829,NO,542
chr3,135129301,135129849,NO,548
chr3,135370445,135370816,NO,371
chr3,135778299,135779245,NO,946
chr3,136370628,136371037,NO,409
chr3,137210348,137211116,NO,768
chr3,137284970,137285636,NO,666
chr3,137305575,137306005,NO,430
chr3,137400129,137400737,NO,608
chr3,137442805,137443624,NO,819
chr3,137447094,137448106,NO,1012
chr3,137464386,137465053,NO,667
chr3,137495913,137496857,NO,944
chr3,137704531,137705516,NO,985
chr3,138331162,138331772,NO,610
chr3,138355029,138355964,NO,935
chr3,138393562,138394272,NO,710
chr3,138439083,138439880,NO,797
chr3,138477629,138478795,NO,1166
chr3,138489275,138489845,NO,570
chr3,138693545,138694230,NO,685
chr3,138832269,138832727,NO,458
chr3,139261117,139261688,NO,571
chr3,140637077,140637493,NO,416
chr3,141257911,141258780,NO,869
chr3,141266064,141266307,NO,243
chr3,141511834,141512729,NO,895
chr3,142011729,142012292,NO,563
chr3,142156575,142157097,NO,522
chr3,142312880,142313667,NO,787
chr3,142423276,142423843,NO,567
chr3,143834763,143835232,NO,469
chr3,144075594,144076508,NO,914
chr3,145314200,145314999,NO,799
chr3,145353837,145354177,NO,340
chr3,145702440,145702980,NO,540
chr3,146042752,146043266,NO,514
chr3,146089309,146089857,NO,548
chr3,146135512,146136158,NO,646
chr3,146606122,146606401,NO,279
chr3,146780214,146780516,NO,302
chr3,146844443,146845061,NO,618
chr3,146960833,146961566,NO,733
chr3,147054044,147054476,NO,432
chr3,147128417,147128936,NO,519
chr3,147626446,147627564,NO,1118
chr3,148006204,148006910,NO,706
chr3,148648979,148649734,NO,755
chr3,148869922,148870198,NO,276
chr3,148882542,148883464,NO,922
chr3,148914801,148915603,NO,802
chr3,148980055,148980368,NO,313
chr3,149068669,149069383,NO,714
chr3,149147159,149147867,NO,708
chr3,151894576,151895127,NO,551
chr3,152119133,152119557,NO,424
chr3,152213672,152214373,NO,701
chr3,152923294,152923794,NO,500
chr3,153022819,153023587,NO,768
chr3,153338537,153339347,NO,810
chr3,153600077,153600691,NO,614
chr3,153699333,153699939,NO,606
chr3,153872636,153873397,NO,761
chr3,154044263,154045131,NO,868
chr3,154368729,154369199,NO,470
chr3,154701945,154702678,NO,733
chr3,155862421,155863226,NO,805
chr3,155968176,155968766,NO,590
chr3,156983729,156985553,NO,1824
chr3,157068202,157068671,NO,469
chr3,157584207,157584908,NO,701
chr3,157594489,157595548,NO,1059
chr3,157694803,157695284,NO,481
chr3,159277798,159278557,NO,759
chr4,3746591,3746970,NO,379
chr4,4364679,4365350,NO,671
chr4,4372994,4373415,NO,421
chr4,5419425,5419838,NO,413
chr4,5438580,5439227,NO,647
chr4,5442499,5443156,NO,657
chr4,5575140,5575993,NO,853
chr4,5576586,5577164,NO,578
chr4,6098521,6099112,NO,591
chr4,6380266,6380729,NO,463
chr4,6383150,6383720,NO,570
chr4,6519915,6520618,NO,703
chr4,6645760,6646275,NO,515
chr4,6671151,6671788,NO,637
chr4,6872066,6872687,NO,621
chr4,6895571,6896555,NO,984
chr4,7128931,7129675,NO,744
chr4,7291472,7291927,NO,455
chr4,8020812,8021155,NO,343
chr4,8143512,8144151,NO,639
chr4,8614996,8616011,NO,1015
chr4,8858387,8859134,NO,747
chr4,8861338,8862234,NO,896
chr4,8871101,8871624,NO,523
chr4,8883350,8883869,NO,519
chr4,8958618,8959219,NO,601
chr4,9617058,9617731,NO,673
chr4,10326505,10327337,NO,832
chr4,10859358,10859884,NO,526
chr4,10940912,10941926,NO,1014
chr4,10960137,10961002,NO,865
chr4,11005337,11005975,NO,638
chr4,11049580,11050216,NO,636
chr4,11440242,11440931,NO,689
chr4,11456595,11457003,NO,408
chr4,11472684,11473522,NO,838
chr4,11592460,11593426,NO,966
chr4,12352519,12353045,NO,526
chr4,12589574,12590863,NO,1289
chr4,12697292,12698295,NO,1003
chr4,13023209,13024013,NO,804
chr4,13055260,13055737,NO,477
chr4,13145658,13146416,NO,758
chr4,13492788,13493509,NO,721
chr4,13663317,13663675,NO,358
chr4,13677114,13679150,NO,2036
chr4,13700476,13701378,NO,902
chr4,13708218,13708564,NO,346
chr4,13730921,13731617,NO,696
chr4,13733079,13733894,NO,815
chr4,13780804,13781644,NO,840
chr4,14706394,14706898,NO,504
chr4,14800375,14800864,NO,489
chr4,14833543,14834181,NO,638
chr4,15096358,15096846,NO,488
chr4,16014968,16015941,NO,973
chr4,16022347,16022913,NO,566
chr4,16641793,16642378,NO,585
chr4,16881531,16882170,NO,639
chr4,17019060,17019897,NO,837
chr4,18322263,18323018,NO,755
chr4,19630174,19631009,NO,835
chr4,19949052,19950106,NO,1054
chr4,20704454,20704779,NO,325
chr4,21650023,21650732,NO,709
chr4,21867880,21868421,NO,541
chr4,21974853,21975400,NO,547
chr4,22144323,22144987,NO,664
chr4,22228706,22229231,NO,525
chr4,22760608,22761312,NO,704
chr4,22913196,22913597,NO,401
chr4,23549100,23549911,NO,811
chr4,24364221,24364750,NO,529
chr4,24523009,24523561,NO,552
chr4,25722977,25724009,NO,1032
chr4,25725852,25726500,NO,648
chr4,26280840,26281485,NO,645
chr4,26871664,26872322,NO,658
chr4,27186010,27186850,NO,840
chr4,28227143,28227823,NO,680
chr4,28894340,28895410,NO,1070
chr4,29018669,29019491,NO,822
chr4,29062765,29063485,NO,720
chr4,30939047,30939621,NO,574
chr4,31808004,31808471,NO,467
chr4,32046934,32047476,NO,542
chr4,32193578,32194042,NO,464
chr4,32245258,32245785,NO,527
chr4,32263322,32264063,NO,741
chr4,32283284,32283924,NO,640
chr4,32576005,32576756,NO,751
chr4,33035412,33036247,NO,835
chr4,33036496,33037258,NO,762
chr4,33043410,33043970,NO,560
chr4,33071439,33072448,NO,1009
chr4,33602014,33602142,NO,128
chr4,33910525,33911391,NO,866
chr4,33990804,33991542,NO,738
chr4,33995497,33996325,NO,828
chr4,34068072,34068613,NO,541
chr4,34501938,34502490,NO,552
chr4,34504008,34504578,NO,570
chr4,34505724,34506322,NO,598
chr4,34667517,34668223,NO,706
chr4,34832744,34833418,NO,674
chr4,34953736,34954310,NO,574
chr4,35140037,35140671,NO,634
chr4,35150890,35151320,NO,430
chr4,35152361,35153034,NO,673
chr4,35557971,35558436,NO,465
chr4,36337333,36338058,NO,725
chr4,38318051,38318646,NO,595
chr4,39552018,39552455,NO,437
chr4,39642234,39642886,NO,652
chr4,40180008,40180526,NO,518
chr4,40185254,40186010,NO,756
chr4,40741333,40741799,NO,466
chr4,40803541,40803952,NO,411
chr4,40887307,40887842,NO,535
chr4,41047848,41048517,NO,669
chr4,41205874,41206688,NO,814
chr4,41392839,41393416,NO,577
chr4,42911773,42912258,NO,485
chr4,43227691,43228374,NO,683
chr4,43347556,43348154,NO,598
chr4,43661458,43661812,NO,354
chr4,44041137,44041811,NO,674
chr4,44055845,44056701,NO,856
chr4,44556640,44557162,NO,522
chr4,44561736,44562500,NO,764
chr4,44796467,44797161,NO,694
chr4,44864553,44865242,NO,689
chr4,44918966,44919523,NO,557
chr4,44933542,44934267,NO,725
chr4,45076951,45077471,NO,520
chr4,45121483,45121498,NO,15
chr4,45215967,45216757,NO,790
chr4,45300588,45301293,NO,705
chr4,45420433,45421075,NO,642
chr4,45502813,45503518,NO,705
chr4,45512084,45512727,NO,643
chr4,45534198,45534810,NO,612
chr4,45539672,45540095,NO,423
chr4,45600719,45601835,NO,1116
chr4,45603998,45605388,NO,1390
chr4,45667020,45668835,NO,1815
chr4,45783535,45784828,NO,1293
chr4,45823763,45824454,NO,691
chr4,46198647,46199413,NO,766
chr4,46678038,46678990,NO,952
chr4,47462390,47463010,NO,620
chr4,47737505,47738362,NO,857
chr4,48284676,48285274,NO,598
chr4,48592304,48592977,NO,673
chr4,48637898,48638549,NO,651
chr4,49063486,49063996,NO,510
chr4,50633408,50634204,NO,796
chr4,51641631,51642180,NO,549
chr4,51881583,51882126,NO,543
chr4,52072879,52073486,NO,607
chr4,52427233,52427756,NO,523
chr4,52555760,52556382,NO,622
chr4,52673542,52674124,NO,582
chr4,52956020,52956455,NO,435
chr4,53266659,53267181,NO,522
chr4,53351820,53352516,NO,696
chr4,53352562,53353228,NO,666
chr4,53439972,53440625,NO,653
chr4,53503794,53504713,NO,919
chr4,53646937,53647675,NO,738
chr4,53802001,53802661,NO,660
chr4,53965059,53965840,NO,781
chr4,54084567,54085173,NO,606
chr4,54085579,54086471,NO,892
chr4,54473419,54474141,NO,722
chr4,54622814,54623307,NO,493
chr4,54999795,55000889,NO,1094
chr4,55004719,55005784,NO,1065
chr4,55053254,55054466,NO,1212
chr4,55062878,55063592,NO,714
chr4,55147540,55148138,NO,598
chr4,55221603,55222370,NO,767
chr4,55301348,55301746,NO,398
chr4,55532456,55532935,NO,479
chr4,56869236,56869894,NO,658
chr4,56944873,56945519,NO,646
chr4,57176085,57176679,NO,594
chr4,57191730,57192440,NO,710
chr4,57292028,57292654,NO,626
chr4,57401856,57402223,NO,367
chr4,57502638,57503393,NO,755
chr4,57556365,57557095,NO,730
chr4,57703465,57704281,NO,816
chr4,57778621,57779450,NO,829
chr4,57782789,57783724,NO,935
chr4,57793511,57794443,NO,932
chr4,57854702,57855490,NO,788
chr4,57932572,57933991,NO,1419
chr4,58512079,58512743,NO,664
chr4,58555490,58556022,NO,532
chr4,58733249,58733942,NO,693
chr4,59060077,59060747,NO,670
chr4,59198444,59199036,NO,592
chr4,59286165,59286596,NO,431
chr4,59570826,59571572,NO,746
chr4,59593068,59593702,NO,634
chr4,59908640,59909433,NO,793
chr4,59976512,59977295,NO,783
chr4,61650964,61651623,NO,659
chr4,61684669,61685198,NO,529
chr4,61910183,61910993,NO,810
chr4,61966948,61968550,NO,1602
chr4,61975328,61976285,NO,957
chr4,62205783,62206273,NO,490
chr4,62381788,62382270,NO,482
chr4,63138194,63138810,NO,616
chr4,63672154,63672777,NO,623
chr4,64899494,64900161,NO,667
chr4,64913053,64913790,NO,737
chr4,65491344,65492169,NO,825
chr4,65991446,65992271,NO,825
chr4,66389277,66389872,NO,595
chr4,67788842,67789488,NO,646
chr4,69485350,69485875,NO,525
chr4,69513546,69514114,NO,568
chr4,69553560,69554320,NO,760
chr4,70977494,70978048,NO,554
chr4,71806832,71807719,NO,887
chr4,71828707,71829449,NO,742
chr4,73178129,73179138,NO,1009
chr4,73903676,73904446,NO,770
chr4,73904994,73905912,NO,918
chr4,75631339,75631898,NO,559
chr4,75657718,75658197,NO,479
chr4,75659812,75660889,NO,1077
chr4,75717580,75718136,NO,556
chr4,76895533,76896246,NO,713
chr4,79529943,79530539,NO,596
chr4,80520013,80520803,NO,790
chr4,80557651,80558330,NO,679
chr4,80667671,80668432,NO,761
chr4,80818828,80819456,NO,628
chr4,81097765,81098376,NO,611
chr4,81274240,81274830,NO,590
chr4,81764124,81764519,NO,395
chr4,82013377,82014735,NO,1358
chr4,82027537,82028252,NO,715
chr4,82047159,82047945,NO,786
chr4,82076499,82077492,NO,993
chr4,82082506,82083107,NO,601
chr4,82135728,82136218,NO,490
chr4,82153147,82153495,NO,348
chr4,82157456,82158518,NO,1062
chr4,82180557,82180959,NO,402
chr4,82189132,82189832,NO,700
chr4,82739767,82740296,NO,529
chr4,82831786,82832427,NO,641
chr4,82903118,82903895,NO,777
chr4,82973975,82975055,NO,1080
chr4,82975388,82976812,NO,1424
chr4,83059982,83060620,NO,638
chr4,83084896,83085559,NO,663
chr4,83164867,83165620,NO,753
chr4,83870111,83871021,NO,910
chr4,84172920,84173560,NO,640
chr4,84174006,84174819,NO,813
chr4,84270905,84271406,NO,501
chr4,84307987,84308977,NO,990
chr4,84331622,84332188,NO,566
chr4,84808209,84809105,NO,896
chr4,84854207,84855065,NO,858
chr4,84878858,84879440,NO,582
chr4,85161947,85162464,NO,517
chr4,85465449,85466411,NO,962
chr4,85470146,85470497,NO,351
chr4,85667158,85667584,NO,426
chr4,85708751,85709237,NO,486
chr4,85713629,85714235,NO,606
chr4,85829390,85830328,NO,938
chr4,85887660,85888536,NO,876
chr4,86184826,86185470,NO,644
chr4,86765747,86766181,NO,434
chr4,87074126,87074951,NO,825
chr4,89032591,89033052,NO,461
chr4,90890523,90891022,NO,499
chr4,90970771,90972232,NO,1461
chr4,91065881,91066800,NO,919
chr4,91114399,91115172,NO,773
chr4,93035436,93035974,NO,538
chr4,94340252,94340776,NO,524
chr4,94414849,94415333,NO,484
chr4,94654140,94655021,NO,881
chr4,95351298,95352085,NO,787
chr4,96820091,96820832,NO,741
chr4,98394367,98395329,NO,962
chr4,98413689,98414441,NO,752
chr4,98452942,98453567,NO,625
chr4,98530686,98531425,NO,739
chr4,98758125,98758868,NO,743
chr4,98827855,98828562,NO,707
chr4,99228002,99228738,NO,736
chr4,99302503,99303608,NO,1105
chr4,99308183,99309337,NO,1154
chr4,99336780,99337473,NO,693
chr4,99341751,99342442,NO,691
chr4,99618939,99619709,NO,770
chr4,99769780,99770611,NO,831
chr4,100451625,100452191,NO,566
chr4,100484260,100485056,NO,796
chr4,101223833,101224306,NO,473
chr4,101556219,101556662,NO,443
chr4,101561835,101562504,NO,669
chr4,101907600,101908499,NO,899
chr4,102648907,102649566,NO,659
chr4,103477126,103477685,NO,559
chr4,103511064,103511474,NO,410
chr4,104259732,104260479,NO,747
chr4,104608019,104608379,NO,360
chr4,104761160,104761731,NO,571
chr4,104831497,104832336,NO,839
chr4,104841596,104842867,NO,1271
chr4,104868425,104869271,NO,846
chr4,104896507,104896967,NO,460
chr4,104897702,104898349,NO,647
chr4,104948762,104950022,NO,1260
chr4,105121514,105122179,NO,665
chr4,105132548,105133517,NO,969
chr4,105580747,105581579,NO,832
chr4,106019682,106020074,NO,392
chr4,106120291,106120745,NO,454
chr4,106531939,106532565,NO,626
chr4,106862276,106862703,NO,427
chr4,107035327,107035897,NO,570
chr4,107550428,107550830,NO,402
chr4,107664274,107665035,NO,761
chr4,107764673,107765231,NO,558
chr4,107854698,107855462,NO,764
chr4,107891174,107892129,NO,955
chr4,107974909,107975592,NO,683
chr4,108035575,108035997,NO,422
chr4,108307452,108308161,NO,709
chr4,108331729,108332347,NO,618
chr4,108410803,108411419,NO,616
chr4,108515672,108516321,NO,649
chr4,108573034,108573505,NO,471
chr4,108698817,108699627,NO,810
chr4,108745695,108746387,NO,692
chr4,109435065,109435951,NO,886
chr4,109481572,109482405,NO,833
chr4,109984373,109985506,NO,1133
chr4,110069602,110070245,NO,643
chr4,111010124,111010816,NO,692
chr4,111226065,111226602,NO,537
chr4,111336271,111336757,NO,486
chr4,111355225,111355830,NO,605
chr4,111358497,111359259,NO,762
chr4,111365679,111366310,NO,631
chr4,115230567,115231176,NO,609
chr4,115484858,115485367,NO,509
chr4,115545611,115546267,NO,656
chr4,115550771,115551213,NO,442
chr4,115651892,115652477,NO,585
chr4,115743638,115744295,NO,657
chr4,116397804,116398474,NO,670
chr4,116454500,116455489,NO,989
chr4,116615312,116615880,NO,568
chr4,116735403,116736070,NO,667
chr4,116825141,116825878,NO,737
chr4,116842329,116843243,NO,914
chr4,116924570,116925269,NO,699
chr4,117025548,117026041,NO,493
chr4,117045921,117046959,NO,1038
chr4,117052410,117053043,NO,633
chr4,117085700,117086303,NO,603
chr4,117087677,117088622,NO,945
chr4,117157016,117157846,NO,830
chr4,117253854,117254328,NO,474
chr4,117285276,117286017,NO,741
chr4,118212353,118213114,NO,761
chr4,118359572,118360154,NO,582
chr4,118413481,118414405,NO,924
chr4,118571986,118572576,NO,590
chr4,118698546,118699789,NO,1243
chr4,118759826,118760426,NO,600
chr4,118910530,118911287,NO,757
chr4,118964429,118965089,NO,660
chr4,119076007,119076635,NO,628
chr4,119084446,119084885,NO,439
chr4,119170858,119171363,NO,505
chr4,119184813,119185181,NO,368
chr4,119264917,119265714,NO,797
chr4,119487998,119488754,NO,756
chr4,119831385,119832062,NO,677
chr4,119943603,119944392,NO,789
chr4,120005349,120005898,NO,549
chr4,120060638,120060952,NO,314
chr4,120061681,120062348,NO,667
chr4,120105014,120105785,NO,771
chr4,120283417,120283983,NO,566
chr4,120284750,120285528,NO,778
chr4,120428038,120429152,NO,1114
chr4,120487997,120488752,NO,755
chr4,121329622,121329982,NO,360
chr4,121651203,121651718,NO,515
chr4,121807023,121807598,NO,575
chr4,122514588,122515039,NO,451
chr4,122676422,122676991,NO,569
chr4,123243949,123244445,NO,496
chr4,123332364,123332863,NO,499
chr4,123339951,123340825,NO,874
chr4,123343791,123345251,NO,1460
chr4,123519405,123520162,NO,757
chr4,123712760,123713650,NO,890
chr4,123731286,123732097,NO,811
chr4,123750589,123751360,NO,771
chr4,124037186,124037979,NO,793
chr4,124119039,124119583,NO,544
chr4,124154905,124155644,NO,739
chr4,124162814,124163558,NO,744
chr4,124174547,124175380,NO,833
chr4,124501996,124503296,NO,1300
chr4,124509831,124510655,NO,824
chr4,124811451,124811907,NO,456
chr4,124842024,124842702,NO,678
chr4,124959816,124960599,NO,783
chr4,124990187,124990922,NO,735
chr4,125016173,125016882,NO,709
chr4,125092291,125093207,NO,916
chr4,125162766,125163275,NO,509
chr4,125166011,125166613,NO,602
chr4,125276536,125277459,NO,923
chr4,125286131,125287535,NO,1404
chr4,125406371,125407064,NO,693
chr4,125413961,125414464,NO,503
chr4,125669449,125670081,NO,632
chr4,125779943,125780736,NO,793
chr4,125925596,125926300,NO,704
chr4,126142985,126143622,NO,637
chr4,126480298,126480728,NO,430
chr4,126651771,126652315,NO,544
chr4,126677732,126678306,NO,574
chr4,126741328,126741791,NO,463
chr4,126801236,126802125,NO,889
chr4,126815342,126816262,NO,920
chr4,126901513,126902292,NO,779
chr4,126904245,126905137,NO,892
chr4,127006184,127006972,NO,788
chr4,127021763,127022891,NO,1128
chr4,127719297,127719674,NO,377
chr4,127795193,127795561,NO,368
chr4,128334780,128335398,NO,618
chr4,128405346,128406067,NO,721
chr4,128556315,128556889,NO,574
chr4,128624741,128625410,NO,669
chr4,128908643,128908757,NO,114
chr4,128928832,128929439,NO,607
chr4,128984222,128984895,NO,673
chr4,129050358,129051080,NO,722
chr4,129051813,129052712,NO,899
chr4,129221212,129221953,NO,741
chr4,129427470,129428279,NO,809
chr4,129643546,129643908,NO,362
chr4,129647073,129647966,NO,893
chr4,129779132,129780024,NO,892
chr4,130213352,130214031,NO,679
chr4,130305400,130306115,NO,715
chr4,130681524,130682653,NO,1129
chr4,131502985,131503790,NO,805
chr4,131567423,131567946,NO,523
chr4,131570919,131571773,NO,854
chr4,131574279,131575145,NO,866
chr4,131684708,131685359,NO,651
chr4,131710778,131711623,NO,845
chr4,131737955,131738855,NO,900
chr4,132061470,132062305,NO,835
chr4,132079653,132080908,NO,1255
chr4,132204973,132205746,NO,773
chr4,132305315,132306009,NO,694
chr4,132524264,132524981,NO,717
chr4,132549219,132550016,NO,797
chr4,132596223,132597165,NO,942
chr4,132650133,132650782,NO,649
chr4,132677826,132678810,NO,984
chr4,132739940,132740684,NO,744
chr4,132936336,132937524,NO,1188
chr4,133215542,133216456,NO,914
chr4,133371377,133372545,NO,1168
chr4,133456102,133456878,NO,776
chr4,133511975,133512582,NO,607
chr4,133567462,133568053,NO,591
chr4,134184712,134185446,NO,734
chr4,134285917,134286631,NO,714
chr4,134406960,134407757,NO,797
chr4,134576017,134576599,NO,582
chr4,134784883,134785310,NO,427
chr4,134792929,134793619,NO,690
chr4,134969245,134970067,NO,822
chr4,135103784,135104569,NO,785
chr4,135137211,135138212,NO,1001
chr4,135644767,135645532,NO,765
chr4,135702424,135703370,NO,946
chr4,135801957,135802981,NO,1024
chr4,135847102,135847490,NO,388
chr4,135873252,135874283,NO,1031
chr4,136016956,136017799,NO,843
chr4,136019065,136019978,NO,913
chr4,136149670,136150293,NO,623
chr4,137025750,137026764,NO,1014
chr4,137215279,137215938,NO,659
chr4,137248169,137248741,NO,572
chr4,137561364,137562475,NO,1111
chr4,137805003,137805918,NO,915
chr4,137879059,137879857,NO,798
chr4,137966761,137967382,NO,621
chr4,138152426,138153098,NO,672
chr4,138203932,138204390,NO,458
chr4,138238489,138239275,NO,786
chr4,138244871,138245373,NO,502
chr4,138246285,138246970,NO,685
chr4,138248610,138249793,NO,1183
chr4,138260305,138260875,NO,570
chr4,138349968,138350971,NO,1003
chr4,138788198,138789022,NO,824
chr4,139044017,139044848,NO,831
chr4,139303237,139303907,NO,670
chr4,139323772,139324451,NO,679
chr4,139520165,139520892,NO,727
chr4,139557899,139558402,NO,503
chr4,139658579,139660214,NO,1635
chr4,139962414,139963370,NO,956
chr4,140200327,140201030,NO,703
chr4,140249934,140251467,NO,1533
chr4,140515660,140516266,NO,606
chr4,140671148,140671919,NO,771
chr4,140721507,140722567,NO,1060
chr4,141154043,141155058,NO,1015
chr4,141555224,141555906,NO,682
chr4,141694191,141694863,NO,672
chr4,141784495,141784964,NO,469
chr4,141790632,141791290,NO,658
chr4,142099216,142099714,NO,498
chr4,142294449,142295337,NO,888
chr4,142362809,142363371,NO,562
chr4,142503255,142503790,NO,535
chr4,142590953,142591431,NO,478
chr4,142817827,142818371,NO,544
chr4,142828065,142828846,NO,781
chr4,142852455,142853005,NO,550
chr4,142891686,142892552,NO,866
chr4,142895695,142896659,NO,964
chr4,142925875,142926644,NO,769
chr4,143902619,143903193,NO,574
chr4,144134164,144135113,NO,949
chr4,144414426,144414996,NO,570
chr4,144596017,144596539,NO,522
chr4,144694639,144695232,NO,593
chr4,144861493,144861968,NO,475
chr4,145685693,145686088,NO,395
chr4,145699288,145699977,NO,689
chr4,147407829,147408586,NO,757
chr4,147987562,147988463,NO,901
chr4,148112483,148113665,NO,1182
chr4,148163209,148163982,NO,773
chr4,148287055,148287723,NO,668
chr4,148395043,148395674,NO,631
chr4,148941427,148942225,NO,798
chr4,149172575,149173751,NO,1176
chr4,149215763,149216359,NO,596
chr4,149604905,149605684,NO,779
chr4,149634051,149635272,NO,1221
chr4,149801531,149802166,NO,635
chr4,149820405,149821093,NO,688
chr4,150033882,150034629,NO,747
chr4,150200688,150201369,NO,681
chr4,150342760,150343207,NO,447
chr4,150415590,150416311,NO,721
chr4,151074566,151075253,NO,687
chr4,151373388,151374097,NO,709
chr4,151380678,151381390,NO,712
chr4,151417116,151417695,NO,579
chr4,151559144,151559168,NO,24
chr4,151559244,151559677,NO,433
chr4,151664406,151665150,NO,744
chr4,152136721,152137188,NO,467
chr4,152487550,152488141,NO,591
chr4,152594491,152595094,NO,603
chr4,152596646,152597134,NO,488
chr4,152714833,152715552,NO,719
chr4,152933411,152934196,NO,785
chr4,153007032,153008118,NO,1086
chr4,153137416,153138089,NO,673
chr4,153469755,153470645,NO,890
chr4,153734682,153735574,NO,892
chr4,153820216,153820888,NO,672
chr4,153951582,153952128,NO,546
chr4,153975199,153976014,NO,815
chr4,154048076,154048924,NO,848
chr4,154056244,154057040,NO,796
chr4,154251507,154251871,NO,364
chr4,154282662,154282965,NO,303
chr4,155043894,155044798,NO,904
chr4,155408045,155408814,NO,769
chr4,155562905,155563924,NO,1019
chr5,3293533,3294170,NO,637
chr5,3332919,3333339,NO,420
chr5,3386415,3387387,NO,972
chr5,3394924,3395690,NO,766
chr5,3468145,3468682,NO,537
chr5,3576830,3577497,NO,667
chr5,3578464,3578933,NO,469
chr5,3772039,3772129,NO,90
chr5,3872176,3872873,NO,697
chr5,4303254,4304486,NO,1232
chr5,5165813,5166573,NO,760
chr5,5486361,5486805,NO,444
chr5,5698769,5699506,NO,737
chr5,6517259,6517785,NO,526
chr5,8243238,8243841,NO,603
chr5,8423915,8424874,NO,959
chr5,8544388,8544914,NO,526
chr5,8578414,8578941,NO,527
chr5,9064292,9065051,NO,759
chr5,9228683,9229177,NO,494
chr5,9557560,9558123,NO,563
chr5,9690892,9691256,NO,364
chr5,9705039,9705617,NO,578
chr5,12561516,12562158,NO,642
chr5,12872619,12873553,NO,934
chr5,13673702,13674189,NO,487
chr5,13981875,13983338,NO,1463
chr5,13983597,13984110,NO,513
chr5,14595231,14595788,NO,557
chr5,14689386,14689909,NO,523
chr5,15441471,15442180,NO,709
chr5,15491517,15492169,NO,652
chr5,15851079,15851769,NO,690
chr5,16344753,16345629,NO,876
chr5,16474464,16475107,NO,643
chr5,17316048,17316475,NO,427
chr5,18070866,18071483,NO,617
chr5,18194115,18194893,NO,778
chr5,18660129,18660789,NO,660
chr5,19293169,19293968,NO,799
chr5,19388618,19388922,NO,304
chr5,19610166,19610844,NO,678
chr5,19831038,19831579,NO,541
chr5,19922992,19923600,NO,608
chr5,19974883,19976230,NO,1347
chr5,20015508,20016032,NO,524
chr5,20109306,20110191,NO,885
chr5,20182228,20182999,NO,771
chr5,20184395,20184778,NO,383
chr5,20197870,20198450,NO,580
chr5,20389584,20390410,NO,826
chr5,20436053,20436564,NO,511
chr5,20470194,20470766,NO,572
chr5,20479482,20480275,NO,793
chr5,20750383,20750874,NO,491
chr5,20820782,20821093,NO,311
chr5,21144388,21144924,NO,536
chr5,21157440,21158426,NO,986
chr5,21237845,21238483,NO,638
chr5,21297970,21298414,NO,444
chr5,21331868,21332694,NO,826
chr5,21814682,21815392,NO,710
chr5,22071395,22072017,NO,622
chr5,22078510,22079192,NO,682
chr5,22079965,22080619,NO,654
chr5,22080712,22081073,NO,361
chr5,22171885,22172282,NO,397
chr5,22505736,22506319,NO,583
chr5,22756377,22756994,NO,617
chr5,22906724,22907843,NO,1119
chr5,22913569,22914339,NO,770
chr5,22918773,22919606,NO,833
chr5,23102186,23102786,NO,600
chr5,23629930,23630563,NO,633
chr5,23720228,23720775,NO,547
chr5,23750049,23750657,NO,608
chr5,24190157,24190688,NO,531
chr5,24515415,24516073,NO,658
chr5,24576935,24577374,NO,439
chr5,25038744,25039540,NO,796
chr5,25042113,25042771,NO,658
chr5,25060160,25061210,NO,1050
chr5,25176684,25177471,NO,787
chr5,25181909,25182408,NO,499
chr5,25266891,25267570,NO,679
chr5,26770956,26771591,NO,635
chr5,26997887,26998591,NO,704
chr5,27018575,27019003,NO,428
chr5,27126928,27127447,NO,519
chr5,27259085,27259440,NO,355
chr5,27355105,27355593,NO,488
chr5,27368835,27369369,NO,534
chr5,27569414,27570612,NO,1198
chr5,27582484,27583130,NO,646
chr5,27670052,27670563,NO,511
chr5,27747695,27748304,NO,609
chr5,28140549,28141362,NO,813
chr5,28142021,28142726,NO,705
chr5,28145506,28146406,NO,900
chr5,28502815,28503601,NO,786
chr5,28536208,28537268,NO,1060
chr5,28537806,28538763,NO,957
chr5,28923501,28924052,NO,551
chr5,29525401,29526304,NO,903
chr5,29580322,29581028,NO,706
chr5,29849696,29850273,NO,577
chr5,30039232,30039844,NO,612
chr5,30063886,30064743,NO,857
chr5,30797492,30798166,NO,674
chr5,30913885,30914426,NO,541
chr5,30916314,30917089,NO,775
chr5,31791484,31791998,NO,514
chr5,31794472,31795140,NO,668
chr5,31936774,31937639,NO,865
chr5,32077922,32078385,NO,463
chr5,32106601,32107110,NO,509
chr5,32739905,32740870,NO,965
chr5,32918629,32919653,NO,1024
chr5,33304147,33304720,NO,573
chr5,33377362,33378092,NO,730
chr5,33444956,33445716,NO,760
chr5,33449711,33450141,NO,430
chr5,33741070,33741586,NO,516
chr5,33800805,33801431,NO,626
chr5,33854324,33854830,NO,506
chr5,34047735,34048415,NO,680
chr5,34168561,34169178,NO,617
chr5,34264975,34265927,NO,952
chr5,34552841,34553499,NO,658
chr5,34782201,34783251,NO,1050
chr5,35310942,35311572,NO,630
chr5,35341276,35341770,NO,494
chr5,35447171,35447793,NO,622
chr5,36112819,36114336,NO,1517
chr5,36193874,36194595,NO,721
chr5,36899298,36899908,NO,610
chr5,37188271,37189132,NO,861
chr5,37189306,37189788,NO,482
chr5,37277486,37278068,NO,582
chr5,37293803,37294534,NO,731
chr5,37395455,37396043,NO,588
chr5,37470540,37471253,NO,713
chr5,37479005,37479441,NO,436
chr5,37479515,37480065,NO,550
chr5,38311537,38312268,NO,731
chr5,38358207,38358754,NO,547
chr5,38666789,38667362,NO,573
chr5,38911885,38912526,NO,641
chr5,38944934,38945536,NO,602
chr5,39044119,39044808,NO,689
chr5,39087682,39088520,NO,838
chr5,39089069,39089960,NO,891
chr5,39100341,39100957,NO,616
chr5,39143944,39144499,NO,555
chr5,39802546,39802956,NO,410
chr5,42284445,42285056,NO,611
chr5,42458514,42459096,NO,582
chr5,44193822,44194387,NO,565
chr5,44203721,44204514,NO,793
chr5,44251617,44252374,NO,757
chr5,44260150,44261048,NO,898
chr5,44534796,44535773,NO,977
chr5,45145342,45146164,NO,822
chr5,45886696,45887517,NO,821
chr5,45906343,45906785,NO,442
chr5,46093239,46093706,NO,467
chr5,46396801,46397490,NO,689
chr5,48654509,48655091,NO,582
chr5,49997882,49998584,NO,702
chr5,50513681,50515065,NO,1384
chr5,51561198,51561794,NO,596
chr5,53035495,53036310,NO,815
chr5,53046232,53046557,NO,325
chr5,53391524,53392033,NO,509
chr5,53414801,53415583,NO,782
chr5,53857769,53859125,NO,1356
chr5,53892280,53893025,NO,745
chr5,53966276,53966850,NO,574
chr5,53983387,53983835,NO,448
chr5,54062541,54063200,NO,659
chr5,54102514,54103006,NO,492
chr5,55153993,55154830,NO,837
chr5,56153001,56153476,NO,475
chr5,56182989,56183936,NO,947
chr5,56399063,56399624,NO,561
chr5,56513151,56513977,NO,826
chr5,58124628,58125106,NO,478
chr5,60312834,60313681,NO,847
chr5,60331853,60332788,NO,935
chr5,64321815,64322730,NO,915
chr5,64323703,64324575,NO,872
chr5,64362131,64362846,NO,715
chr5,64439592,64440458,NO,866
chr5,64486701,64487424,NO,723
chr5,64493757,64494650,NO,893
chr5,64508183,64508955,NO,772
chr5,64566044,64566732,NO,688
chr5,64615761,64616319,NO,558
chr5,64821397,64822322,NO,925
chr5,64822672,64823392,NO,720
chr5,64891420,64892157,NO,737
chr5,64970809,64971754,NO,945
chr5,65038454,65039558,NO,1104
chr5,65203049,65203823,NO,774
chr5,65450739,65451444,NO,705
chr5,65454331,65455057,NO,726
chr5,65521902,65522600,NO,698
chr5,65690788,65691242,NO,454
chr5,65832295,65833237,NO,942
chr5,65916596,65917843,NO,1247
chr5,66091258,66091720,NO,462
chr5,66115683,66116416,NO,733
chr5,66153811,66154536,NO,725
chr5,66542614,66543402,NO,788
chr5,66544621,66545335,NO,714
chr5,66605777,66606670,NO,893
chr5,66608262,66608905,NO,643
chr5,66764437,66764872,NO,435
chr5,66798385,66798918,NO,533
chr5,66819221,66819873,NO,652
chr5,66868018,66868633,NO,615
chr5,67111927,67112908,NO,981
chr5,67310612,67310890,NO,278
chr5,67485440,67486016,NO,576
chr5,67529715,67530322,NO,607
chr5,67606438,67607037,NO,599
chr5,67616930,67617348,NO,418
chr5,68024091,68025095,NO,1004
chr5,68240570,68241089,NO,519
chr5,68687000,68687362,NO,362
chr5,69772400,69772851,NO,451
chr5,69880208,69880920,NO,712
chr5,71504686,71505067,NO,381
chr5,72314842,72315433,NO,591
chr5,72546781,72547413,NO,632
chr5,72855814,72856905,NO,1091
chr5,73293191,73294278,NO,1087
chr5,73543225,73544076,NO,851
chr5,73610574,73611549,NO,975
chr5,73621227,73621767,NO,540
chr5,73623223,73623973,NO,750
chr5,73758789,73759789,NO,1000
chr5,73810214,73811007,NO,793
chr5,74083161,74083896,NO,735
chr5,74283457,74284376,NO,919
chr5,74303174,74303534,NO,360
chr5,74752428,74752798,NO,370
chr5,75121488,75122243,NO,755
chr5,75196668,75197203,NO,535
chr5,75209090,75210130,NO,1040
chr5,75348761,75349637,NO,876
chr5,75394770,75395844,NO,1074
chr5,75408583,75409564,NO,981
chr5,75480792,75481767,NO,975
chr5,75747097,75747586,NO,489
chr5,75761546,75762348,NO,802
chr5,75913870,75914795,NO,925
chr5,75933633,75934971,NO,1338
chr5,75972506,75973498,NO,992
chr5,76257953,76258377,NO,424
chr5,76303839,76304357,NO,518
chr5,76714427,76715289,NO,862
chr5,76750170,76751372,NO,1202
chr5,76798260,76799006,NO,746
chr5,76968739,76969517,NO,778
chr5,77339613,77340383,NO,770
chr5,77548574,77549272,NO,698
chr5,77617596,77618190,NO,594
chr5,77683194,77683991,NO,797
chr5,77690759,77691795,NO,1036
chr5,77693779,77694467,NO,688
chr5,77788466,77789263,NO,797
chr5,79642726,79643282,NO,556
chr5,80108116,80108653,NO,537
chr5,80255320,80256070,NO,750
chr5,81788458,81789089,NO,631
chr5,81984905,81985641,NO,736
chr5,82052816,82053391,NO,575
chr5,82082962,82083538,NO,576
chr5,82090739,82091435,NO,696
chr5,84727841,84728230,NO,389
chr5,85330514,85331141,NO,627
chr5,85602785,85603562,NO,777
chr5,86836182,86836782,NO,600
chr5,87215739,87216181,NO,442
chr5,87286627,87287825,NO,1198
chr5,87779266,87779825,NO,559
chr5,87887834,87888305,NO,471
chr5,88201193,88201738,NO,545
chr5,88360435,88360976,NO,541
chr5,88434212,88434779,NO,567
chr5,89062931,89063829,NO,898
chr5,89108097,89108918,NO,821
chr5,89114298,89114909,NO,611
chr5,89964966,89965413,NO,447
chr5,91206676,91207386,NO,710
chr5,92141509,92142597,NO,1088
chr5,92374441,92375059,NO,618
chr5,92541187,92542287,NO,1100
chr5,92687797,92688223,NO,426
chr5,92926941,92927914,NO,973
chr5,92932919,92933665,NO,746
chr5,92999054,92999575,NO,521
chr5,93096599,93097335,NO,736
chr5,93112043,93112714,NO,671
chr5,93226938,93227576,NO,638
chr5,93322548,93323285,NO,737
chr5,93415658,93416370,NO,712
chr5,93555356,93556550,NO,1194
chr5,96429167,96429878,NO,711
chr5,96468476,96469018,NO,542
chr5,96737557,96738475,NO,918
chr5,96986902,96987471,NO,569
chr5,97159362,97159827,NO,465
chr5,97192138,97192633,NO,495
chr5,97276985,97277521,NO,536
chr5,97393454,97394048,NO,594
chr5,97401642,97402376,NO,734
chr5,97409175,97409958,NO,783
chr5,97445126,97445759,NO,633
chr5,97518930,97519542,NO,612
chr5,97632421,97633274,NO,853
chr5,97647422,97648536,NO,1114
chr5,97655070,97656102,NO,1032
chr5,97656334,97657021,NO,687
chr5,97839619,97840002,NO,383
chr5,98268236,98268870,NO,634
chr5,98867515,98868224,NO,709
chr5,98995726,98996168,NO,442
chr5,99350553,99351291,NO,738
chr5,99871407,99871996,NO,589
chr5,99981374,99982236,NO,862
chr5,100166882,100167435,NO,553
chr5,100259293,100259716,NO,423
chr5,100370850,100371511,NO,661
chr5,100388033,100388846,NO,813
chr5,100472593,100473735,NO,1142
chr5,100766931,100767406,NO,475
chr5,100771819,100772646,NO,827
chr5,100896059,100896978,NO,919
chr5,101101211,101101831,NO,620
chr5,101765347,101765791,NO,444
chr5,101860494,101860855,NO,361
chr5,101950067,101950550,NO,483
chr5,101966709,101967660,NO,951
chr5,102142012,102142978,NO,966
chr5,102196272,102196925,NO,653
chr5,102276564,102277506,NO,942
chr5,102443267,102443670,NO,403
chr5,102464883,102465736,NO,853
chr5,102484082,102485083,NO,1001
chr5,102798425,102798978,NO,553
chr5,103334276,103334936,NO,660
chr5,103590293,103591000,NO,707
chr5,103847896,103848433,NO,537
chr5,104152917,104154553,NO,1636
chr5,104164415,104165286,NO,871
chr5,104242130,104242894,NO,764
chr5,104327098,104327861,NO,763
chr5,104431584,104432528,NO,944
chr5,104501311,104501892,NO,581
chr5,104537481,104538648,NO,1167
chr5,104862866,104863829,NO,963
chr5,104871671,104872330,NO,659
chr5,105157476,105158091,NO,615
chr5,105927308,105927959,NO,651
chr5,105974144,105974749,NO,605
chr5,106110907,106111509,NO,602
chr5,106179365,106179803,NO,438
chr5,106725681,106726504,NO,823
chr5,106809843,106810460,NO,617
chr5,107538984,107539710,NO,726
chr5,108464299,108465326,NO,1027
chr5,108479348,108480108,NO,760
chr5,108480995,108481785,NO,790
chr5,108505493,108506760,NO,1267
chr5,108526445,108527292,NO,847
chr5,108533105,108533624,NO,519
chr5,108732359,108732782,NO,423
chr5,108947448,108948449,NO,1001
chr5,109097366,109098181,NO,815
chr5,109525452,109525916,NO,464
chr5,110147264,110147711,NO,447
chr5,110298095,110298575,NO,480
chr5,110527885,110528617,NO,732
chr5,110656201,110657250,NO,1049
chr5,110657705,110658296,NO,591
chr5,110713349,110713930,NO,581
chr5,110845740,110846362,NO,622
chr5,110866380,110867391,NO,1011
chr5,110897904,110899242,NO,1338
chr5,110998264,110999080,NO,816
chr5,111001633,111002214,NO,581
chr5,111232926,111233603,NO,677
chr5,111234983,111236161,NO,1178
chr5,111306460,111307534,NO,1074
chr5,111473221,111473695,NO,474
chr5,111599145,111599886,NO,741
chr5,112234960,112235805,NO,845
chr5,112236894,112237494,NO,600
chr5,112265456,112266256,NO,800
chr5,112430537,112431360,NO,823
chr5,112938850,112939262,NO,412
chr5,113251319,113251986,NO,667
chr5,113628056,113628516,NO,460
chr5,113822573,113823231,NO,658
chr5,113849339,113850169,NO,830
chr5,113915656,113916217,NO,561
chr5,114046499,114047747,NO,1248
chr5,114322878,114323743,NO,865
chr5,114422423,114423428,NO,1005
chr5,114622977,114623299,NO,322
chr5,114725389,114725938,NO,549
chr5,114749401,114750122,NO,721
chr5,114963671,114964570,NO,899
chr5,114965865,114966647,NO,782
chr5,114991578,114992504,NO,926
chr5,115021009,115022171,NO,1162
chr5,115251078,115252282,NO,1204
chr5,115477374,115478249,NO,875
chr5,115721625,115722390,NO,765
chr5,115750818,115751483,NO,665
chr5,115767181,115768196,NO,1015
chr5,115823694,115824427,NO,733
chr5,115854131,115855000,NO,869
chr5,115886385,115887038,NO,653
chr5,115894216,115894671,NO,455
chr5,115929383,115929949,NO,566
chr5,116502615,116503489,NO,874
chr5,116739839,116740353,NO,514
chr5,116887910,116888782,NO,872
chr5,116890236,116891018,NO,782
chr5,116899455,116899709,NO,254
chr5,117207903,117208529,NO,626
chr5,117232142,117232599,NO,457
chr5,117239734,117241067,NO,1333
chr5,117627843,117628560,NO,717
chr5,117764474,117765420,NO,946
chr5,117846524,117847198,NO,674
chr5,118801078,118801917,NO,839
chr5,118803484,118804104,NO,620
chr5,118830673,118831643,NO,970
chr5,119137063,119137508,NO,445
chr5,119265725,119266375,NO,650
chr5,119505240,119506117,NO,877
chr5,119759884,119760647,NO,763
chr5,119824646,119825476,NO,830
chr5,120107210,120107958,NO,748
chr5,120772347,120773210,NO,863
chr5,121283672,121284454,NO,782
chr5,121986673,121987642,NO,969
chr5,121990034,121990552,NO,518
chr5,122220166,122220595,NO,429
chr5,122256710,122257202,NO,492
chr5,122598016,122598676,NO,660
chr5,122640378,122640869,NO,491
chr5,122641308,122641971,NO,663
chr5,122724474,122725358,NO,884
chr5,122744128,122744914,NO,786
chr5,122793338,122794092,NO,754
chr5,122902806,122903767,NO,961
chr5,122918382,122919020,NO,638
chr5,122963670,122964486,NO,816
chr5,123232130,123232521,NO,391
chr5,123540599,123540886,NO,287
chr5,123607764,123608595,NO,831
chr5,123825581,123826534,NO,953
chr5,123840532,123840817,NO,285
chr5,124626607,124627495,NO,888
chr5,125403033,125403958,NO,925
chr5,125539384,125540152,NO,768
chr5,125634429,125635099,NO,670
chr5,125646119,125646823,NO,704
chr5,125675292,125676144,NO,852
chr5,126026479,126027195,NO,716
chr5,126030239,126031045,NO,806
chr5,126139362,126140044,NO,682
chr5,126559635,126560063,NO,428
chr5,126711128,126711598,NO,470
chr5,126818056,126818685,NO,629
chr5,127103444,127104017,NO,573
chr5,127110058,127110522,NO,464
chr5,127218017,127218578,NO,561
chr5,127235376,127235952,NO,576
chr5,127249523,127250045,NO,522
chr5,127819218,127819865,NO,647
chr5,128103516,128103953,NO,437
chr5,128140603,128141074,NO,471
chr5,128150518,128150812,NO,294
chr5,128168734,128169816,NO,1082
chr5,128713452,128714023,NO,571
chr5,128988705,128989301,NO,596
chr5,129105766,129106827,NO,1061
chr5,129108962,129110009,NO,1047
chr5,129459327,129459946,NO,619
chr5,129535006,129535503,NO,497
chr5,129660903,129662479,NO,1576
chr5,129747952,129748861,NO,909
chr5,129775479,129776702,NO,1223
chr5,129787802,129788614,NO,812
chr5,129981267,129981965,NO,698
chr5,130216498,130217009,NO,511
chr5,130234026,130234832,NO,806
chr5,130363609,130364562,NO,953
chr5,130662388,130663323,NO,935
chr5,130674176,130674965,NO,789
chr5,131524251,131524889,NO,638
chr5,131569814,131570494,NO,680
chr5,131570523,131571171,NO,648
chr5,131571474,131571874,NO,400
chr5,131652974,131653711,NO,737
chr5,131914227,131915033,NO,806
chr5,131924857,131925516,NO,659
chr5,131966343,131967609,NO,1266
chr5,131995470,131995790,NO,320
chr5,132002552,132003244,NO,692
chr5,132007288,132008237,NO,949
chr5,132039367,132040336,NO,969
chr5,132071514,132071981,NO,467
chr5,132325459,132325946,NO,487
chr5,132770171,132770692,NO,521
chr5,132953288,132953926,NO,638
chr5,132985172,132985615,NO,443
chr5,133002080,133002888,NO,808
chr5,133087770,133088278,NO,508
chr5,133204472,133205148,NO,676
chr5,134107593,134108190,NO,597
chr5,134151206,134152038,NO,832
chr5,134188423,134189219,NO,796
chr5,134194130,134194976,NO,846
chr5,134219789,134220545,NO,756
chr5,134459152,134459852,NO,700
chr5,134654188,134654880,NO,692
chr5,134752994,134753682,NO,688
chr5,134808361,134809402,NO,1041
chr5,134815902,134816642,NO,740
chr5,135312316,135312836,NO,520
chr5,135402290,135403027,NO,737
chr5,135446294,135447000,NO,706
chr5,135476827,135477544,NO,717
chr5,135968786,135969565,NO,779
chr5,136105127,136105914,NO,787
chr5,136119172,136119873,NO,701
chr5,136132829,136133751,NO,922
chr5,136270205,136270922,NO,717
chr5,136410740,136412181,NO,1441
chr5,136577572,136578437,NO,865
chr5,136655220,136656018,NO,798
chr5,136871558,136872303,NO,745
chr5,137057833,137058534,NO,701
chr5,137219742,137220163,NO,421
chr5,137255439,137256480,NO,1041
chr5,137747012,137747785,NO,773
chr5,137778171,137778873,NO,702
chr5,137792787,137793553,NO,766
chr5,138375013,138375702,NO,689
chr5,138531655,138532586,NO,931
chr5,139416474,139417016,NO,542
chr5,139450862,139451608,NO,746
chr5,139467468,139468182,NO,714
chr5,139472289,139473009,NO,720
chr5,139643193,139644079,NO,886
chr5,139675717,139676582,NO,865
chr5,139734064,139734931,NO,867
chr5,139801265,139802130,NO,865
chr5,140420408,140421181,NO,773
chr5,140422027,140422584,NO,557
chr5,140492788,140493314,NO,526
chr5,140544248,140545019,NO,771
chr5,140650046,140650654,NO,608
chr5,140693879,140694440,NO,561
chr5,140842263,140842770,NO,507
chr5,141059800,141060301,NO,501
chr5,141087076,141088486,NO,1410
chr5,141291042,141291660,NO,618
chr5,141869643,141870352,NO,709
chr5,142313345,142313827,NO,482
chr5,142463118,142463769,NO,651
chr5,142605628,142606491,NO,863
chr5,142828256,142828609,NO,353
chr5,142886262,142886955,NO,693
chr5,142915991,142916859,NO,868
chr5,142976735,142977294,NO,559
chr5,143022054,143022936,NO,882
chr5,143025612,143026313,NO,701
chr5,143037066,143037530,NO,464
chr5,143143605,143144593,NO,988
chr5,143543892,143544993,NO,1101
chr5,143560794,143561448,NO,654
chr5,143562108,143562944,NO,836
chr5,143567641,143568315,NO,674
chr5,143579085,143579912,NO,827
chr5,143718476,143719226,NO,750
chr5,143819844,143820575,NO,731
chr5,143884261,143884908,NO,647
chr5,144275627,144276290,NO,663
chr5,144529072,144529826,NO,754
chr5,144847238,144847813,NO,575
chr5,145112050,145112481,NO,431
chr5,145213480,145214141,NO,661
chr5,145240313,145241106,NO,793
chr5,145266995,145267500,NO,505
chr5,145270134,145270751,NO,617
chr5,145304978,145305744,NO,766
chr5,145326700,145327238,NO,538
chr5,145485857,145486291,NO,434
chr5,145978495,145979041,NO,546
chr5,146718484,146719057,NO,573
chr5,147215225,147216013,NO,788
chr5,147419755,147420512,NO,757
chr5,147421009,147421626,NO,617
chr5,147673104,147673790,NO,686
chr5,147704429,147704991,NO,562
chr5,147783501,147784312,NO,811
chr5,147966720,147967610,NO,890
chr5,147999841,148000351,NO,510
chr5,148016251,148016767,NO,516
chr5,148115616,148116354,NO,738
chr5,148561217,148562018,NO,801
chr5,148572589,148574225,NO,1636
chr5,148575631,148576036,NO,405
chr5,148635461,148636101,NO,640
chr5,148681624,148682378,NO,754
chr5,148987213,148987851,NO,638
chr5,149278300,149279189,NO,889
chr5,149350152,149350672,NO,520
chr5,149360755,149361518,NO,763
chr5,149361893,149362682,NO,789
chr5,149377083,149377711,NO,628
chr5,149513304,149514021,NO,717
chr5,149556262,149556865,NO,603
chr5,150014982,150015739,NO,757
chr5,150353269,150353661,NO,392
chr5,150398867,150399319,NO,452
chr5,150451021,150451650,NO,629
chr5,150456942,150457544,NO,602
chr5,150632930,150633732,NO,802
chr5,150767169,150767544,NO,375
chr5,151078456,151078877,NO,421
chr5,151547311,151547973,NO,662
chr5,151693660,151694218,NO,558
chr5,151696647,151697201,NO,554
chr5,151847163,151847879,NO,716
chr5,152021071,152021676,NO,605
chr5,152211900,152212278,NO,378
chr6,3494909,3495287,NO,378
chr6,4068502,4069127,NO,625
chr6,4395913,4396497,NO,584
chr6,4627241,4628071,NO,830
chr6,4634705,4635502,NO,797
chr6,4688581,4689269,NO,688
chr6,4689540,4690335,NO,795
chr6,4865080,4865675,NO,595
chr6,4929900,4930613,NO,713
chr6,4968989,4969908,NO,919
chr6,4976651,4977377,NO,726
chr6,4983040,4983687,NO,647
chr6,5069086,5069827,NO,741
chr6,5392633,5393155,NO,522
chr6,5432234,5432841,NO,607
chr6,5466687,5467363,NO,676
chr6,5704967,5705562,NO,595
chr6,5706681,5707447,NO,766
chr6,6019728,6020691,NO,963
chr6,6090148,6090938,NO,790
chr6,6091695,6092471,NO,776
chr6,6775278,6775705,NO,427
chr6,7644080,7644981,NO,901
chr6,7656736,7657280,NO,544
chr6,7662639,7663321,NO,682
chr6,7702678,7703521,NO,843
chr6,7772595,7773700,NO,1105
chr6,7918744,7919281,NO,537
chr6,8068835,8069630,NO,795
chr6,8318139,8318719,NO,580
chr6,8417779,8418346,NO,567
chr6,8611370,8612153,NO,783
chr6,8906686,8907313,NO,627
chr6,8978392,8979192,NO,800
chr6,10894359,10894793,NO,434
chr6,12500175,12500710,NO,535
chr6,12500978,12501660,NO,682
chr6,12765024,12765985,NO,961
chr6,12784830,12785615,NO,785
chr6,12826713,12827373,NO,660
chr6,13046888,13047573,NO,685
chr6,13607885,13608514,NO,629
chr6,13697795,13698780,NO,985
chr6,15277371,15277699,NO,328
chr6,15664027,15664459,NO,432
chr6,15693081,15693678,NO,597
chr6,15706115,15706669,NO,554
chr6,16312086,16312482,NO,396
chr6,16464109,16464630,NO,521
chr6,16474073,16474498,NO,425
chr6,16883249,16883632,NO,383
chr6,17404709,17405249,NO,540
chr6,17580177,17580445,NO,268
chr6,18173530,18174069,NO,539
chr6,18174961,18175604,NO,643
chr6,18435025,18435688,NO,663
chr6,20570372,20571083,NO,711
chr6,20637071,20637577,NO,506
chr6,21275139,21275894,NO,755
chr6,21935907,21936681,NO,774
chr6,22066581,22067126,NO,545
chr6,22297010,22297692,NO,682
chr6,22872742,22873358,NO,616
chr6,23196544,23196925,NO,381
chr6,23305941,23306656,NO,715
chr6,23336569,23337087,NO,518
chr6,23360228,23361188,NO,960
chr6,23779708,23780239,NO,531
chr6,23873543,23874341,NO,798
chr6,24982898,24983633,NO,735
chr6,25257312,25257980,NO,668
chr6,26251488,26251970,NO,482
chr6,26434284,26434811,NO,527
chr6,28674347,28674917,NO,570
chr6,28698184,28698801,NO,617
chr6,28710627,28711245,NO,618
chr6,28712257,28712949,NO,692
chr6,28810009,28810746,NO,737
chr6,28966940,28967732,NO,792
chr6,29244462,29245094,NO,632
chr6,29581542,29582441,NO,899
chr6,29582521,29583386,NO,865
chr6,29738680,29739182,NO,502
chr6,29789349,29789927,NO,578
chr6,29800691,29801160,NO,469
chr6,29978147,29979067,NO,920
chr6,30033058,30033632,NO,574
chr6,30074804,30075386,NO,582
chr6,30109355,30110097,NO,742
chr6,30186584,30187144,NO,560
chr6,30222067,30223055,NO,988
chr6,30551008,30551623,NO,615
chr6,31177188,31178015,NO,827
chr6,31320889,31321488,NO,599
chr6,31510017,31510974,NO,957
chr6,31592564,31593085,NO,521
chr6,31657177,31657892,NO,715
chr6,31771557,31772223,NO,666
chr6,31897899,31898788,NO,889
chr6,32152598,32153191,NO,593
chr6,32176696,32177245,NO,549
chr6,32230660,32231149,NO,489
chr6,32505199,32505604,NO,405
chr6,32656286,32657093,NO,807
chr6,32737139,32738003,NO,864
chr6,32747257,32748095,NO,838
chr6,32786617,32787398,NO,781
chr6,32787454,32788263,NO,809
chr6,32958303,32958898,NO,595
chr6,33217553,33218088,NO,535
chr6,33276592,33277299,NO,707
chr6,33719699,33720512,NO,813
chr6,34137211,34138245,NO,1034
chr6,34141278,34141909,NO,631
chr6,34293972,34294841,NO,869
chr6,34808665,34809231,NO,566
chr6,34850961,34851550,NO,589
chr6,34891282,34892154,NO,872
chr6,35024940,35025533,NO,593
chr6,35186011,35186683,NO,672
chr6,35304700,35305170,NO,470
chr6,35766171,35766725,NO,554
chr6,37286734,37287272,NO,538
chr6,37384202,37384983,NO,781
chr6,37385902,37386490,NO,588
chr6,37607916,37608734,NO,818
chr6,37638668,37639264,NO,596
chr6,37639563,37640329,NO,766
chr6,37679001,37679649,NO,648
chr6,37717391,37718289,NO,898
chr6,37775541,37776351,NO,810
chr6,37807197,37808186,NO,989
chr6,37839236,37839685,NO,449
chr6,38033012,38033948,NO,936
chr6,38242963,38243836,NO,873
chr6,38283378,38283929,NO,551
chr6,38304988,38305827,NO,839
chr6,38307576,38308484,NO,908
chr6,38308631,38309169,NO,538
chr6,38680335,38681089,NO,754
chr6,38865032,38865741,NO,709
chr6,39081223,39082083,NO,860
chr6,39082407,39082934,NO,527
chr6,39350125,39350958,NO,833
chr6,39655521,39656114,NO,593
chr6,39940786,39941681,NO,895
chr6,39965505,39966103,NO,598
chr6,39982830,39983387,NO,557
chr6,40019616,40020141,NO,525
chr6,40038985,40039761,NO,776
chr6,40283359,40284166,NO,807
chr6,40299968,40300677,NO,709
chr6,40980269,40980684,NO,415
chr6,41047545,41048267,NO,722
chr6,41097286,41098085,NO,799
chr6,41515077,41515838,NO,761
chr6,42205849,42206459,NO,610
chr6,42330608,42331291,NO,683
chr6,42665062,42665639,NO,577
chr6,43122975,43123581,NO,606
chr6,46031445,46031989,NO,544
chr6,46155390,46155967,NO,577
chr6,47164614,47165032,NO,418
chr6,47290526,47291122,NO,596
chr6,47551887,47552189,NO,302
chr6,47558154,47558914,NO,760
chr6,48443185,48443934,NO,749
chr6,48969038,48969886,NO,848
chr6,49034138,49034809,NO,671
chr6,49048794,49049600,NO,806
chr6,49222831,49223358,NO,527
chr6,50066065,50066873,NO,808
chr6,50073931,50074818,NO,887
chr6,50209997,50210610,NO,613
chr6,50268647,50269264,NO,617
chr6,50372827,50373932,NO,1105
chr6,50379266,50379874,NO,608
chr6,50668502,50669079,NO,577
chr6,50695149,50695609,NO,460
chr6,51483276,51483793,NO,517
chr6,51494064,51494780,NO,716
chr6,51657941,51658479,NO,538
chr6,51897644,51898137,NO,493
chr6,51956055,51956908,NO,853
chr6,51962580,51963851,NO,1271
chr6,52028395,52029488,NO,1093
chr6,52054985,52055577,NO,592
chr6,52055816,52056571,NO,755
chr6,52103875,52104482,NO,607
chr6,52264494,52265140,NO,646
chr6,52389972,52390660,NO,688
chr6,52421815,52422562,NO,747
chr6,52548008,52548684,NO,676
chr6,52772503,52773201,NO,698
chr6,52967512,52968295,NO,783
chr6,52970899,52971357,NO,458
chr6,53151132,53151835,NO,703
chr6,53513718,53514330,NO,612
chr6,53857821,53858587,NO,766
chr6,53875147,53875809,NO,662
chr6,53965903,53966352,NO,449
chr6,54034077,54034598,NO,521
chr6,54046007,54047623,NO,1616
chr6,54055312,54055995,NO,683
chr6,54091243,54091859,NO,616
chr6,54658461,54659204,NO,743
chr6,54710026,54710598,NO,572
chr6,54799321,54800135,NO,814
chr6,54802600,54803352,NO,752
chr6,54804606,54805470,NO,864
chr6,54914440,54915345,NO,905
chr6,55109099,55109850,NO,751
chr6,55416141,55416667,NO,526
chr6,55741512,55742827,NO,1315
chr6,56242166,56242660,NO,494
chr6,56636302,56637056,NO,754
chr6,59118867,59119393,NO,526
chr6,60167857,60168147,NO,290
chr6,60313916,60314319,NO,403
chr6,60358989,60359496,NO,507
chr6,60359971,60360959,NO,988
chr6,60451398,60452055,NO,657
chr6,60592089,60592703,NO,614
chr6,60597090,60597889,NO,799
chr6,60944082,60944535,NO,453
chr6,61030474,61031186,NO,712
chr6,61213210,61213816,NO,606
chr6,61380872,61382038,NO,1166
chr6,63078680,63079388,NO,708
chr6,64598177,64598602,NO,425
chr6,64602139,64602633,NO,494
chr6,64678634,64679343,NO,709
chr6,65010889,65011423,NO,534
chr6,65220602,65221317,NO,715
chr6,65546752,65547660,NO,908
chr6,65714415,65715041,NO,626
chr6,65746069,65746962,NO,893
chr6,65747175,65747874,NO,699
chr6,65883006,65883641,NO,635
chr6,66295365,66295817,NO,452
chr6,66407998,66408726,NO,728
chr6,66980137,66981045,NO,908
chr6,67118221,67119275,NO,1054
chr6,67186472,67187076,NO,604
chr6,67187789,67188552,NO,763
chr6,67737149,67737881,NO,732
chr6,68763282,68763719,NO,437
chr6,68802670,68803277,NO,607
chr6,69466182,69466523,NO,341
chr6,70849451,70849765,NO,314
chr6,70913762,70914808,NO,1046
chr6,70930954,70931478,NO,524
chr6,71045818,71046650,NO,832
chr6,71148293,71148795,NO,502
chr6,71172188,71172678,NO,490
chr6,71558877,71559550,NO,673
chr6,71575730,71576551,NO,821
chr6,71702523,71703255,NO,732
chr6,71729857,71730305,NO,448
chr6,72502671,72503229,NO,558
chr6,72605771,72606391,NO,620
chr6,72627323,72628121,NO,798
chr6,72703827,72704250,NO,423
chr6,72708350,72708966,NO,616
chr6,72736980,72738243,NO,1263
chr6,72744613,72745613,NO,1000
chr6,72790997,72791766,NO,769
chr6,72848028,72848774,NO,746
chr6,73318370,73319160,NO,790
chr6,73723032,73723487,NO,455
chr6,76065725,76066154,NO,429
chr6,76589418,76590101,NO,683
chr6,76904839,76905314,NO,475
chr6,76924279,76924834,NO,555
chr6,76934166,76934793,NO,627
chr6,76992689,76993226,NO,537
chr6,77000203,77001216,NO,1013
chr6,77149317,77149789,NO,472
chr6,78069822,78070287,NO,465
chr6,78189371,78189888,NO,517
chr6,78194408,78194931,NO,523
chr6,78417527,78417998,NO,471
chr6,79338187,79338237,NO,50
chr6,80006662,80007308,NO,646
chr6,80313444,80314152,NO,708
chr6,80495030,80495551,NO,521
chr6,80539522,80540239,NO,717
chr6,80670495,80671000,NO,505
chr6,81333950,81334521,NO,571
chr6,81396178,81396800,NO,622
chr6,81610751,81611465,NO,714
chr6,82124392,82125593,NO,1201
chr6,82563034,82563896,NO,862
chr6,82653350,82654484,NO,1134
chr6,82710614,82711291,NO,677
chr6,82906640,82907211,NO,571
chr6,82994220,82994942,NO,722
chr6,83181390,83181918,NO,528
chr6,83371495,83372298,NO,803
chr6,83646119,83646899,NO,780
chr6,83647723,83648444,NO,721
chr6,83671176,83672058,NO,882
chr6,83994435,83995599,NO,1164
chr6,84012527,84013123,NO,596
chr6,84014916,84015422,NO,506
chr6,84372553,84373288,NO,735
chr6,84953279,84953723,NO,444
chr6,84969012,84969760,NO,748
chr6,84994628,84995207,NO,579
chr6,85024817,85025619,NO,802
chr6,85182073,85182426,NO,353
chr6,85236141,85237114,NO,973
chr6,85583049,85583780,NO,731
chr6,85798994,85799846,NO,852
chr6,86900607,86901494,NO,887
chr6,87495417,87496197,NO,780
chr6,87745594,87746320,NO,726
chr6,87863162,87864161,NO,999
chr6,88165095,88165502,NO,407
chr6,88182105,88182700,NO,595
chr6,88365296,88365714,NO,418
chr6,88404496,88404975,NO,479
chr6,88432824,88433647,NO,823
chr6,88834249,88834651,NO,402
chr6,88875641,88876214,NO,573
chr6,89026523,89026988,NO,465
chr6,89075673,89076453,NO,780
chr6,89458556,89459283,NO,727
chr6,90310833,90311433,NO,600
chr6,90402564,90403207,NO,643
chr6,90692582,90693014,NO,432
chr6,90836941,90837392,NO,451
chr6,91295884,91296547,NO,663
chr6,91552045,91552469,NO,424
chr6,91575951,91576544,NO,593
chr6,91954628,91955065,NO,437
chr6,92196225,92196837,NO,612
chr6,92197077,92198121,NO,1044
chr6,92419615,92420314,NO,699
chr6,92445033,92446390,NO,1357
chr6,92709509,92710218,NO,709
chr6,92761205,92762037,NO,832
chr6,92791368,92792376,NO,1008
chr6,92793252,92794325,NO,1073
chr6,93081067,93081864,NO,797
chr6,93300056,93300798,NO,742
chr6,93428308,93429205,NO,897
chr6,93539736,93540562,NO,826
chr6,93823431,93824165,NO,734
chr6,93901181,93902228,NO,1047
chr6,93928310,93928846,NO,536
chr6,94201538,94202151,NO,613
chr6,94442509,94443280,NO,771
chr6,94457768,94458632,NO,864
chr6,94570222,94570733,NO,511
chr6,94640903,94641616,NO,713
chr6,94699685,94701184,NO,1499
chr6,94705241,94706004,NO,763
chr6,94799394,94800033,NO,639
chr6,94901822,94902791,NO,969
chr6,94963116,94963622,NO,506
chr6,95060002,95060488,NO,486
chr6,96237238,96237856,NO,618
chr6,96334436,96334863,NO,427
chr6,96408928,96409598,NO,670
chr6,96854962,96855312,NO,350
chr6,96995841,96996979,NO,1138
chr6,96998326,96998757,NO,431
chr6,97033952,97034641,NO,689
chr6,97051422,97052960,NO,1538
chr6,97228061,97228682,NO,621
chr6,97302728,97303349,NO,621
chr6,97346377,97347193,NO,816
chr6,97471271,97471919,NO,648
chr6,97616669,97617433,NO,764
chr6,97668349,97669021,NO,672
chr6,97901358,97902280,NO,922
chr6,97906390,97907424,NO,1034
chr6,97911659,97912292,NO,633
chr6,97913101,97913811,NO,710
chr6,97984528,97985117,NO,589
chr6,98433043,98433961,NO,918
chr6,98476827,98477351,NO,524
chr6,98532592,98533412,NO,820
chr6,98873816,98874387,NO,571
chr6,98957662,98958210,NO,548
chr6,98963797,98964115,NO,318
chr6,98979333,98980035,NO,702
chr6,99049477,99050135,NO,658
chr6,99190505,99191341,NO,836
chr6,99213293,99213945,NO,652
chr6,99214519,99215339,NO,820
chr6,99259863,99260624,NO,761
chr6,99328958,99329462,NO,504
chr6,99339216,99339890,NO,674
chr6,99565273,99565807,NO,534
chr6,99841654,99842340,NO,686
chr6,99896751,99897206,NO,455
chr6,99937799,99938034,NO,235
chr6,99977498,99978251,NO,753
chr6,100130763,100131310,NO,547
chr6,100153162,100154064,NO,902
chr6,100220534,100221310,NO,776
chr6,100235278,100236157,NO,879
chr6,100285247,100286343,NO,1096
chr6,100327689,100328844,NO,1155
chr6,100369906,100370634,NO,728
chr6,100371713,100372686,NO,973
chr6,100424383,100424887,NO,504
chr6,100448636,100449477,NO,841
chr6,101222179,101222766,NO,587
chr6,101929027,101929650,NO,623
chr6,102687136,102687566,NO,430
chr6,103760276,103761064,NO,788
chr6,105499225,105499681,NO,456
chr6,106568854,106569448,NO,594
chr6,106596751,106597530,NO,779
chr6,107002143,107002700,NO,557
chr6,108020709,108021593,NO,884
chr6,108057297,108057876,NO,579
chr6,108283883,108284707,NO,824
chr6,108398671,108399363,NO,692
chr6,108594172,108594774,NO,602
chr6,108617369,108618190,NO,821
chr6,108635476,108636249,NO,773
chr6,108746680,108747267,NO,587
chr6,111398955,111399482,NO,527
chr6,111575303,111576073,NO,770
chr6,111813103,111813618,NO,515
chr6,112153059,112153814,NO,755
chr6,112250596,112251086,NO,490
chr6,112553752,112554465,NO,713
chr6,112835256,112835702,NO,446
chr6,112899075,112900921,NO,1846
chr6,112988039,112989175,NO,1136
chr6,113197353,113197956,NO,603
chr6,113248187,113248615,NO,428
chr6,113317764,113318774,NO,1010
chr6,113452636,113453205,NO,569
chr6,113566995,113567675,NO,680
chr6,113639994,113640760,NO,766
chr6,114060801,114061412,NO,611
chr6,114216239,114216767,NO,528
chr6,114634400,114634974,NO,574
chr6,114796409,114797104,NO,695
chr6,115026950,115027531,NO,581
chr6,115035953,115036336,NO,383
chr6,115285278,115286067,NO,789
chr6,115600552,115601636,NO,1084
chr6,115633121,115633762,NO,641
chr6,115635388,115635841,NO,453
chr6,115677437,115678284,NO,847
chr6,115981827,115982419,NO,592
chr6,116006769,116007595,NO,826
chr6,116148172,116148826,NO,654
chr6,116589662,116590390,NO,728
chr6,117130147,117130972,NO,825
chr6,117148669,117149508,NO,839
chr6,117831172,117831787,NO,615
chr6,118719515,118720290,NO,775
chr6,119148802,119149517,NO,715
chr6,119274532,119275309,NO,777
chr6,119364465,119364880,NO,415
chr6,119368636,119369724,NO,1088
chr6,120014562,120015284,NO,722
chr6,120180235,120180990,NO,755
chr6,120241456,120242188,NO,732
chr6,120256828,120257795,NO,967
chr6,120270126,120270881,NO,755
chr6,120626607,120627398,NO,791
chr6,120693192,120693803,NO,611
chr6,120952847,120953352,NO,505
chr6,121144017,121144826,NO,809
chr6,121476164,121476492,NO,328
chr6,122316022,122317010,NO,988
chr6,122541176,122541524,NO,348
chr6,122558176,122558341,NO,165
chr6,122558358,122559103,NO,745
chr6,122574257,122575075,NO,818
chr6,123282453,123283048,NO,595
chr6,123647304,123647661,NO,357
chr6,123808088,123808550,NO,462
chr6,124754367,124755031,NO,664
chr6,124781521,124782304,NO,783
chr6,124841894,124842397,NO,503
chr6,124904406,124904856,NO,450
chr6,125146126,125147005,NO,879
chr6,125313747,125314334,NO,587
chr6,125361342,125361951,NO,609
chr6,125451810,125452624,NO,814
chr6,125454497,125455243,NO,746
chr6,125541652,125542626,NO,974
chr6,125567907,125568257,NO,350
chr6,125826823,125827395,NO,572
chr6,126260802,126261649,NO,847
chr6,126752949,126753646,NO,697
chr6,126764924,126765889,NO,965
chr6,126969313,126969680,NO,367
chr6,127031417,127032092,NO,675
chr6,127053459,127054097,NO,638
chr6,127199939,127200552,NO,613
chr6,127286693,127287368,NO,675
chr6,127642123,127642838,NO,715
chr6,127650832,127651760,NO,928
chr6,127685254,127686102,NO,848
chr6,127719572,127720522,NO,950
chr6,127729906,127730502,NO,596
chr6,128092062,128092947,NO,885
chr6,128204381,128205198,NO,817
chr6,128211279,128212133,NO,854
chr6,128231834,128232953,NO,1119
chr6,128246190,128247053,NO,863
chr6,128358617,128359392,NO,775
chr6,128395390,128396444,NO,1054
chr6,128410566,128411515,NO,949
chr6,128415751,128416620,NO,869
chr6,128440391,128440731,NO,340
chr6,128944275,128944908,NO,633
chr6,129060340,129060792,NO,452
chr6,129131048,129131437,NO,389
chr6,129299591,129300384,NO,793
chr6,129313819,129314619,NO,800
chr6,131327426,131327852,NO,426
chr6,133042317,133042629,NO,312
chr6,133912948,133913940,NO,992
chr6,133936853,133937880,NO,1027
chr6,133970397,133971142,NO,745
chr6,134232356,134232885,NO,529
chr6,134299552,134300257,NO,705
chr6,134366239,134367214,NO,975
chr6,134597474,134598043,NO,569
chr6,134645061,134645527,NO,466
chr6,134754562,134755587,NO,1025
chr6,134839572,134840045,NO,473
chr6,134910950,134911688,NO,738
chr6,134988732,134989242,NO,510
chr6,134989848,134991073,NO,1225
chr6,134991760,134992712,NO,952
chr6,135016609,135017490,NO,881
chr6,135143600,135144185,NO,585
chr6,135477528,135478079,NO,551
chr6,135513553,135514263,NO,710
chr6,135935149,135935606,NO,457
chr6,135949223,135949815,NO,592
chr6,136063676,136064074,NO,398
chr6,136423458,136423976,NO,518
chr6,136438297,136439032,NO,735
chr6,136447816,136448701,NO,885
chr6,136594409,136595113,NO,704
chr6,136617182,136617973,NO,791
chr6,136855785,136856290,NO,505
chr6,137118500,137119078,NO,578
chr6,137490916,137491711,NO,795
chr6,137617672,137618416,NO,744
chr6,137618437,137618553,NO,116
chr6,137889277,137889844,NO,567
chr6,138972592,138973063,NO,471
chr6,139299548,139299987,NO,439
chr6,139921865,139922561,NO,696
chr6,140141337,140142216,NO,879
chr6,140145761,140146177,NO,416
chr6,140146530,140147047,NO,517
chr6,140284728,140286020,NO,1292
chr6,140525616,140526120,NO,504
chr6,140551462,140552381,NO,919
chr6,140554101,140554707,NO,606
chr6,140557067,140557683,NO,616
chr6,140679383,140680084,NO,701
chr6,140714007,140714345,NO,338
chr6,141443838,141444628,NO,790
chr6,142408675,142409380,NO,705
chr6,142520261,142520709,NO,448
chr6,142551286,142551741,NO,455
chr6,142816056,142816830,NO,774
chr6,142910352,142911545,NO,1193
chr6,142945127,142945894,NO,767
chr6,142969103,142969851,NO,748
chr6,143016966,143017716,NO,750
chr6,143090564,143091212,NO,648
chr6,143119001,143119729,NO,728
chr6,143889789,143890226,NO,437
chr6,144199311,144200225,NO,914
chr6,144221760,144222421,NO,661
chr6,144309629,144310602,NO,973
chr6,144402520,144403393,NO,873
chr6,144629699,144630109,NO,410
chr6,144997218,144997794,NO,576
chr6,145009861,145010452,NO,591
chr6,145033126,145033728,NO,602
chr6,145042646,145043363,NO,717
chr6,145122859,145123827,NO,968
chr6,145124853,145125657,NO,804
chr6,145182674,145183254,NO,580
chr6,145938111,145938451,NO,340
chr6,146406784,146407492,NO,708
chr6,146409287,146410277,NO,990
chr6,146422417,146423171,NO,754
chr6,146668166,146668701,NO,535
chr6,146674009,146674748,NO,739
chr6,146929654,146930300,NO,646
chr6,147025422,147025801,NO,379
chr6,147631294,147631714,NO,420
chr6,148225982,148226608,NO,626
chr6,148239399,148239830,NO,431
chr6,148242908,148243711,NO,803
chr6,148287013,148287438,NO,425
chr6,148547459,148548118,NO,659
chr6,148830973,148831524,NO,551
chr6,148867171,148867959,NO,788
chr6,148894789,148895585,NO,796
chr6,148895667,148895742,NO,75
chr6,148895753,148896222,NO,469
chr6,148904053,148905023,NO,970
chr6,148905424,148906259,NO,835
chr6,148940456,148941548,NO,1092
chr6,149077516,149078399,NO,883
chr6,149079316,149080209,NO,893
chr6,149260435,149261383,NO,948
chr7,3347842,3348634,NO,792
chr7,3530678,3531374,NO,696
chr7,3537666,3538376,NO,710
chr7,4076531,4077316,NO,785
chr7,4105739,4106306,NO,567
chr7,4106378,4106388,NO,10
chr7,4106443,4106496,NO,53
chr7,4106565,4107186,NO,621
chr7,4212231,4212672,NO,441
chr7,4487732,4488465,NO,733
chr7,4703001,4704500,NO,1499
chr7,6196005,6196750,NO,745
chr7,6209623,6211033,NO,1410
chr7,6610782,6611917,NO,1135
chr7,6712435,6713468,NO,1033
chr7,7085385,7086148,NO,763
chr7,16589588,16590318,NO,730
chr7,16950095,16951181,NO,1086
chr7,18488550,18489035,NO,485
chr7,19332765,19333108,NO,343
chr7,19340420,19340777,NO,357
chr7,20045717,20046525,NO,808
chr7,20093826,20094324,NO,498
chr7,20157934,20158695,NO,761
chr7,20160913,20161677,NO,764
chr7,20326833,20328288,NO,1455
chr7,20400342,20401237,NO,895
chr7,20401472,20402067,NO,595
chr7,20513560,20514273,NO,713
chr7,24872692,24873296,NO,604
chr7,25289770,25291195,NO,1425
chr7,25301869,25302672,NO,803
chr7,25594022,25594644,NO,622
chr7,25664201,25665192,NO,991
chr7,25732319,25732853,NO,534
chr7,25972994,25973598,NO,604
chr7,25998956,25999482,NO,526
chr7,26048760,26049461,NO,701
chr7,26217851,26218885,NO,1034
chr7,26454027,26455292,NO,1265
chr7,27261729,27262064,NO,335
chr7,27450816,27451586,NO,770
chr7,27965321,27966083,NO,762
chr7,27983767,27984476,NO,709
chr7,28043302,28043716,NO,414
chr7,28093701,28094553,NO,852
chr7,28407204,28407868,NO,664
chr7,28431994,28433008,NO,1014
chr7,28518631,28519473,NO,842
chr7,28520410,28521086,NO,676
chr7,28624916,28625830,NO,914
chr7,29340953,29341991,NO,1038
chr7,29363488,29364243,NO,755
chr7,29364364,29364974,NO,610
chr7,29420248,29420834,NO,586
chr7,29477392,29478200,NO,808
chr7,29754418,29755114,NO,696
chr7,30078547,30079377,NO,830
chr7,30274517,30275329,NO,812
chr7,30728982,30729799,NO,817
chr7,30757305,30757756,NO,451
chr7,30767508,30768472,NO,964
chr7,30816167,30817004,NO,837
chr7,30872494,30873179,NO,685
chr7,31050889,31051516,NO,627
chr7,31372373,31372940,NO,567
chr7,31392634,31393353,NO,719
chr7,31542026,31542677,NO,651
chr7,31629579,31630321,NO,742
chr7,31937273,31938066,NO,793
chr7,34949720,34950749,NO,1029
chr7,35437649,35438290,NO,641
chr7,35528534,35528974,NO,440
chr7,35583536,35584637,NO,1101
chr7,36107701,36108506,NO,805
chr7,36119904,36120798,NO,894
chr7,36136006,36136852,NO,846
chr7,36232472,36233277,NO,805
chr7,36252831,36253596,NO,765
chr7,36315420,36316048,NO,628
chr7,36402347,36403165,NO,818
chr7,37386917,37387605,NO,688
chr7,37429133,37429805,NO,672
chr7,37463045,37463964,NO,919
chr7,37475555,37476184,NO,629
chr7,37977362,37978159,NO,797
chr7,38091753,38092682,NO,929
chr7,38251687,38252340,NO,653
chr7,38262289,38262946,NO,657
chr7,38338600,38339282,NO,682
chr7,38410850,38411465,NO,615
chr7,38610713,38611394,NO,681
chr7,46750093,46750449,NO,356
chr7,47218939,47219441,NO,502
chr7,47432791,47433163,NO,372
chr7,47793258,47793817,NO,559
chr7,48767804,48768549,NO,745
chr7,48837280,48838110,NO,830
chr7,50422365,50422947,NO,582
chr7,50599085,50600164,NO,1079
chr7,50601317,50602038,NO,721
chr7,50802729,50803479,NO,750
chr7,50862978,50863932,NO,954
chr7,51531772,51532602,NO,830
chr7,51542882,51543533,NO,651
chr7,51630296,51631278,NO,982
chr7,51740508,51741245,NO,737
chr7,51859599,51860260,NO,661
chr7,51954357,51954836,NO,479
chr7,51963578,51964325,NO,747
chr7,52484606,52485538,NO,932
chr7,52704458,52705082,NO,624
chr7,52878661,52879259,NO,598
chr7,54019643,54020500,NO,857
chr7,54053865,54054483,NO,618
chr7,54399630,54400058,NO,428
chr7,56090394,56090933,NO,539
chr7,56173262,56173996,NO,734
chr7,56498906,56499338,NO,432
chr7,56703787,56704480,NO,693
chr7,56782684,56783481,NO,797
chr7,56933462,56934574,NO,1112
chr7,56964598,56965395,NO,797
chr7,57029746,57030493,NO,747
chr7,59212979,59213692,NO,713
chr7,59372416,59373533,NO,1117
chr7,59765916,59766518,NO,602
chr7,59987455,59987981,NO,526
chr7,60024253,60024808,NO,555
chr7,60166672,60167196,NO,524
chr7,60391719,60392340,NO,621
chr7,61765483,61766101,NO,618
chr7,63773954,63774527,NO,573
chr7,64559909,64560305,NO,396
chr7,64895914,64896627,NO,713
chr7,65480018,65480616,NO,598
chr7,65480816,65481619,NO,803
chr7,65923829,65924585,NO,756
chr7,67150733,67151576,NO,843
chr7,67152609,67153383,NO,774
chr7,69375299,69376002,NO,703
chr7,69597213,69597716,NO,503
chr7,69630823,69631740,NO,917
chr7,70370300,70370905,NO,605
chr7,70585007,70585674,NO,667
chr7,71197388,71197929,NO,541
chr7,71295215,71295879,NO,664
chr7,71330000,71330572,NO,572
chr7,71860967,71861707,NO,740
chr7,71883796,71884400,NO,604
chr7,71974808,71975831,NO,1023
chr7,72302006,72302711,NO,705
chr7,72598723,72599847,NO,1124
chr7,73010680,73011204,NO,524
chr7,73018191,73018924,NO,733
chr7,73235566,73236096,NO,530
chr7,73303567,73304044,NO,477
chr7,73593251,73594008,NO,757
chr7,73636216,73636920,NO,704
chr7,73856764,73857220,NO,456
chr7,74866828,74867555,NO,727
chr7,75134199,75134949,NO,750
chr7,75198267,75198774,NO,507
chr7,75418913,75419565,NO,652
chr7,75420480,75421020,NO,540
chr7,75709268,75709783,NO,515
chr7,76054418,76055375,NO,957
chr7,76810021,76810562,NO,541
chr7,77736476,77737065,NO,589
chr7,77749671,77750004,NO,333
chr7,77933571,77934620,NO,1049
chr7,78257403,78257925,NO,522
chr7,79136462,79137284,NO,822
chr7,79306628,79307761,NO,1133
chr7,79458577,79459131,NO,554
chr7,79470606,79471594,NO,988
chr7,79760097,79760681,NO,584
chr7,79999352,80000026,NO,674
chr7,80286018,80286585,NO,567
chr7,80367330,80368069,NO,739
chr7,80436048,80436732,NO,684
chr7,80449647,80450372,NO,725
chr7,80531416,80532100,NO,684
chr7,80544000,80545623,NO,1623
chr7,80679726,80680684,NO,958
chr7,80683740,80684471,NO,731
chr7,80747439,80748398,NO,959
chr7,80804514,80804917,NO,403
chr7,80903161,80903902,NO,741
chr7,81584639,81584974,NO,335
chr7,81812079,81812587,NO,508
chr7,82922729,82923478,NO,749
chr7,82946293,82947149,NO,856
chr7,83572065,83572751,NO,686
chr7,84883557,84884432,NO,875
chr7,84956638,84957509,NO,871
chr7,85943385,85944111,NO,726
chr7,85999760,86000425,NO,665
chr7,86063437,86063898,NO,461
chr7,86284126,86284802,NO,676
chr7,86423381,86424010,NO,629
chr7,86443297,86444029,NO,732
chr7,86680041,86680708,NO,667
chr7,86723190,86723940,NO,750
chr7,86799396,86800142,NO,746
chr7,86805908,86806853,NO,945
chr7,87186174,87186816,NO,642
chr7,87253990,87254677,NO,687
chr7,87659191,87659683,NO,492
chr7,87889959,87891844,NO,1885
chr7,87924028,87924600,NO,572
chr7,87954066,87954752,NO,686
chr7,87967690,87968458,NO,768
chr7,87988545,87989431,NO,886
chr7,88059263,88060145,NO,882
chr7,88107455,88108319,NO,864
chr7,88208035,88208759,NO,724
chr7,88286240,88287171,NO,931
chr7,88327846,88328497,NO,651
chr7,88356410,88356927,NO,517
chr7,88625428,88626301,NO,873
chr7,89368892,89369437,NO,545
chr7,89883262,89884105,NO,843
chr7,89933735,89934374,NO,639
chr7,89990796,89991670,NO,874
chr7,90185307,90186002,NO,695
chr7,90186664,90187125,NO,461
chr7,90355535,90356067,NO,532
chr7,90385965,90386593,NO,628
chr7,90525187,90525811,NO,624
chr7,90549411,90549959,NO,548
chr7,93492776,93493197,NO,421
chr7,93759551,93760164,NO,613
chr7,94244964,94245352,NO,388
chr7,95407671,95408304,NO,633
chr7,95553732,95554154,NO,422
chr7,95578089,95578712,NO,623
chr7,96490332,96490891,NO,559
chr7,96921393,96922122,NO,729
chr7,96922193,96922886,NO,693
chr7,97032166,97032714,NO,548
chr7,97123764,97124610,NO,846
chr7,97146004,97146402,NO,398
chr7,97173175,97174061,NO,886
chr7,97410448,97410819,NO,371
chr7,97687848,97688771,NO,923
chr7,97702963,97703415,NO,452
chr7,98458834,98459280,NO,446
chr7,99804782,99805363,NO,581
chr7,101322443,101322914,NO,471
chr7,101505390,101506116,NO,726
chr7,101736212,101736958,NO,746
chr7,102566109,102566722,NO,613
chr7,102628397,102629216,NO,819
chr7,102836689,102837262,NO,573
chr7,103209820,103210553,NO,733
chr7,103254716,103255142,NO,426
chr7,103300932,103301911,NO,979
chr7,103317239,103318017,NO,778
chr7,103353190,103354078,NO,888
chr7,103438803,103439413,NO,610
chr7,103449273,103449717,NO,444
chr7,103820599,103821521,NO,922
chr7,103871122,103871805,NO,683
chr7,103901176,103901578,NO,402
chr7,103967931,103968594,NO,663
chr7,104489733,104490295,NO,562
chr7,104577904,104578784,NO,880
chr7,104580173,104580716,NO,543
chr7,104663450,104664015,NO,565
chr7,104712035,104712573,NO,538
chr7,104795978,104796735,NO,757
chr7,104867299,104868025,NO,726
chr7,104874880,104875543,NO,663
chr7,104902643,104903106,NO,463
chr7,104905646,104906930,NO,1284
chr7,104951549,104952090,NO,541
chr7,104952797,104953661,NO,864
chr7,105120963,105121432,NO,469
chr7,105337060,105338670,NO,1610
chr7,105518415,105518901,NO,486
chr7,105918413,105919279,NO,866
chr7,106116893,106117436,NO,543
chr7,106413066,106413603,NO,537
chr7,106707400,106708144,NO,744
chr7,107377250,107377769,NO,519
chr7,107436366,107436962,NO,596
chr7,107529675,107530261,NO,586
chr7,107650386,107651080,NO,694
chr7,107848144,107849130,NO,986
chr7,108185311,108185800,NO,489
chr7,108825362,108825896,NO,534
chr7,109248288,109249058,NO,770
chr7,109349016,109349968,NO,952
chr7,109564205,109564868,NO,663
chr7,111392319,111392670,NO,351
chr7,111447904,111448462,NO,558
chr7,112551030,112551509,NO,479
chr7,113788735,113789244,NO,509
chr7,114351139,114351754,NO,615
chr7,114380046,114381006,NO,960
chr7,114482751,114483645,NO,894
chr7,114492322,114493269,NO,947
chr7,114761325,114762237,NO,912
chr7,114823492,114824337,NO,845
chr7,115339695,115340393,NO,698
chr7,115805965,115806420,NO,455
chr7,116334648,116335192,NO,544
chr7,116524529,116525044,NO,515
chr7,116526768,116527259,NO,491
chr7,116753374,116753940,NO,566
chr7,117016617,117017316,NO,699
chr7,117025039,117025463,NO,424
chr7,117240695,117241242,NO,547
chr7,117309527,117310316,NO,789
chr7,117889942,117890395,NO,453
chr7,118887827,118888784,NO,957
chr7,119560182,119560846,NO,664
chr7,119678674,119679603,NO,929
chr7,119950789,119951385,NO,596
chr7,119966820,119967552,NO,732
chr7,119985104,119986092,NO,988
chr7,119994627,119995391,NO,764
chr7,120191822,120192497,NO,675
chr7,120204558,120205210,NO,652
chr7,120285566,120286333,NO,767
chr7,120406034,120406683,NO,649
chr7,120411801,120412339,NO,538
chr7,120453596,120454420,NO,824
chr7,120720512,120720993,NO,481
chr7,120794055,120794731,NO,676
chr7,121147667,121148342,NO,675
chr7,121227181,121227851,NO,670
chr7,121277482,121278112,NO,630
chr7,121336071,121336549,NO,478
chr7,121622284,121622728,NO,444
chr7,121782144,121782733,NO,589
chr7,121883989,121884609,NO,620
chr7,122645026,122645534,NO,508
chr7,123009293,123010183,NO,890
chr7,123011489,123012347,NO,858
chr7,123311056,123311574,NO,518
chr7,123449997,123450716,NO,719
chr7,123484503,123484968,NO,465
chr7,123683889,123684542,NO,653
chr7,123977856,123978473,NO,617
chr7,124230630,124231333,NO,703
chr7,124423356,124423886,NO,530
chr7,124737206,124737683,NO,477
chr7,125594066,125594537,NO,471
chr7,125723349,125724114,NO,765
chr7,125796227,125796810,NO,583
chr7,125893041,125893488,NO,447
chr7,125931127,125931669,NO,542
chr7,126135910,126136552,NO,642
chr7,126180923,126181522,NO,599
chr7,126688967,126689589,NO,622
chr7,126738687,126739487,NO,800
chr7,127040059,127040636,NO,577
chr7,127041062,127041649,NO,587
chr7,127041835,127042484,NO,649
chr7,127301538,127302401,NO,863
chr7,127762410,127762832,NO,422
chr7,127838985,127839676,NO,691
chr7,127868351,127868784,NO,433
chr7,128004351,128004972,NO,621
chr7,128424009,128424694,NO,685
chr7,128747689,128748272,NO,583
chr7,128771507,128772091,NO,584
chr7,128972294,128972808,NO,514
chr7,129372783,129373342,NO,559
chr7,129373509,129374019,NO,510
chr7,129387617,129388320,NO,703
chr7,129422874,129423656,NO,782
chr7,129621417,129622089,NO,672
chr7,129649916,129650436,NO,520
chr7,129712193,129712693,NO,500
chr7,129774607,129775210,NO,603
chr7,129931280,129931695,NO,415
chr7,130083766,130084339,NO,573
chr7,130354891,130355503,NO,612
chr7,130479528,130480245,NO,717
chr7,130488372,130489257,NO,885
chr7,130992167,130992701,NO,534
chr7,131159916,131160480,NO,564
chr7,131227317,131227727,NO,410
chr7,131847731,131848274,NO,543
chr7,131864286,131864910,NO,624
chr7,132333624,132334040,NO,416
chr7,133291089,133291563,NO,474
chr7,133360202,133361147,NO,945
chr7,133361559,133362449,NO,890
chr7,133363868,133364677,NO,809
chr7,133369469,133370098,NO,629
chr7,133520840,133521647,NO,807
chr7,133535744,133536602,NO,858
chr7,133823298,133823760,NO,462
chr7,134367327,134368073,NO,746
chr7,134368653,134369311,NO,658
chr7,134659607,134660269,NO,662
chr7,134912208,134912952,NO,744
chr7,135223498,135223961,NO,463
chr7,136172784,136173097,NO,313
chr7,136556256,136556658,NO,402
chr7,136564428,136565289,NO,861
chr7,136566268,136567044,NO,776
chr7,137131039,137131542,NO,503
chr7,137359244,137359996,NO,752
chr7,137395511,137395993,NO,482
chr7,137407742,137408698,NO,956
chr7,137506255,137506559,NO,304
chr7,137743793,137744554,NO,761
chr7,137978541,137979450,NO,909
chr7,138004134,138005002,NO,868
chr7,138089263,138089772,NO,509
chr7,138847593,138848570,NO,977
chr7,138852548,138852757,NO,209
chr7,138909950,138910406,NO,456
chr7,139206746,139207549,NO,803
chr7,139595416,139596107,NO,691
chr7,139676927,139677435,NO,508
chr7,139777360,139777956,NO,596
chr7,139807718,139808551,NO,833
chr7,140000477,140001636,NO,1159
chr7,140221039,140221701,NO,662
chr7,140394031,140394644,NO,613
chr7,140629295,140630013,NO,718
chr7,140768572,140769115,NO,543
chr7,140951345,140952385,NO,1040
chr7,141138662,141139538,NO,876
chr7,141213610,141214524,NO,914
chr7,141438187,141438703,NO,516
chr7,141464088,141464564,NO,476
chr7,141870855,141871519,NO,664
chr7,141889076,141889692,NO,616
chr7,141891883,141892689,NO,806
chr7,141953433,141954214,NO,781
chr7,141962706,141963716,NO,1010
chr7,142071834,142072277,NO,443
chr7,142256935,142257413,NO,478
chr7,142330808,142331563,NO,755
chr7,142671165,142671727,NO,562
chr7,142986132,142987003,NO,871
chr7,143225076,143225825,NO,749
chr7,143575950,143576436,NO,486
chr7,143622242,143622818,NO,576
chr7,143858209,143858952,NO,743
chr7,144037550,144038194,NO,644
chr7,144063561,144064296,NO,735
chr7,144445235,144445722,NO,487
chr7,144588884,144589470,NO,586
chr7,145344887,145345879,NO,992
chr7,145518426,145518829,NO,403
chr7,145544498,145545127,NO,629
chr7,146041339,146042415,NO,1076
chr7,146048172,146048877,NO,705
chr7,146325721,146326309,NO,588
chr7,146523761,146524297,NO,536
chr7,146742874,146743286,NO,412
chr7,146911391,146912200,NO,809
chr7,147101338,147102084,NO,746
chr7,147243776,147244448,NO,672
chr7,147272899,147273478,NO,579
chr7,147416592,147417343,NO,751
chr7,148026799,148027562,NO,763
chr7,148124539,148125460,NO,921
chr7,148144326,148146051,NO,1725
chr7,148146091,148146422,NO,331
chr7,148148150,148149350,NO,1200
chr7,148161992,148162455,NO,463
chr7,148210613,148211303,NO,690
chr7,148211850,148212675,NO,825
chr7,148334347,148335184,NO,837
chr7,148958048,148958414,NO,366
chr7,149417280,149417778,NO,498
chr7,149590776,149591366,NO,590
chr7,149767035,149767709,NO,674
chr7,149841653,149842210,NO,557
chr7,150177365,150177798,NO,433
chr7,150199244,150199839,NO,595
chr7,150307958,150308483,NO,525
chr7,150553950,150554730,NO,780
chr7,150586538,150587089,NO,551
chr7,150623524,150624415,NO,891
chr7,150847833,150848393,NO,560
chr7,151288401,151288992,NO,591
chr7,151291901,151293216,NO,1315
chr7,152007622,152008447,NO,825
chr7,152013924,152014636,NO,712
chr7,152074394,152075156,NO,762
chr7,152220158,152220775,NO,617
chr7,152313622,152314170,NO,548
chr7,152321415,152322504,NO,1089
chr7,152324819,152325662,NO,843
chr7,152359037,152359612,NO,575
chr8,3394398,3395920,NO,1522
chr8,3400455,3401126,NO,671
chr8,3414572,3415475,NO,903
chr8,3416498,3417449,NO,951
chr8,3546368,3546911,NO,543
chr8,3552053,3552822,NO,769
chr8,4192655,4193436,NO,781
chr8,4341931,4342622,NO,691
chr8,4354476,4355037,NO,561
chr8,4366012,4366771,NO,759
chr8,4369936,4370480,NO,544
chr8,4436404,4437028,NO,624
chr8,4481574,4482126,NO,552
chr8,4586273,4586951,NO,678
chr8,4933742,4935018,NO,1276
chr8,6973817,6974370,NO,553
chr8,7286444,7287054,NO,610
chr8,7892500,7893100,NO,600
chr8,8484460,8485248,NO,788
chr8,8489496,8490351,NO,855
chr8,8655610,8656423,NO,813
chr8,8871955,8872412,NO,457
chr8,8984045,8984862,NO,817
chr8,9331912,9332528,NO,616
chr8,9471200,9471862,NO,662
chr8,10171330,10171897,NO,567
chr8,10176487,10177271,NO,784
chr8,10665846,10666492,NO,646
chr8,10924754,10925468,NO,714
chr8,11528483,11529060,NO,577
chr8,11640471,11641123,NO,652
chr8,11650002,11650624,NO,622
chr8,11704671,11705303,NO,632
chr8,12000198,12000872,NO,674
chr8,12050882,12051418,NO,536
chr8,12431307,12432194,NO,887
chr8,12481728,12482441,NO,713
chr8,12545112,12546172,NO,1060
chr8,12547894,12548524,NO,630
chr8,12579751,12579976,NO,225
chr8,12698442,12699321,NO,879
chr8,12759924,12760464,NO,540
chr8,12870827,12872022,NO,1195
chr8,12928814,12929349,NO,535
chr8,12991977,12992848,NO,871
chr8,13985836,13986721,NO,885
chr8,14014372,14015384,NO,1012
chr8,14339831,14340839,NO,1008
chr8,14786843,14787505,NO,662
chr8,14922843,14923403,NO,560
chr8,15077202,15077703,NO,501
chr8,15788298,15788810,NO,512
chr8,15843017,15843848,NO,831
chr8,15844531,15845331,NO,800
chr8,15984044,15984737,NO,693
chr8,16993560,16994057,NO,497
chr8,17575844,17576557,NO,713
chr8,17934496,17935194,NO,698
chr8,18187291,18188126,NO,835
chr8,18395580,18396175,NO,595
chr8,18480013,18480464,NO,451
chr8,18694258,18695250,NO,992
chr8,18806033,18806657,NO,624
chr8,22886447,22886902,NO,455
chr8,23526226,23527098,NO,872
chr8,23616543,23617057,NO,514
chr8,23913976,23914613,NO,637
chr8,24011212,24012300,NO,1088
chr8,24088563,24088883,NO,320
chr8,24273162,24274151,NO,989
chr8,24360828,24361492,NO,664
chr8,24470989,24471980,NO,991
chr8,24509604,24510410,NO,806
chr8,24520736,24521644,NO,908
chr8,24672128,24673079,NO,951
chr8,24673496,24674343,NO,847
chr8,24678445,24678774,NO,329
chr8,24864285,24864794,NO,509
chr8,25154356,25155421,NO,1065
chr8,25263431,25264167,NO,736
chr8,25555859,25556317,NO,458
chr8,25681515,25682180,NO,665
chr8,26220155,26220831,NO,676
chr8,26565440,26566112,NO,672
chr8,26572970,26573475,NO,505
chr8,26623789,26624247,NO,458
chr8,26655109,26655938,NO,829
chr8,26863847,26864429,NO,582
chr8,26881568,26882175,NO,607
chr8,27044634,27045435,NO,801
chr8,27073069,27074010,NO,941
chr8,27170668,27171574,NO,906
chr8,27173467,27174192,NO,725
chr8,27502666,27503258,NO,592
chr8,28270434,28271113,NO,679
chr8,28346405,28347244,NO,839
chr8,28350684,28351813,NO,1129
chr8,29014074,29014829,NO,755
chr8,29019642,29020459,NO,817
chr8,30086147,30086760,NO,613
chr8,30666898,30667337,NO,439
chr8,31758768,31759530,NO,762
chr8,32280929,32281569,NO,640
chr8,33154552,33155506,NO,954
chr8,33545090,33545639,NO,549
chr8,34309661,34310072,NO,411
chr8,34467600,34468183,NO,583
chr8,34553972,34554688,NO,716
chr8,34622442,34623058,NO,616
chr8,34731470,34732211,NO,741
chr8,34888254,34888896,NO,642
chr8,34939980,34940740,NO,760
chr8,35076749,35077491,NO,742
chr8,35103529,35104793,NO,1264
chr8,35142370,35143074,NO,704
chr8,35523173,35523651,NO,478
chr8,35643221,35643659,NO,438
chr8,35790639,35791402,NO,763
chr8,35795463,35796372,NO,909
chr8,35996107,35996837,NO,730
chr8,36255670,36256153,NO,483
chr8,36331986,36332560,NO,574
chr8,36352438,36352904,NO,466
chr8,36480163,36481047,NO,884
chr8,36883114,36883683,NO,569
chr8,37019207,37020133,NO,926
chr8,37118217,37118831,NO,614
chr8,37168333,37169126,NO,793
chr8,37181456,37182086,NO,630
chr8,37205655,37206137,NO,482
chr8,37210776,37211482,NO,706
chr8,37211552,37212461,NO,909
chr8,37218327,37219263,NO,936
chr8,37295553,37296209,NO,656
chr8,37543298,37543799,NO,501
chr8,38528726,38529099,NO,373
chr8,39889502,39890229,NO,727
chr8,40414550,40415103,NO,553
chr8,41277474,41278012,NO,538
chr8,41720049,41720645,NO,596
chr8,42024269,42024979,NO,710
chr8,42048148,42048839,NO,691
chr8,42174051,42174354,NO,303
chr8,42217833,42218697,NO,864
chr8,44265400,44266109,NO,709
chr8,44392194,44392898,NO,704
chr8,46044797,46045423,NO,626
chr8,46047872,46048443,NO,571
chr8,46056541,46057415,NO,874
chr8,46064414,46065415,NO,1001
chr8,46193813,46194110,NO,297
chr8,46318487,46319083,NO,596
chr8,46331599,46332332,NO,733
chr8,47299342,47299968,NO,626
chr8,47569273,47570011,NO,738
chr8,47658614,47659347,NO,733
chr8,47704015,47704883,NO,868
chr8,48064880,48065421,NO,541
chr8,48081279,48081673,NO,394
chr8,48281583,48282352,NO,769
chr8,48406069,48406684,NO,615
chr8,48424007,48424844,NO,837
chr8,48775923,48776292,NO,369
chr8,48811950,48812872,NO,922
chr8,49006008,49006609,NO,601
chr8,49264160,49264968,NO,808
chr8,49543546,49544170,NO,624
chr8,49813969,49814934,NO,965
chr8,49836921,49837962,NO,1041
chr8,49894986,49895808,NO,822
chr8,50280015,50280799,NO,784
chr8,51159461,51159920,NO,459
chr8,52262605,52263372,NO,767
chr8,52267038,52267306,NO,268
chr8,55161375,55162311,NO,936
chr8,55650409,55651058,NO,649
chr8,55908175,55908759,NO,584
chr8,58697381,58698263,NO,882
chr8,58731154,58731788,NO,634
chr8,58883291,58883846,NO,555
chr8,59882410,59883251,NO,841
chr8,59968722,59969274,NO,552
chr8,60211342,60212378,NO,1036
chr8,60244602,60245171,NO,569
chr8,61956780,61957696,NO,916
chr8,62824648,62825097,NO,449
chr8,63687975,63688654,NO,679
chr8,63995772,63996481,NO,709
chr8,64345485,64346328,NO,843
chr8,65648683,65649281,NO,598
chr8,66213149,66213770,NO,621
chr8,66407854,66409206,NO,1352
chr8,66845182,66846245,NO,1063
chr8,66878198,66878815,NO,617
chr8,66887317,66887900,NO,583
chr8,67108071,67108700,NO,629
chr8,67110377,67111648,NO,1271
chr8,67136207,67136625,NO,418
chr8,67357874,67358636,NO,762
chr8,67475993,67476480,NO,487
chr8,67557559,67558444,NO,885
chr8,67570123,67570983,NO,860
chr8,67571644,67572171,NO,527
chr8,67585853,67586530,NO,677
chr8,67587880,67588556,NO,676
chr8,67591656,67592514,NO,858
chr8,67732347,67733250,NO,903
chr8,68847091,68847910,NO,819
chr8,69609962,69610778,NO,816
chr8,70275666,70276263,NO,597
chr8,70425087,70425629,NO,542
chr8,70496264,70496652,NO,388
chr8,70756496,70757119,NO,623
chr8,70771585,70772298,NO,713
chr8,70794823,70795320,NO,497
chr8,70891964,70892621,NO,657
chr8,70944058,70944969,NO,911
chr8,71389114,71389562,NO,448
chr8,71508233,71508933,NO,700
chr8,71645051,71645923,NO,872
chr8,71688970,71689478,NO,508
chr8,72370928,72371516,NO,588
chr8,72797791,72798792,NO,1001
chr8,74050123,74050697,NO,574
chr8,74795106,74795779,NO,673
chr8,74857148,74858983,NO,1835
chr8,75045565,75046047,NO,482
chr8,75076675,75077349,NO,674
chr8,75079488,75080177,NO,689
chr8,75084937,75085391,NO,454
chr8,75514279,75514771,NO,492
chr8,75627665,75628536,NO,871
chr8,75860331,75861398,NO,1067
chr8,77332451,77332975,NO,524
chr8,77504096,77504799,NO,703
chr8,77537693,77538354,NO,661
chr8,77539807,77540428,NO,621
chr8,77718528,77719274,NO,746
chr8,78160720,78161493,NO,773
chr8,78279304,78279911,NO,607
chr8,78293143,78293492,NO,349
chr8,79443346,79443791,NO,445
chr8,79855234,79855781,NO,547
chr8,80591822,80592975,NO,1153
chr8,80621765,80622337,NO,572
chr8,80714034,80714874,NO,840
chr8,80947797,80948343,NO,546
chr8,81016770,81017489,NO,719
chr8,81060207,81061031,NO,824
chr8,81061494,81062428,NO,934
chr8,81080532,81081185,NO,653
chr8,81101654,81102543,NO,889
chr8,81107847,81108584,NO,737
chr8,81148782,81149501,NO,719
chr8,81243489,81244489,NO,1000
chr8,81436297,81436896,NO,599
chr8,81677304,81678137,NO,833
chr8,81699800,81700441,NO,641
chr8,82328420,82328892,NO,472
chr8,82579447,82580481,NO,1034
chr8,82628253,82628655,NO,402
chr8,83088189,83088883,NO,694
chr8,83274287,83275056,NO,769
chr8,83276299,83276839,NO,540
chr8,84116503,84117313,NO,810
chr8,84411961,84412277,NO,316
chr8,84417048,84417984,NO,936
chr8,85506556,85507364,NO,808
chr8,85560531,85561226,NO,695
chr8,85678936,85679500,NO,564
chr8,85683524,85684999,NO,1475
chr8,85839300,85840040,NO,740
chr8,86114380,86114994,NO,614
chr8,86300367,86301272,NO,905
chr8,86701216,86702011,NO,795
chr8,86702439,86703034,NO,595
chr8,86718129,86718656,NO,527
chr8,86821078,86821849,NO,771
chr8,86831130,86831678,NO,548
chr8,86952784,86953438,NO,654
chr8,87063330,87063779,NO,449
chr8,87201942,87202589,NO,647
chr8,87438974,87439767,NO,793
chr8,87965175,87966385,NO,1210
chr8,88022293,88023151,NO,858
chr8,88114079,88114721,NO,642
chr8,88118754,88119771,NO,1017
chr8,88121659,88122229,NO,570
chr8,88917577,88918324,NO,747
chr8,89299121,89300021,NO,900
chr8,89411697,89412634,NO,937
chr8,90153425,90154237,NO,812
chr8,90310466,90311020,NO,554
chr8,90390349,90391039,NO,690
chr8,90991676,90992213,NO,537
chr8,91443897,91444362,NO,465
chr8,91476801,91477843,NO,1042
chr8,91569015,91569562,NO,547
chr8,91680637,91681475,NO,838
chr8,91690625,91691436,NO,811
chr8,91779101,91779593,NO,492
chr8,91795502,91796285,NO,783
chr8,92106884,92107541,NO,657
chr8,92347194,92348053,NO,859
chr8,92747994,92748475,NO,481
chr8,93043980,93044631,NO,651
chr8,93193958,93195300,NO,1342
chr8,93336185,93336730,NO,545
chr8,93375315,93376069,NO,754
chr8,93405177,93406102,NO,925
chr8,93427969,93428698,NO,729
chr8,93889408,93890344,NO,936
chr8,94032915,94034062,NO,1147
chr8,94123222,94123973,NO,751
chr8,94232531,94232980,NO,449
chr8,94406905,94407538,NO,633
chr8,94445883,94446708,NO,825
chr8,94452684,94453114,NO,430
chr8,94520587,94521100,NO,513
chr8,94552104,94552981,NO,877
chr8,94566545,94567419,NO,874
chr8,94595295,94596441,NO,1146
chr8,94657713,94658724,NO,1011
chr8,94740102,94740732,NO,630
chr8,94827361,94827988,NO,627
chr8,95152554,95153394,NO,840
chr8,95266833,95267642,NO,809
chr8,95295636,95296227,NO,591
chr8,95965859,95966367,NO,508
chr8,96116081,96116644,NO,563
chr8,96151937,96152353,NO,416
chr8,96557414,96558124,NO,710
chr8,96698577,96699285,NO,708
chr8,97222869,97223586,NO,717
chr8,97446210,97446860,NO,650
chr8,97667312,97668037,NO,725
chr8,98052059,98053255,NO,1196
chr8,98055759,98056627,NO,868
chr8,98220746,98221252,NO,506
chr8,98353864,98354779,NO,915
chr8,98357295,98358061,NO,766
chr8,98476220,98476510,NO,290
chr8,98646024,98646755,NO,731
chr8,98762120,98762790,NO,670
chr8,99661700,99662295,NO,595
chr8,99719799,99720227,NO,428
chr8,99926972,99927756,NO,784
chr8,100901420,100902224,NO,804
chr8,101804318,101804804,NO,486
chr8,102201262,102201786,NO,524
chr8,106397691,106398174,NO,483
chr8,106617198,106617616,NO,418
chr8,106934703,106935358,NO,655
chr8,107751860,107752574,NO,714
chr8,107755295,107755860,NO,565
chr8,107755960,107756002,NO,42
chr8,107757087,107757896,NO,809
chr8,107955587,107956774,NO,1187
chr8,108495132,108495876,NO,744
chr8,108975038,108975703,NO,665
chr8,109039793,109040547,NO,754
chr8,109123297,109124128,NO,831
chr8,109140493,109141452,NO,959
chr8,109145085,109145892,NO,807
chr8,109396083,109397009,NO,926
chr8,109449013,109449981,NO,968
chr8,109487036,109487767,NO,731
chr8,109634296,109635061,NO,765
chr8,109811081,109811921,NO,840
chr8,110118419,110119429,NO,1010
chr8,110134661,110135507,NO,846
chr8,110357254,110357911,NO,657
chr8,110746180,110746822,NO,642
chr8,111059213,111059718,NO,505
chr8,111145130,111145801,NO,671
chr8,111246518,111247339,NO,821
chr8,111250425,111251275,NO,850
chr8,111253012,111253528,NO,516
chr8,111253691,111254244,NO,553
chr8,111282238,111282864,NO,626
chr8,111536296,111537005,NO,709
chr8,111576111,111576635,NO,524
chr8,111986152,111986806,NO,654
chr8,112216041,112217027,NO,986
chr8,112397963,112398582,NO,619
chr8,112408987,112409627,NO,640
chr8,112938741,112939640,NO,899
chr8,113048807,113049275,NO,468
chr8,114064905,114065322,NO,417
chr8,114111910,114112747,NO,837
chr8,114136803,114137690,NO,887
chr8,114145839,114146846,NO,1007
chr8,114172500,114173396,NO,896
chr8,114174301,114175132,NO,831
chr8,114289250,114290239,NO,989
chr8,114312818,114314158,NO,1340
chr8,114389300,114389587,NO,287
chr8,114392362,114393100,NO,738
chr8,114556699,114557598,NO,899
chr8,114616560,114617136,NO,576
chr8,114792710,114793440,NO,730
chr8,115219693,115219991,NO,298
chr8,116122264,116122796,NO,532
chr8,116639828,116640314,NO,486
chr8,117210079,117211000,NO,921
chr8,117212589,117213026,NO,437
chr8,117311568,117312086,NO,518
chr8,117406425,117406895,NO,470
chr8,117496716,117497490,NO,774
chr8,117534209,117534912,NO,703
chr8,117722996,117723627,NO,631
chr8,118793234,118793911,NO,677
chr8,119096857,119097415,NO,558
chr8,119197059,119199015,NO,1956
chr8,119498759,119499379,NO,620
chr8,119540821,119541450,NO,629
chr8,119683409,119683904,NO,495
chr8,119718253,119718891,NO,638
chr8,119866400,119867219,NO,819
chr8,120017171,120017971,NO,800
chr8,120027276,120028015,NO,739
chr8,120539991,120540381,NO,390
chr8,120540826,120541522,NO,696
chr8,120586569,120587021,NO,452
chr8,120809727,120810433,NO,706
chr8,120917964,120918604,NO,640
chr8,121041141,121041664,NO,523
chr8,121047614,121048509,NO,895
chr8,121320347,121320842,NO,495
chr8,121325705,121326380,NO,675
chr8,121370684,121371388,NO,704
chr8,122039400,122040081,NO,681
chr8,122669941,122670489,NO,548
chr8,122776294,122776801,NO,507
chr8,122858093,122859390,NO,1297
chr8,123033008,123033772,NO,764
chr8,123056306,123057280,NO,974
chr8,123195397,123196271,NO,874
chr8,124752460,124753545,NO,1085
chr8,124874265,124874658,NO,393
chr8,125857754,125858952,NO,1198
chr8,125899749,125900605,NO,856
chr8,125977516,125978388,NO,872
chr8,126211737,126212112,NO,375
chr8,126245988,126246686,NO,698
chr8,126330309,126331154,NO,845
chr8,126517464,126518446,NO,982
chr8,126535550,126536350,NO,800
chr8,126538311,126538752,NO,441
chr8,126611765,126612477,NO,712
chr8,126721963,126722682,NO,719
chr8,126740583,126741479,NO,896
chr8,126807996,126808770,NO,774
chr8,127007498,127008081,NO,583
chr8,127747971,127748457,NO,486
chr8,127851327,127852130,NO,803
chr8,127915301,127916069,NO,768
chr8,127984147,127985058,NO,911
chr8,128003063,128003969,NO,906
chr8,128044164,128044643,NO,479
chr8,128189605,128190453,NO,848
chr8,128207052,128208014,NO,962
chr8,128223051,128223924,NO,873
chr8,128224163,128225068,NO,905
chr8,129279911,129280470,NO,559
chr8,129384521,129385178,NO,657
chr8,129728710,129729650,NO,940
chr8,129791730,129792393,NO,663
chr8,129866710,129867518,NO,808
chr8,129921365,129921844,NO,479
chr8,130022673,130023453,NO,780
chr8,130036458,130036997,NO,539
chr8,130408365,130408958,NO,593
chr8,130566626,130567533,NO,907
chr8,130759816,130760620,NO,804
chr8,131062146,131062729,NO,583
chr9,3439551,3440223,NO,672
chr9,3523874,3524509,NO,635
chr9,3871115,3871623,NO,508
chr9,3871865,3872663,NO,798
chr9,3987927,3988588,NO,661
chr9,5132342,5132722,NO,380
chr9,5594523,5595244,NO,721
chr9,6286769,6287261,NO,492
chr9,6366412,6366985,NO,573
chr9,7633700,7634630,NO,930
chr9,7711287,7711641,NO,354
chr9,7796126,7796802,NO,676
chr9,7995885,7996507,NO,622
chr9,8462571,8463520,NO,949
chr9,8733581,8733913,NO,332
chr9,8769955,8770397,NO,442
chr9,9027303,9028580,NO,1277
chr9,9160665,9161150,NO,485
chr9,9268906,9269812,NO,906
chr9,10269124,10269859,NO,735
chr9,10308618,10309161,NO,543
chr9,10448843,10449855,NO,1012
chr9,10879561,10880332,NO,771
chr9,11377949,11378700,NO,751
chr9,11693592,11693910,NO,318
chr9,11920135,11920716,NO,581
chr9,11940771,11941108,NO,337
chr9,11981901,11982530,NO,629
chr9,12946168,12946781,NO,613
chr9,13499346,13499913,NO,567
chr9,13503610,13504517,NO,907
chr9,13978105,13979222,NO,1117
chr9,14037871,14038755,NO,884
chr9,14049189,14050053,NO,864
chr9,14446834,14447249,NO,415
chr9,14484608,14485436,NO,828
chr9,14485857,14486412,NO,555
chr9,14695133,14695628,NO,495
chr9,14739255,14739784,NO,529
chr9,14827392,14828210,NO,818
chr9,14979792,14980266,NO,474
chr9,15081242,15081878,NO,636
chr9,15121471,15122083,NO,612
chr9,15276659,15277225,NO,566
chr9,15655154,15655713,NO,559
chr9,15818347,15819240,NO,893
chr9,16119448,16119871,NO,423
chr9,16157563,16158160,NO,597
chr9,16166229,16166721,NO,492
chr9,17390419,17391132,NO,713
chr9,17464081,17464526,NO,445
chr9,17669928,17670366,NO,438
chr9,17679063,17679721,NO,658
chr9,17845638,17846191,NO,553
chr9,18501891,18502749,NO,858
chr9,18526244,18527754,NO,1510
chr9,18766326,18766823,NO,497
chr9,20257900,20258612,NO,712
chr9,20308165,20308802,NO,637
chr9,20782392,20783244,NO,852
chr9,20783334,20784089,NO,755
chr9,21222272,21222788,NO,516
chr9,21259692,21260416,NO,724
chr9,21361873,21362635,NO,762
chr9,21566312,21567126,NO,814
chr9,21572510,21573527,NO,1017
chr9,21591319,21592194,NO,875
chr9,21652171,21652836,NO,665
chr9,21941572,21942182,NO,610
chr9,21970252,21970943,NO,691
chr9,22158375,22158947,NO,572
chr9,22169452,22170081,NO,629
chr9,22536808,22537593,NO,785
chr9,23381874,23382339,NO,465
chr9,23964642,23965371,NO,729
chr9,24622882,24623464,NO,582
chr9,24683158,24683451,NO,293
chr9,25371363,25371984,NO,621
chr9,25558573,25559310,NO,737
chr9,25662114,25662701,NO,587
chr9,26965221,26965892,NO,671
chr9,27162614,27163143,NO,529
chr9,28048764,28049225,NO,461
chr9,28063015,28063605,NO,590
chr9,28256905,28257393,NO,488
chr9,28338047,28338698,NO,651
chr9,28421300,28421914,NO,614
chr9,28422839,28423484,NO,645
chr9,28981299,28981943,NO,644
chr9,29419529,29420147,NO,618
chr9,29465228,29465684,NO,456
chr9,29751033,29751560,NO,527
chr9,30092583,30092639,NO,56
chr9,30405230,30406133,NO,903
chr9,30817541,30818309,NO,768
chr9,30826037,30826959,NO,922
chr9,30840106,30840580,NO,474
chr9,30858973,30859630,NO,657
chr9,30863260,30864041,NO,781
chr9,30926959,30928022,NO,1063
chr9,31081422,31082167,NO,745
chr9,31426671,31427500,NO,829
chr9,31495654,31496778,NO,1124
chr9,31767764,31768647,NO,883
chr9,31783521,31784237,NO,716
chr9,31797048,31797576,NO,528
chr9,31818997,31819682,NO,685
chr9,31903031,31903617,NO,586
chr9,32029166,32029617,NO,451
chr9,32176933,32177622,NO,689
chr9,32222405,32223186,NO,781
chr9,32257465,32258379,NO,914
chr9,32493297,32493944,NO,647
chr9,34189637,34190305,NO,668
chr9,34495338,34495829,NO,491
chr9,34919369,34920459,NO,1090
chr9,35210177,35210766,NO,589
chr9,36601807,36602639,NO,832
chr9,36610511,36611238,NO,727
chr9,36812108,36812776,NO,668
chr9,36829121,36829994,NO,873
chr9,36897465,36898130,NO,665
chr9,36981205,36981759,NO,554
chr9,37056042,37056855,NO,813
chr9,37292583,37293531,NO,948
chr9,38214933,38215749,NO,816
chr9,38959945,38960474,NO,529
chr9,39409828,39410506,NO,678
chr9,40013872,40014553,NO,681
chr9,40044965,40045731,NO,766
chr9,40047340,40047824,NO,484
chr9,40047885,40049254,NO,1369
chr9,40205176,40205983,NO,807
chr9,40575969,40576549,NO,580
chr9,40591455,40592681,NO,1226
chr9,40667331,40667966,NO,635
chr9,41031465,41031916,NO,451
chr9,41085684,41086199,NO,515
chr9,41444975,41445418,NO,443
chr9,41544966,41545424,NO,458
chr9,41761610,41762433,NO,823
chr9,41850398,41850837,NO,439
chr9,41908484,41909372,NO,888
chr9,41982263,41983306,NO,1043
chr9,41986971,41987512,NO,541
chr9,41999080,41999365,NO,285
chr9,42320431,42320971,NO,540
chr9,42456149,42456550,NO,401
chr9,42665740,42667124,NO,1384
chr9,42686251,42687083,NO,832
chr9,42940453,42940997,NO,544
chr9,42996480,42997324,NO,844
chr9,42999408,43000098,NO,690
chr9,43002655,43003277,NO,622
chr9,43018017,43018601,NO,584
chr9,43197553,43197928,NO,375
chr9,43262032,43262609,NO,577
chr9,43537646,43538191,NO,545
chr9,43622457,43622782,NO,325
chr9,43668266,43668795,NO,529
chr9,43687959,43688478,NO,519
chr9,43935287,43935981,NO,694
chr9,44119256,44120060,NO,804
chr9,44141293,44142111,NO,818
chr9,44402935,44403840,NO,905
chr9,44884311,44884850,NO,539
chr9,45157111,45158710,NO,1599
chr9,45310148,45310816,NO,668
chr9,45432008,45432532,NO,524
chr9,45649159,45649717,NO,558
chr9,45963825,45964359,NO,534
chr9,45978033,45978494,NO,461
chr9,46203621,46204024,NO,403
chr9,46389781,46390515,NO,734
chr9,46697816,46698704,NO,888
chr9,46699735,46700403,NO,668
chr9,46724712,46725267,NO,555
chr9,46786871,46787508,NO,637
chr9,47083262,47083820,NO,558
chr9,47158787,47159229,NO,442
chr9,47176256,47176343,NO,87
chr9,47322104,47323029,NO,925
chr9,47341278,47342102,NO,824
chr9,47572122,47573038,NO,916
chr9,47646682,47647424,NO,742
chr9,47909207,47909824,NO,617
chr9,48005354,48005927,NO,573
chr9,48333604,48334274,NO,670
chr9,48405539,48406089,NO,550
chr9,48647618,48648098,NO,480
chr9,48697173,48697684,NO,511
chr9,48703857,48704412,NO,555
chr9,48799482,48800362,NO,880
chr9,48831900,48833373,NO,1473
chr9,48862028,48862859,NO,831
chr9,48983418,48984221,NO,803
chr9,48986568,48987219,NO,651
chr9,49036758,49037234,NO,476
chr9,49085550,49086038,NO,488
chr9,49197509,49197946,NO,437
chr9,49325919,49326643,NO,724
chr9,49341792,49342673,NO,881
chr9,49461663,49462520,NO,857
chr9,49559299,49560181,NO,882
chr9,49604426,49604976,NO,550
chr9,49743610,49744745,NO,1135
chr9,49758442,49759028,NO,586
chr9,49914561,49915213,NO,652
chr9,49932238,49932871,NO,633
chr9,50789806,50790452,NO,646
chr9,51113542,51114028,NO,486
chr9,51854804,51855366,NO,562
chr9,52086072,52086954,NO,882
chr9,53377898,53378701,NO,803
chr9,53488693,53489541,NO,848
chr9,53618496,53619776,NO,1280
chr9,53645054,53645553,NO,499
chr9,53653986,53654842,NO,856
chr9,53946327,53946983,NO,656
chr9,53997812,53998382,NO,570
chr9,54064296,54064958,NO,662
chr9,54620579,54621265,NO,686
chr9,54650546,54651385,NO,839
chr9,54687662,54688594,NO,932
chr9,54703743,54704683,NO,940
chr9,54704846,54705821,NO,975
chr9,54948885,54949443,NO,558
chr9,55021927,55022644,NO,717
chr9,55063210,55064456,NO,1246
chr9,55072216,55073663,NO,1447
chr9,55446024,55447133,NO,1109
chr9,55748051,55748821,NO,770
chr9,55920589,55921374,NO,785
chr9,56677981,56678369,NO,388
chr9,57010741,57011255,NO,514
chr9,57013813,57014562,NO,749
chr9,57358103,57359047,NO,944
chr9,57371438,57371993,NO,555
chr9,57677536,57678655,NO,1119
chr9,57750775,57751135,NO,360
chr9,57768598,57769260,NO,662
chr9,58066123,58066750,NO,627
chr9,58089240,58090163,NO,923
chr9,58303407,58304156,NO,749
chr9,58501289,58501814,NO,525
chr9,58604579,58605146,NO,567
chr9,58609718,58610488,NO,770
chr9,58612143,58612623,NO,480
chr9,58815227,58815606,NO,379
chr9,58949742,58950411,NO,669
chr9,59235106,59236012,NO,906
chr9,59320679,59321495,NO,816
chr9,59516152,59516979,NO,827
chr9,59872699,59873413,NO,714
chr9,60273970,60274382,NO,412
chr9,60281944,60282510,NO,566
chr9,60357691,60358246,NO,555
chr9,60595996,60596437,NO,441
chr9,60635345,60636054,NO,709
chr9,60668970,60669572,NO,602
chr9,60949430,60949773,NO,343
chr9,60959478,60960253,NO,775
chr9,61069962,61070857,NO,895
chr9,61097326,61098113,NO,787
chr9,61112904,61113663,NO,759
chr9,61115184,61116419,NO,1235
chr9,61140895,61142001,NO,1106
chr9,61208965,61209654,NO,689
chr9,61233897,61234814,NO,917
chr9,61316146,61316852,NO,706
chr9,61318395,61319521,NO,1126
chr9,61421576,61422088,NO,512
chr9,61470617,61471240,NO,623
chr9,61515159,61516470,NO,1311
chr9,62050012,62050657,NO,645
chr9,62185724,62186999,NO,1275
chr9,62208623,62209221,NO,598
chr9,62356538,62357058,NO,520
chr9,62383015,62383432,NO,417
chr9,62456229,62456618,NO,389
chr9,62966017,62966636,NO,619
chr9,63267850,63268594,NO,744
chr9,63381821,63382503,NO,682
chr9,64114898,64115556,NO,658
chr9,64209225,64209960,NO,735
chr9,64416223,64416549,NO,326
chr9,64465114,64465596,NO,482
chr9,64512263,64512792,NO,529
chr9,64988516,64989016,NO,500
chr9,65026498,65027257,NO,759
chr9,65121543,65122228,NO,685
chr9,65186892,65187351,NO,459
chr9,65194880,65195417,NO,537
chr9,65441290,65442044,NO,754
chr9,65466800,65467794,NO,994
chr9,65483464,65484145,NO,681
chr9,65488693,65489581,NO,888
chr9,65839094,65839726,NO,632
chr9,66076348,66077050,NO,702
chr9,66506575,66507102,NO,527
chr9,66549498,66550004,NO,506
chr9,66760210,66760720,NO,510
chr9,67056190,67056634,NO,444
chr9,67061953,67062471,NO,518
chr9,67108504,67109237,NO,733
chr9,67172419,67173229,NO,810
chr9,67194922,67195670,NO,748
chr9,67209839,67210340,NO,501
chr9,67803221,67803872,NO,651
chr9,68464946,68465474,NO,528
chr9,68645985,68646717,NO,732
chr9,69267107,69267762,NO,655
chr9,69425602,69426458,NO,856
chr9,69517779,69518862,NO,1083
chr9,69736683,69737246,NO,563
chr9,70042233,70043051,NO,818
chr9,70067253,70067778,NO,525
chr9,70071024,70071655,NO,631
chr9,70104980,70105819,NO,839
chr9,70324872,70325516,NO,644
chr9,70335017,70335741,NO,724
chr9,70643075,70643765,NO,690
chr9,70653856,70654241,NO,385
chr9,70665135,70665844,NO,709
chr9,70865688,70866404,NO,716
chr9,71064943,71065502,NO,559
chr9,71074858,71075768,NO,910
chr9,71079477,71080270,NO,793
chr9,71179339,71180016,NO,677
chr9,71208929,71209800,NO,871
chr9,71341338,71342172,NO,834
chr9,71610779,71611722,NO,943
chr9,71708960,71709634,NO,674
chr9,71726891,71727891,NO,1000
chr9,71763705,71764809,NO,1104
chr9,71822360,71822798,NO,438
chr9,71945249,71945811,NO,562
chr9,72505560,72506130,NO,570
chr9,72627390,72628209,NO,819
chr9,72660060,72660935,NO,875
chr9,72786294,72787066,NO,772
chr9,72918450,72919308,NO,858
chr9,72942098,72942695,NO,597
chr9,72977358,72978014,NO,656
chr9,74178823,74179433,NO,610
chr9,74695919,74696664,NO,745
chr9,74708157,74708838,NO,681
chr9,74715795,74716448,NO,653
chr9,74845411,74846463,NO,1052
chr9,74932926,74933815,NO,889
chr9,75223996,75225060,NO,1064
chr9,75310868,75311755,NO,887
chr9,75412496,75413425,NO,929
chr9,76161671,76161988,NO,317
chr9,77464329,77465344,NO,1015
chr9,77589123,77589716,NO,593
chr9,77606686,77607650,NO,964
chr9,77624694,77625374,NO,680
chr9,77951768,77952528,NO,760
chr9,78021739,78022517,NO,778
chr9,78038277,78039230,NO,953
chr9,78267004,78267478,NO,474
chr9,79465207,79465953,NO,746
chr9,79678663,79679128,NO,465
chr9,80239099,80239536,NO,437
chr9,81531413,81531460,NO,47
chr9,83193299,83194233,NO,934
chr9,83541968,83542632,NO,664
chr9,84134000,84134851,NO,851
chr9,84146724,84147722,NO,998
chr9,84737567,84738241,NO,674
chr9,85196227,85196620,NO,393
chr9,85353069,85353564,NO,495
chr9,85379244,85380001,NO,757
chr9,86886129,86886815,NO,686
chr9,87625733,87626436,NO,703
chr9,87650185,87650872,NO,687
chr9,87679593,87680163,NO,570
chr9,87789059,87789492,NO,433
chr9,87958860,87959608,NO,748
chr9,88131862,88132310,NO,448
chr9,88213814,88214501,NO,687
chr9,88227178,88228053,NO,875
chr9,88256766,88257553,NO,787
chr9,88377528,88378586,NO,1058
chr9,89762963,89763410,NO,447
chr9,89810710,89811026,NO,316
chr9,90020138,90020597,NO,459
chr9,90710597,90711421,NO,824
chr9,90728575,90729490,NO,915
chr9,92155651,92156150,NO,499
chr9,92825306,92825838,NO,532
chr9,94029127,94029593,NO,466
chr9,94561967,94562816,NO,849
chr9,94575081,94575619,NO,538
chr9,95096844,95097493,NO,649
chr9,95446186,95446920,NO,734
chr9,95944614,95945131,NO,517
chr9,96130338,96131346,NO,1008
chr9,96503830,96504319,NO,489
chr9,96726163,96726901,NO,738
chr9,97013591,97015267,NO,1676
chr9,97377292,97378076,NO,784
chr9,97533414,97533813,NO,399
chr9,97660564,97660974,NO,410
chr9,97716323,97717244,NO,921
chr9,97753091,97753801,NO,710
chr9,99052984,99053503,NO,519
chr9,99053955,99054712,NO,757
chr9,99156322,99157081,NO,759
chr9,99772957,99773629,NO,672
chr9,100481945,100482852,NO,907
chr9,100540961,100541608,NO,647
chr9,100863450,100864585,NO,1135
chr9,100934315,100935290,NO,975
chr9,100941891,100942688,NO,797
chr9,100966524,100967166,NO,642
chr9,102107598,102108477,NO,879
chr9,102113756,102114337,NO,581
chr9,102137711,102138258,NO,547
chr9,102164243,102164861,NO,618
chr9,102430267,102430967,NO,700
chr9,102592120,102593562,NO,1442
chr9,102902343,102903282,NO,939
chr9,103041111,103041596,NO,485
chr9,103048891,103049726,NO,835
chr9,103406805,103407447,NO,642
chr9,103416053,103416710,NO,657
chr9,103476375,103477136,NO,761
chr9,103869180,103869653,NO,473
chr9,103987978,103988623,NO,645
chr9,104004889,104005928,NO,1039
chr9,104096735,104097202,NO,467
chr9,104707017,104707653,NO,636
chr9,105389254,105389964,NO,710
chr9,105501402,105501990,NO,588
chr9,106069546,106070607,NO,1061
chr9,106073940,106074893,NO,953
chr9,106113285,106114150,NO,865
chr9,106436610,106437190,NO,580
chr9,107477688,107478446,NO,758
chr9,107478506,107478518,NO,12
chr9,107496491,107497240,NO,749
chr9,107529104,107529620,NO,516
chr9,107532682,107533461,NO,779
chr9,107579734,107580327,NO,593
chr9,107860938,107861447,NO,509
chr9,107922822,107923650,NO,828
chr9,108198631,108199438,NO,807
chr9,108203864,108204642,NO,778
chr9,108208272,108208673,NO,401
chr9,108424057,108425078,NO,1021
chr9,108469174,108470010,NO,836
chr9,108556747,108557725,NO,978
chr9,108612780,108613718,NO,938
chr9,108626033,108626646,NO,613
chr9,109079463,109080133,NO,670
chr9,109449147,109449640,NO,493
chr9,109452056,109452603,NO,547
chr9,109774888,109775365,NO,477
chr9,110108369,110109024,NO,655
chr9,110225263,110225883,NO,620
chr9,110562502,110563156,NO,654
chr9,110647812,110648457,NO,645
chr9,110757426,110757966,NO,540
chr9,111388906,111389666,NO,760
chr9,111408428,111409094,NO,666
chr9,111478167,111478938,NO,771
chr9,111481322,111481881,NO,559
chr9,111627284,111628065,NO,781
chr9,111634629,111635299,NO,670
chr9,111782055,111782769,NO,714
chr9,112019975,112020696,NO,721
chr9,112020742,112021421,NO,679
chr9,112637952,112638600,NO,648
chr9,113101824,113102576,NO,752
chr9,113208450,113208957,NO,507
chr9,113233419,113234275,NO,856
chr9,113295021,113295785,NO,764
chr9,113366862,113369394,NO,2532
chr9,113405502,113406021,NO,519
chr9,113524795,113525401,NO,606
chr9,113579836,113580415,NO,579
chr9,113712622,113713312,NO,690
chr9,113996326,113997175,NO,849
chr9,114493073,114494132,NO,1059
chr9,114533119,114533928,NO,809
chr9,114549100,114549959,NO,859
chr9,115454702,115455398,NO,696
chr9,115555133,115555968,NO,835
chr9,115575608,115576112,NO,504
chr9,115632977,115633714,NO,737
chr9,115714503,115715229,NO,726
chr9,116193184,116193462,NO,278
chr9,116225782,116226364,NO,582
chr9,116336430,116337193,NO,763
chr9,116359838,116360394,NO,556
chr9,116371334,116371724,NO,390
chr9,116409931,116410475,NO,544
chr9,116483600,116484324,NO,724
chr9,116821642,116822094,NO,452
chr9,116828588,116829500,NO,912
chr9,117206527,117207271,NO,744
chr9,117281894,117282343,NO,449
chr9,118164338,118165311,NO,973
chr9,118175195,118176022,NO,827
chr9,118298668,118299503,NO,835
chr9,118315075,118315950,NO,875
chr9,118446461,118447564,NO,1103
chr9,118772478,118773130,NO,652
chr9,118914575,118915232,NO,657
chr9,119229753,119230514,NO,761
chr9,119284575,119285165,NO,590
chr9,119480226,119481083,NO,857
chr9,119867733,119868315,NO,582
chr9,119900321,119900933,NO,612
chr9,119914708,119915404,NO,696
chr9,120058262,120059236,NO,974
chr9,120617500,120618171,NO,671
chr9,120641703,120642568,NO,865
chr9,120668715,120669388,NO,673
chr9,121209918,121210575,NO,657
chr9,121280245,121280992,NO,747
chr9,121523143,121523927,NO,784
chr9,121898518,121899106,NO,588
chr9,122631156,122631514,NO,358
chr9,122730151,122730891,NO,740
chr9,123640391,123640938,NO,547
chr10,3467939,3468402,NO,463
chr10,3525370,3525951,NO,581
chr10,4521315,4521870,NO,555
chr10,4523708,4524373,NO,665
chr10,4785446,4786269,NO,823
chr10,5318724,5319435,NO,711
chr10,5852913,5853915,NO,1002
chr10,5970883,5971433,NO,550
chr10,6012639,6014202,NO,1563
chr10,6041377,6041965,NO,588
chr10,6056028,6057101,NO,1073
chr10,6080029,6080762,NO,733
chr10,6096866,6097543,NO,677
chr10,6103708,6104516,NO,808
chr10,6202717,6203446,NO,729
chr10,6284873,6285615,NO,742
chr10,6396747,6397288,NO,541
chr10,6404637,6405656,NO,1019
chr10,6454106,6455106,NO,1000
chr10,6616442,6617050,NO,608
chr10,7172894,7173576,NO,682
chr10,7332083,7332439,NO,356
chr10,7365636,7366135,NO,499
chr10,7834064,7835173,NO,1109
chr10,8084007,8084398,NO,391
chr10,8605895,8606642,NO,747
chr10,8608812,8609821,NO,1009
chr10,8805089,8805907,NO,818
chr10,8810747,8811099,NO,352
chr10,8972372,8972864,NO,492
chr10,9051217,9051995,NO,778
chr10,9345109,9345727,NO,618
chr10,9478197,9478693,NO,496
chr10,10567378,10567910,NO,532
chr10,10949063,10949754,NO,691
chr10,11473845,11474241,NO,396
chr10,11500899,11501533,NO,634
chr10,12104938,12105583,NO,645
chr10,12261334,12262109,NO,775
chr10,12262278,12262748,NO,470
chr10,12263296,12263714,NO,418
chr10,12269663,12270397,NO,734
chr10,12273728,12274429,NO,701
chr10,12292338,12293201,NO,863
chr10,12328250,12329109,NO,859
chr10,12334002,12334991,NO,989
chr10,12511715,12512387,NO,672
chr10,12733586,12734303,NO,717
chr10,12827468,12828475,NO,1007
chr10,13381211,13381502,NO,291
chr10,13410590,13411024,NO,434
chr10,13542048,13543000,NO,952
chr10,13801450,13802173,NO,723
chr10,14423031,14423523,NO,492
chr10,14687266,14687957,NO,691
chr10,14982968,14983788,NO,820
chr10,15511077,15511609,NO,532
chr10,16896649,16897418,NO,769
chr10,16898251,16899078,NO,827
chr10,16949089,16949296,NO,207
chr10,16949895,16950504,NO,609
chr10,17295971,17296769,NO,798
chr10,17299206,17299847,NO,641
chr10,17318918,17319488,NO,570
chr10,17528169,17528857,NO,688
chr10,17723333,17723722,NO,389
chr10,17764307,17764756,NO,449
chr10,17914473,17915181,NO,708
chr10,18039370,18040002,NO,632
chr10,18076439,18076896,NO,457
chr10,18137990,18138574,NO,584
chr10,18142525,18143326,NO,801
chr10,18165486,18166201,NO,715
chr10,18188738,18189638,NO,900
chr10,18202174,18202870,NO,696
chr10,18221634,18222381,NO,747
chr10,18303936,18304492,NO,556
chr10,18353991,18354834,NO,843
chr10,18927473,18928541,NO,1068
chr10,19123851,19124720,NO,869
chr10,19428463,19429212,NO,749
chr10,19555788,19556217,NO,429
chr10,19611440,19612044,NO,604
chr10,19658492,19658963,NO,471
chr10,19750375,19751054,NO,679
chr10,19873349,19874004,NO,655
chr10,19984179,19984811,NO,632
chr10,20115667,20116343,NO,676
chr10,20129921,20130638,NO,717
chr10,20773759,20774889,NO,1130
chr10,20775059,20775106,NO,47
chr10,20850436,20851316,NO,880
chr10,21018761,21019274,NO,513
chr10,21159044,21159520,NO,476
chr10,21421393,21422103,NO,710
chr10,21465547,21466588,NO,1041
chr10,21565286,21566129,NO,843
chr10,21567359,21568461,NO,1102
chr10,21774956,21775695,NO,739
chr10,22599400,22599932,NO,532
chr10,23525774,23526385,NO,611
chr10,23532622,23533601,NO,979
chr10,24310265,24311057,NO,792
chr10,24381856,24382581,NO,725
chr10,24403856,24404330,NO,474
chr10,24525445,24525619,NO,174
chr10,24532225,24533217,NO,992
chr10,24545811,24546677,NO,866
chr10,24554245,24555200,NO,955
chr10,24582734,24583438,NO,704
chr10,24743522,24744450,NO,928
chr10,24749090,24749749,NO,659
chr10,24999045,24999687,NO,642
chr10,25033588,25034289,NO,701
chr10,25308239,25309011,NO,772
chr10,25678649,25679746,NO,1097
chr10,25914859,25915870,NO,1011
chr10,26000045,26000525,NO,480
chr10,26047476,26048022,NO,546
chr10,26053342,26054194,NO,852
chr10,26328550,26329396,NO,846
chr10,26357287,26357851,NO,564
chr10,26357920,26358370,NO,450
chr10,26372744,26373272,NO,528
chr10,27713908,27714862,NO,954
chr10,27731723,27732273,NO,550
chr10,27733069,27733772,NO,703
chr10,27733938,27734868,NO,930
chr10,27807432,27808278,NO,846
chr10,28355692,28356372,NO,680
chr10,29314626,29315497,NO,871
chr10,29575270,29576128,NO,858
chr10,30347414,30348072,NO,658
chr10,30452967,30453716,NO,749
chr10,30456869,30457850,NO,981
chr10,31176379,31176934,NO,555
chr10,32310520,32310966,NO,446
chr10,32359773,32360609,NO,836
chr10,32662702,32663212,NO,510
chr10,33095187,33095997,NO,810
chr10,33516088,33516407,NO,319
chr10,33680698,33681499,NO,801
chr10,33950012,33950617,NO,605
chr10,33956461,33957066,NO,605
chr10,33972649,33973253,NO,604
chr10,34035754,34036373,NO,619
chr10,34079292,34079852,NO,560
chr10,34607300,34607786,NO,486
chr10,34736031,34736594,NO,563
chr10,34984750,34985356,NO,606
chr10,36331134,36331914,NO,780
chr10,36342701,36343313,NO,612
chr10,36643875,36644457,NO,582
chr10,36655618,36656214,NO,596
chr10,36931863,36932789,NO,926
chr10,36938127,36939016,NO,889
chr10,37097499,37098367,NO,868
chr10,37386766,37387289,NO,523
chr10,37561580,37561947,NO,367
chr10,38273236,38273886,NO,650
chr10,38826451,38827327,NO,876
chr10,38834079,38834554,NO,475
chr10,38838315,38839056,NO,741
chr10,38929517,38930150,NO,633
chr10,38944178,38944927,NO,749
chr10,39266593,39267354,NO,761
chr10,39312148,39312684,NO,536
chr10,39338030,39338814,NO,784
chr10,39369997,39370711,NO,714
chr10,39394485,39395225,NO,740
chr10,39455931,39456518,NO,587
chr10,39506739,39507105,NO,366
chr10,39695371,39695900,NO,529
chr10,40082580,40083435,NO,855
chr10,40145347,40146139,NO,792
chr10,40199387,40199928,NO,541
chr10,40617340,40617902,NO,562
chr10,41120787,41121394,NO,607
chr10,41186875,41187821,NO,946
chr10,41326975,41327776,NO,801
chr10,41346832,41347467,NO,635
chr10,41549773,41550332,NO,559
chr10,41717179,41718073,NO,894
chr10,41974242,41974651,NO,409
chr10,42135685,42136311,NO,626
chr10,42365959,42366650,NO,691
chr10,42520619,42521185,NO,566
chr10,42665078,42665727,NO,649
chr10,42687825,42688823,NO,998
chr10,42763028,42763668,NO,640
chr10,42995657,42996581,NO,924
chr10,43196881,43198135,NO,1254
chr10,43226844,43227454,NO,610
chr10,43271057,43271770,NO,713
chr10,43407141,43407924,NO,783
chr10,43658808,43659564,NO,756
chr10,43806211,43806648,NO,437
chr10,44027901,44028681,NO,780
chr10,44088304,44089173,NO,869
chr10,44128831,44129516,NO,685
chr10,44135548,44136061,NO,513
chr10,44154463,44155303,NO,840
chr10,44202850,44203259,NO,409
chr10,44221243,44221805,NO,562
chr10,44226641,44227336,NO,695
chr10,44227691,44228251,NO,560
chr10,44235487,44236367,NO,880
chr10,44239842,44241045,NO,1203
chr10,44259041,44259907,NO,866
chr10,44264610,44265356,NO,746
chr10,44403919,44404654,NO,735
chr10,44418311,44419127,NO,816
chr10,44419181,44420477,NO,1296
chr10,44436343,44436834,NO,491
chr10,44441336,44442049,NO,713
chr10,44664993,44665638,NO,645
chr10,44792055,44792644,NO,589
chr10,44811120,44811696,NO,576
chr10,44811803,44812515,NO,712
chr10,44914221,44914866,NO,645
chr10,44957379,44957861,NO,482
chr10,45043873,45044499,NO,626
chr10,45165832,45166571,NO,739
chr10,46450267,46450750,NO,483
chr10,46453409,46454250,NO,841
chr10,46460753,46461302,NO,549
chr10,47237519,47238222,NO,703
chr10,48856459,48857209,NO,750
chr10,48860308,48860813,NO,505
chr10,49137024,49137565,NO,541
chr10,49627965,49628266,NO,301
chr10,50957728,50958538,NO,810
chr10,51183432,51184062,NO,630
chr10,51965881,51966650,NO,769
chr10,51993516,51994666,NO,1150
chr10,51997798,51998370,NO,572
chr10,51999766,52000648,NO,882
chr10,52009171,52009840,NO,669
chr10,52015611,52016266,NO,655
chr10,53132563,53133212,NO,649
chr10,54229416,54230044,NO,628
chr10,55257027,55257733,NO,706
chr10,56093669,56094706,NO,1037
chr10,56095559,56096370,NO,811
chr10,56126502,56127122,NO,620
chr10,57211848,57212434,NO,586
chr10,57296337,57297003,NO,666
chr10,57993955,57994395,NO,440
chr10,57994773,57995356,NO,583
chr10,58057073,58057853,NO,780
chr10,58816521,58817547,NO,1026
chr10,59007802,59008498,NO,696
chr10,59020972,59022039,NO,1067
chr10,59043179,59043971,NO,792
chr10,59103528,59104291,NO,763
chr10,59152502,59153259,NO,757
chr10,59369980,59371002,NO,1022
chr10,59599481,59600108,NO,627
chr10,59610305,59611088,NO,783
chr10,59628540,59629958,NO,1418
chr10,60015779,60016431,NO,652
chr10,60069510,60070352,NO,842
chr10,60190244,60190855,NO,611
chr10,60246204,60246793,NO,589
chr10,60289093,60289956,NO,863
chr10,60290800,60291623,NO,823
chr10,60411663,60411873,NO,210
chr10,60521842,60522494,NO,652
chr10,60688428,60688895,NO,467
chr10,60704576,60705335,NO,759
chr10,60777998,60779183,NO,1185
chr10,60837711,60838592,NO,881
chr10,60844650,60845392,NO,742
chr10,60878292,60880002,NO,1710
chr10,61087483,61088407,NO,924
chr10,61291575,61292454,NO,879
chr10,61294372,61295067,NO,695
chr10,61391440,61392698,NO,1258
chr10,61472719,61473330,NO,611
chr10,61475001,61475585,NO,584
chr10,61499394,61500093,NO,699
chr10,61695639,61696390,NO,751
chr10,61704803,61705502,NO,699
chr10,61937549,61938220,NO,671
chr10,61939449,61940221,NO,772
chr10,61976766,61977458,NO,692
chr10,62552054,62552814,NO,760
chr10,62699664,62700521,NO,857
chr10,62810374,62811242,NO,868
chr10,62811310,62811963,NO,653
chr10,62823226,62823873,NO,647
chr10,62986701,62987164,NO,463
chr10,63552903,63553413,NO,510
chr10,64131234,64131755,NO,521
chr10,64199227,64199955,NO,728
chr10,64206793,64207484,NO,691
chr10,64461473,64462021,NO,548
chr10,66010262,66010937,NO,675
chr10,66432010,66433041,NO,1031
chr10,66465837,66467256,NO,1419
chr10,66488303,66489148,NO,845
chr10,66515991,66516680,NO,689
chr10,66650520,66650958,NO,438
chr10,66917062,66917499,NO,437
chr10,66921328,66922023,NO,695
chr10,66924495,66925171,NO,676
chr10,67110340,67111151,NO,811
chr10,67506740,67507203,NO,463
chr10,67526245,67527170,NO,925
chr10,67574686,67575642,NO,956
chr10,67577558,67578391,NO,833
chr10,67599291,67600859,NO,1568
chr10,67692851,67693489,NO,638
chr10,67702616,67703417,NO,801
chr10,67722295,67723028,NO,733
chr10,68258033,68258837,NO,804
chr10,68822255,68822910,NO,655
chr10,69322589,69323495,NO,906
chr10,69370739,69372012,NO,1273
chr10,69388191,69389259,NO,1068
chr10,69557563,69558392,NO,829
chr10,69723053,69723997,NO,944
chr10,69754833,69755465,NO,632
chr10,69788194,69788832,NO,638
chr10,69821802,69823548,NO,1746
chr10,69827134,69827994,NO,860
chr10,69895948,69896630,NO,682
chr10,70190630,70191132,NO,502
chr10,70202188,70202896,NO,708
chr10,70204449,70205145,NO,696
chr10,70334514,70335151,NO,637
chr10,70340548,70341176,NO,628
chr10,70772984,70773494,NO,510
chr10,70808586,70809333,NO,747
chr10,70910894,70911487,NO,593
chr10,71197724,71198381,NO,657
chr10,71200875,71201420,NO,545
chr10,72502206,72502865,NO,659
chr10,73358598,73359397,NO,799
chr10,74415252,74416192,NO,940
chr10,75141884,75142736,NO,852
chr10,75313588,75314968,NO,1380
chr10,75465169,75465857,NO,688
chr10,75491765,75492542,NO,777
chr10,75530347,75531030,NO,683
chr10,75902165,75902804,NO,639
chr10,76346389,76346957,NO,568
chr10,76479024,76479872,NO,848
chr10,76559612,76560301,NO,689
chr10,77034903,77035863,NO,960
chr10,77065603,77066355,NO,752
chr10,77500956,77501452,NO,496
chr10,77559338,77559858,NO,520
chr10,77722255,77722972,NO,717
chr10,77788855,77789588,NO,733
chr10,77828696,77829521,NO,825
chr10,77830025,77830894,NO,869
chr10,77853564,77854393,NO,829
chr10,77965673,77966138,NO,465
chr10,79135588,79136419,NO,831
chr10,79927635,79928138,NO,503
chr10,79932517,79933150,NO,633
chr10,80423491,80424349,NO,858
chr10,80604180,80605019,NO,839
chr10,80692540,80693324,NO,784
chr10,80802965,80803759,NO,794
chr10,81610172,81610992,NO,820
chr10,81622355,81622885,NO,530
chr10,81845617,81846224,NO,607
chr10,82271845,82272889,NO,1044
chr10,82323925,82324687,NO,762
chr10,82806815,82807384,NO,569
chr10,82808525,82809352,NO,827
chr10,83160428,83161066,NO,638
chr10,83559919,83560429,NO,510
chr10,83845684,83846432,NO,748
chr10,83880994,83881846,NO,852
chr10,83920603,83921405,NO,802
chr10,83985751,83986380,NO,629
chr10,84017088,84017957,NO,869
chr10,84148608,84149276,NO,668
chr10,84170413,84171567,NO,1154
chr10,84218273,84219100,NO,827
chr10,84220977,84221859,NO,882
chr10,84298750,84299287,NO,537
chr10,84301653,84302397,NO,744
chr10,84321604,84322622,NO,1018
chr10,84325385,84326392,NO,1007
chr10,84348577,84349351,NO,774
chr10,84373188,84374377,NO,1189
chr10,84534116,84535113,NO,997
chr10,84660167,84661034,NO,867
chr10,84671749,84672504,NO,755
chr10,84914154,84915056,NO,902
chr10,84970103,84971053,NO,950
chr10,84972912,84973650,NO,738
chr10,85033015,85033638,NO,623
chr10,85053984,85054562,NO,578
chr10,85800618,85801474,NO,856
chr10,85897535,85898267,NO,732
chr10,86247737,86248402,NO,665
chr10,86509196,86509664,NO,468
chr10,86882785,86883171,NO,386
chr10,86906480,86907271,NO,791
chr10,86910033,86911122,NO,1089
chr10,87148400,87149115,NO,715
chr10,87189208,87189768,NO,560
chr10,87323661,87324242,NO,581
chr10,87389162,87390605,NO,1443
chr10,87812368,87813123,NO,755
chr10,88010059,88010948,NO,889
chr10,88134863,88135242,NO,379
chr10,88147482,88148243,NO,761
chr10,88171502,88172153,NO,651
chr10,88676219,88676829,NO,610
chr10,88802886,88803543,NO,657
chr10,88933503,88934131,NO,628
chr10,88944153,88944868,NO,715
chr10,88949859,88950476,NO,617
chr10,89117366,89117430,NO,64
chr10,89600281,89600795,NO,514
chr10,89927446,89928141,NO,695
chr10,90171844,90172805,NO,961
chr10,90744719,90745235,NO,516
chr10,90888253,90888806,NO,553
chr10,91625760,91626428,NO,668
chr10,91863221,91863899,NO,678
chr10,91974240,91974633,NO,393
chr10,92279729,92280296,NO,567
chr10,92628272,92629369,NO,1097
chr10,92650964,92651795,NO,831
chr10,92704806,92705561,NO,755
chr10,92826692,92827752,NO,1060
chr10,92953249,92953724,NO,475
chr10,93083394,93084015,NO,621
chr10,93556210,93556690,NO,480
chr10,93635265,93635872,NO,607
chr10,93739088,93739677,NO,589
chr10,94281567,94282112,NO,545
chr10,94352295,94353034,NO,739
chr10,94579105,94579599,NO,494
chr10,94637836,94638630,NO,794
chr10,94682830,94683583,NO,753
chr10,94720755,94721385,NO,630
chr10,94764734,94765473,NO,739
chr10,94877813,94878427,NO,614
chr10,94918559,94919413,NO,854
chr10,94923620,94924597,NO,977
chr10,95058327,95059465,NO,1138
chr10,95105502,95106300,NO,798
chr10,95345983,95346746,NO,763
chr10,95353772,95354639,NO,867
chr10,95354649,95355462,NO,813
chr10,95439346,95439914,NO,568
chr10,95747945,95748841,NO,896
chr10,95762338,95763242,NO,904
chr10,95771635,95772246,NO,611
chr10,95941733,95942334,NO,601
chr10,96093640,96094278,NO,638
chr10,96118368,96119088,NO,720
chr10,96121381,96122003,NO,622
chr10,96183604,96184552,NO,948
chr10,98211622,98212421,NO,799
chr10,98302991,98303523,NO,532
chr10,98476843,98477243,NO,400
chr10,98725469,98726176,NO,707
chr10,98727831,98728570,NO,739
chr10,98815836,98816974,NO,1138
chr10,98923332,98924361,NO,1029
chr10,98931506,98932112,NO,606
chr10,98935108,98935957,NO,849
chr10,99484471,99485189,NO,718
chr10,99528551,99529259,NO,708
chr10,99573639,99574072,NO,433
chr10,99626913,99627770,NO,857
chr10,100629400,100630152,NO,752
chr10,102499006,102499518,NO,512
chr10,102785880,102786459,NO,579
chr10,102809116,102809819,NO,703
chr10,102831472,102832261,NO,789
chr10,104670200,104670603,NO,403
chr10,105184820,105185275,NO,455
chr10,105190434,105190912,NO,478
chr10,105442912,105443564,NO,652
chr10,106965634,106965759,NO,125
chr10,106965821,106966348,NO,527
chr10,107687703,107688195,NO,492
chr10,107723528,107724765,NO,1237
chr10,107728759,107729497,NO,738
chr10,108004992,108005665,NO,673
chr10,108006950,108007375,NO,425
chr10,108009622,108010299,NO,677
chr10,108958584,108959415,NO,831
chr10,110291736,110292254,NO,518
chr10,110368192,110369077,NO,885
chr10,110414245,110414980,NO,735
chr10,110554011,110554732,NO,721
chr10,110870280,110871094,NO,814
chr10,110996613,110997314,NO,701
chr10,111029314,111030196,NO,882
chr10,111278972,111279677,NO,705
chr10,111291127,111291738,NO,611
chr10,111332165,111332533,NO,368
chr10,111666516,111667073,NO,557
chr10,111837391,111837837,NO,446
chr10,114638105,114639153,NO,1048
chr10,114787795,114788456,NO,661
chr10,114819854,114820700,NO,846
chr10,114905882,114906696,NO,814
chr10,114911912,114912658,NO,746
chr10,115819889,115820389,NO,500
chr10,115949314,115949999,NO,685
chr10,115998756,115999822,NO,1066
chr10,115999883,116000626,NO,743
chr10,116191921,116192620,NO,699
chr10,116367564,116368318,NO,754
chr10,116589007,116589893,NO,886
chr10,116941420,116941754,NO,334
chr10,117140641,117141390,NO,749
chr10,117242805,117243714,NO,909
chr10,117285236,117285734,NO,498
chr10,117285841,117286671,NO,830
chr10,117389512,117390876,NO,1364
chr10,117481716,117482567,NO,851
chr10,117558809,117559446,NO,637
chr10,117897927,117898949,NO,1022
chr10,118104947,118105535,NO,588
chr10,118716645,118717128,NO,483
chr10,118920721,118921273,NO,552
chr10,119267500,119268015,NO,515
chr10,119274941,119275440,NO,499
chr10,119416389,119417443,NO,1054
chr10,119461895,119462406,NO,511
chr10,119608098,119608999,NO,901
chr10,119825488,119826066,NO,578
chr10,120452987,120453742,NO,755
chr10,120526614,120527400,NO,786
chr10,120840708,120841629,NO,921
chr10,120891816,120892645,NO,829
chr10,120938230,120938830,NO,600
chr10,121179350,121180065,NO,715
chr10,122436279,122436924,NO,645
chr10,122897560,122898149,NO,589
chr10,123244189,123244776,NO,587
chr10,124622286,124623158,NO,872
chr10,124651445,124652236,NO,791
chr10,124657043,124657844,NO,801
chr10,125162563,125163197,NO,634
chr10,125237515,125238285,NO,770
chr10,125238429,125238774,NO,345
chr10,125276396,125277267,NO,871
chr10,125339530,125340120,NO,590
chr10,125377250,125377848,NO,598
chr10,125378459,125379273,NO,814
chr10,125407173,125407844,NO,671
chr10,126200021,126200432,NO,411
chr10,126200761,126201533,NO,772
chr10,126549716,126550182,NO,466
chr10,126675258,126675989,NO,731
chr10,126707459,126707875,NO,416
chr10,127027476,127027943,NO,467
chr10,127344251,127344990,NO,739
chr10,127531580,127532717,NO,1137
chr10,127569625,127570542,NO,917
chr10,127624024,127624807,NO,783
chr10,127806805,127807509,NO,704
chr10,127975211,127975960,NO,749
chr10,128068373,128069108,NO,735
chr10,128122582,128123224,NO,642
chr10,129284318,129284852,NO,534
chr10,129730598,129731375,NO,777
chr11,3189708,3190318,NO,610
chr11,3192678,3193686,NO,1008
chr11,3280302,3280968,NO,666
chr11,3298419,3298977,NO,558
chr11,3326290,3326863,NO,573
chr11,3372424,3373146,NO,722
chr11,3448861,3449554,NO,693
chr11,3678821,3679220,NO,399
chr11,4145800,4146822,NO,1022
chr11,4147460,4147726,NO,266
chr11,4201976,4202842,NO,866
chr11,4322910,4323594,NO,684
chr11,4364096,4364962,NO,866
chr11,4394817,4395661,NO,844
chr11,4465514,4466117,NO,603
chr11,4543384,4544389,NO,1005
chr11,4590101,4590874,NO,773
chr11,4605024,4605900,NO,876
chr11,4702859,4703742,NO,883
chr11,4705918,4707065,NO,1147
chr11,4708174,4708830,NO,656
chr11,4761195,4761689,NO,494
chr11,4946093,4946721,NO,628
chr11,5223929,5224726,NO,797
chr11,5395289,5395750,NO,461
chr11,5602509,5603082,NO,573
chr11,5640939,5641684,NO,745
chr11,5842858,5843500,NO,642
chr11,5938677,5939733,NO,1056
chr11,6080658,6081517,NO,859
chr11,6264561,6265118,NO,557
chr11,6678542,6679214,NO,672
chr11,6794815,6795739,NO,924
chr11,6968252,6968907,NO,655
chr11,6992305,6992843,NO,538
chr11,7134984,7135548,NO,564
chr11,7312566,7313015,NO,449
chr11,7323309,7324055,NO,746
chr11,7431700,7432427,NO,727
chr11,7433319,7433779,NO,460
chr11,7434490,7435339,NO,849
chr11,8047598,8048387,NO,789
chr11,8505106,8505674,NO,568
chr11,8534669,8536345,NO,1676
chr11,8622791,8623827,NO,1036
chr11,8654362,8655002,NO,640
chr11,8711466,8712127,NO,661
chr11,9804325,9804857,NO,532
chr11,9882957,9883557,NO,600
chr11,9894806,9895177,NO,371
chr11,9951228,9952144,NO,916
chr11,10237561,10238401,NO,840
chr11,10998094,10998762,NO,668
chr11,11781313,11782478,NO,1165
chr11,11804778,11805558,NO,780
chr11,11840934,11841825,NO,891
chr11,11842375,11843277,NO,902
chr11,12711855,12712019,NO,164
chr11,13878383,13878991,NO,608
chr11,13972110,13972830,NO,720
chr11,14059388,14059994,NO,606
chr11,14382722,14383135,NO,413
chr11,15335765,15336328,NO,563
chr11,16244885,16245678,NO,793
chr11,16245729,16246180,NO,451
chr11,16398485,16399382,NO,897
chr11,16507769,16508575,NO,806
chr11,17621918,17622706,NO,788
chr11,17753059,17754628,NO,1569
chr11,17783133,17783987,NO,854
chr11,18073008,18073371,NO,363
chr11,18271096,18271837,NO,741
chr11,18378578,18379258,NO,680
chr11,18393101,18393840,NO,739
chr11,18813143,18813774,NO,631
chr11,18857273,18857876,NO,603
chr11,18925903,18926553,NO,650
chr11,18973935,18974699,NO,764
chr11,19230699,19231227,NO,528
chr11,19646965,19648196,NO,1231
chr11,19711293,19712027,NO,734
chr11,19747677,19748452,NO,775
chr11,19749720,19750313,NO,593
chr11,19817749,19818637,NO,888
chr11,19844622,19845334,NO,712
chr11,19885123,19885907,NO,784
chr11,19886384,19887569,NO,1185
chr11,19959685,19960153,NO,468
chr11,20038359,20039226,NO,867
chr11,20040133,20040815,NO,682
chr11,20064751,20065547,NO,796
chr11,20094772,20095341,NO,569
chr11,20127345,20128159,NO,814
chr11,20130713,20131667,NO,954
chr11,20220314,20221264,NO,950
chr11,20366507,20367056,NO,549
chr11,20388940,20389650,NO,710
chr11,20782535,20783475,NO,940
chr11,21108825,21109383,NO,558
chr11,21888161,21888992,NO,831
chr11,21907882,21908078,NO,196
chr11,21938939,21939424,NO,485
chr11,22463510,22464203,NO,693
chr11,22507513,22508107,NO,594
chr11,22520717,22521608,NO,891
chr11,22643566,22644405,NO,839
chr11,22729808,22730894,NO,1086
chr11,22751215,22752069,NO,854
chr11,22836141,22836969,NO,828
chr11,22848652,22849721,NO,1069
chr11,23282631,23283368,NO,737
chr11,23553331,23554389,NO,1058
chr11,23701795,23702494,NO,699
chr11,23981408,23981805,NO,397
chr11,24012088,24012638,NO,550
chr11,24173754,24174433,NO,679
chr11,24530192,24531159,NO,967
chr11,24627412,24627851,NO,439
chr11,24677614,24678197,NO,583
chr11,24999845,25000337,NO,492
chr11,25337150,25337802,NO,652
chr11,25373648,25374382,NO,734
chr11,25893927,25894646,NO,719
chr11,26003517,26004446,NO,929
chr11,26028961,26029569,NO,608
chr11,26059242,26059780,NO,538
chr11,26070500,26071170,NO,670
chr11,26243189,26244026,NO,837
chr11,26653539,26653973,NO,434
chr11,27122464,27122826,NO,362
chr11,27699608,27700553,NO,945
chr11,27975357,27975992,NO,635
chr11,28071219,28071540,NO,321
chr11,28580224,28580606,NO,382
chr11,29497080,29497760,NO,680
chr11,29503512,29504076,NO,564
chr11,29613852,29615104,NO,1252
chr11,29922145,29922784,NO,639
chr11,30076998,30077819,NO,821
chr11,30142716,30143438,NO,722
chr11,30391383,30392452,NO,1069
chr11,30644032,30644637,NO,605
chr11,30649440,30650959,NO,1519
chr11,30692361,30692934,NO,573
chr11,31636572,31637208,NO,636
chr11,31644557,31645168,NO,611
chr11,31645375,31646396,NO,1021
chr11,31731162,31731741,NO,579
chr11,31920171,31920711,NO,540
chr11,32041542,32042615,NO,1073
chr11,32734808,32735743,NO,935
chr11,32939919,32940397,NO,478
chr11,33079703,33080456,NO,753
chr11,33303478,33304127,NO,649
chr11,33478635,33479439,NO,804
chr11,34012732,34013426,NO,694
chr11,34215057,34215897,NO,840
chr11,34311439,34312048,NO,609
chr11,34330896,34331627,NO,731
chr11,34394473,34395338,NO,865
chr11,34552164,34552925,NO,761
chr11,34685883,34686359,NO,476
chr11,35108639,35109235,NO,596
chr11,35232302,35232903,NO,601
chr11,35258316,35258865,NO,549
chr11,35301286,35302092,NO,806
chr11,35452368,35453132,NO,764
chr11,35601744,35602514,NO,770
chr11,35614786,35615187,NO,401
chr11,36272110,36272659,NO,549
chr11,36844987,36845762,NO,775
chr11,37934633,37935139,NO,506
chr11,39409994,39410640,NO,646
chr11,39491838,39492543,NO,705
chr11,40550744,40551400,NO,656
chr11,41639527,41640434,NO,907
chr11,41922874,41924504,NO,1630
chr11,42445337,42445773,NO,436
chr11,43195259,43195928,NO,669
chr11,43338652,43339165,NO,513
chr11,43399014,43399833,NO,819
chr11,43765662,43766059,NO,397
chr11,44499424,44499958,NO,534
chr11,44522677,44523209,NO,532
chr11,44559944,44560920,NO,976
chr11,44574708,44575428,NO,720
chr11,44580468,44581446,NO,978
chr11,44617305,44617990,NO,685
chr11,45559319,45559867,NO,548
chr11,45699114,45700076,NO,962
chr11,45781922,45782517,NO,595
chr11,45791511,45791957,NO,446
chr11,45833629,45834355,NO,726
chr11,45855246,45855919,NO,673
chr11,45869858,45869941,NO,83
chr11,45869977,45870833,NO,856
chr11,45873164,45873818,NO,654
chr11,45920415,45920935,NO,520
chr11,45928196,45929292,NO,1096
chr11,46017567,46018078,NO,511
chr11,46068574,46069403,NO,829
chr11,46334631,46335243,NO,612
chr11,46350245,46350776,NO,531
chr11,46557559,46557939,NO,380
chr11,47453763,47454508,NO,745
chr11,48510506,48511264,NO,758
chr11,48520598,48521187,NO,589
chr11,49472327,49473285,NO,958
chr11,49552020,49552634,NO,614
chr11,49552962,49553822,NO,860
chr11,49619440,49620311,NO,871
chr11,49634157,49634872,NO,715
chr11,49821453,49822043,NO,590
chr11,50093545,50094061,NO,516
chr11,50204715,50205455,NO,740
chr11,51087816,51088532,NO,716
chr11,51451223,51451993,NO,770
chr11,52153369,52154229,NO,860
chr11,52325062,52325764,NO,702
chr11,52508943,52509700,NO,757
chr11,52633771,52634777,NO,1006
chr11,52731293,52731730,NO,437
chr11,53015654,53016589,NO,935
chr11,53024301,53024739,NO,438
chr11,53073880,53074682,NO,802
chr11,53124734,53125398,NO,664
chr11,53149235,53150141,NO,906
chr11,53322013,53322571,NO,558
chr11,53412833,53413523,NO,690
chr11,53613200,53614055,NO,855
chr11,53953397,53954377,NO,980
chr11,54015384,54016016,NO,632
chr11,54672906,54673698,NO,792
chr11,54839706,54840360,NO,654
chr11,54960195,54960812,NO,617
chr11,55137204,55138099,NO,895
chr11,55138370,55138904,NO,534
chr11,55498424,55499111,NO,687
chr11,55633916,55634578,NO,662
chr11,55717570,55718233,NO,663
chr11,55759898,55760779,NO,881
chr11,55770551,55771481,NO,930
chr11,57366569,57367112,NO,543
chr11,57396627,57397096,NO,469
chr11,57533044,57533685,NO,641
chr11,57770449,57771074,NO,625
chr11,57783743,57784849,NO,1106
chr11,59324891,59325529,NO,638
chr11,59627660,59628306,NO,646
chr11,59634882,59635535,NO,653
chr11,60061905,60062715,NO,810
chr11,60236311,60237216,NO,905
chr11,60590721,60591349,NO,628
chr11,60650172,60651011,NO,839
chr11,60700321,60700871,NO,550
chr11,60736253,60737190,NO,937
chr11,60817307,60818945,NO,1638
chr11,60994880,60995724,NO,844
chr11,61029438,61030016,NO,578
chr11,61065145,61065762,NO,617
chr11,61175186,61175830,NO,644
chr11,61342542,61343061,NO,519
chr11,61367036,61367792,NO,756
chr11,61391409,61392089,NO,680
chr11,61683989,61684562,NO,573
chr11,62028380,62029223,NO,843
chr11,62168511,62169327,NO,816
chr11,62242365,62243063,NO,698
chr11,62243927,62244520,NO,593
chr11,62307997,62308877,NO,880
chr11,62351245,62352154,NO,909
chr11,62686433,62687279,NO,846
chr11,62717300,62717925,NO,625
chr11,62922630,62923067,NO,437
chr11,62950261,62950815,NO,554
chr11,62993450,62994172,NO,722
chr11,63015448,63015955,NO,507
chr11,63081292,63082043,NO,751
chr11,63084335,63085117,NO,782
chr11,63163458,63164343,NO,885
chr11,63269864,63270327,NO,463
chr11,63346803,63347711,NO,908
chr11,63711454,63712467,NO,1013
chr11,63730165,63730834,NO,669
chr11,63744050,63744696,NO,646
chr11,63750062,63750725,NO,663
chr11,63765989,63766885,NO,896
chr11,63770441,63771211,NO,770
chr11,63902863,63903645,NO,782
chr11,63996712,63997328,NO,616
chr11,64923416,64924039,NO,623
chr11,66420006,66420782,NO,776
chr11,66779912,66780579,NO,667
chr11,67158838,67159789,NO,951
chr11,67959847,67960584,NO,737
chr11,68161396,68162217,NO,821
chr11,68168098,68168718,NO,620
chr11,68207220,68208136,NO,916
chr11,68214124,68214871,NO,747
chr11,68555953,68556558,NO,605
chr11,68592952,68593613,NO,661
chr11,69283702,69284327,NO,625
chr11,69377638,69378461,NO,823
chr11,69394651,69396118,NO,1467
chr11,69600742,69601398,NO,656
chr11,70647215,70647864,NO,649
chr11,71255887,71256649,NO,762
chr11,71315557,71316157,NO,600
chr11,71577114,71577745,NO,631
chr11,71578539,71579232,NO,693
chr11,71835706,71836302,NO,596
chr11,71990066,71990464,NO,398
chr11,72099189,72099984,NO,795
chr11,72184534,72185015,NO,481
chr11,72215100,72215841,NO,741
chr11,72233742,72234441,NO,699
chr11,72389805,72390750,NO,945
chr11,72408756,72409429,NO,673
chr11,73132007,73132663,NO,656
chr11,74423296,74424137,NO,841
chr11,74534022,74534794,NO,772
chr11,75600497,75601136,NO,639
chr11,75649511,75650167,NO,656
chr11,76075882,76076819,NO,937
chr11,76100634,76101397,NO,763
chr11,76133039,76133947,NO,908
chr11,76164456,76165525,NO,1069
chr11,76199316,76199781,NO,465
chr11,76296474,76297438,NO,964
chr11,76470901,76471580,NO,679
chr11,76615132,76615829,NO,697
chr11,76733691,76734238,NO,547
chr11,76939663,76940348,NO,685
chr11,77269246,77270131,NO,885
chr11,77486774,77487641,NO,867
chr11,77493335,77494239,NO,904
chr11,77551818,77552740,NO,922
chr11,77739673,77740416,NO,743
chr11,77747614,77748437,NO,823
chr11,77761276,77762167,NO,891
chr11,77950952,77951637,NO,685
chr11,78060890,78061883,NO,993
chr11,78241645,78242202,NO,557
chr11,78481904,78482820,NO,916
chr11,78605385,78606047,NO,662
chr11,78621178,78621742,NO,564
chr11,78692033,78692621,NO,588
chr11,78791675,78792306,NO,631
chr11,78903401,78904000,NO,599
chr11,78906714,78907371,NO,657
chr11,78952026,78952677,NO,651
chr11,79066770,79067524,NO,754
chr11,79140416,79141086,NO,670
chr11,79178284,79178908,NO,624
chr11,79238865,79239880,NO,1015
chr11,79240862,79241731,NO,869
chr11,79449351,79450181,NO,830
chr11,79459701,79460509,NO,808
chr11,79565715,79566699,NO,984
chr11,79794068,79794750,NO,682
chr11,79912177,79912844,NO,667
chr11,79945260,79947297,NO,2037
chr11,79949380,79950333,NO,953
chr11,79951075,79951952,NO,877
chr11,79990875,79991582,NO,707
chr11,80331701,80332634,NO,933
chr11,80702553,80703558,NO,1005
chr11,80817514,80817999,NO,485
chr11,80942931,80943491,NO,560
chr11,80947434,80947956,NO,522
chr11,80984966,80985397,NO,431
chr11,81093332,81094117,NO,785
chr11,81254160,81254842,NO,682
chr11,81328043,81328565,NO,522
chr11,81373804,81374229,NO,425
chr11,81426380,81427190,NO,810
chr11,81429809,81430435,NO,626
chr11,81645613,81646271,NO,658
chr11,81711065,81711660,NO,595
chr11,82131765,82132318,NO,553
chr11,82332052,82332559,NO,507
chr11,82444773,82445336,NO,563
chr11,82475311,82476140,NO,829
chr11,82476157,82476798,NO,641
chr11,82648830,82649486,NO,656
chr11,83166211,83167071,NO,860
chr11,83308912,83309748,NO,836
chr11,83380885,83381493,NO,608
chr11,83589398,83590252,NO,854
chr11,83787680,83788630,NO,950
chr11,83895046,83895865,NO,819
chr11,84083186,84083819,NO,633
chr11,84090126,84091196,NO,1070
chr11,84166230,84166867,NO,637
chr11,84660179,84660657,NO,478
chr11,85052297,85052837,NO,540
chr11,85053314,85054262,NO,948
chr11,85607522,85607993,NO,471
chr11,85713512,85714469,NO,957
chr11,86034628,86035156,NO,528
chr11,86222896,86223659,NO,763
chr11,86249348,86250034,NO,686
chr11,86254045,86254930,NO,885
chr11,86514413,86515082,NO,669
chr11,86632863,86633492,NO,629
chr11,86648079,86649131,NO,1052
chr11,86735893,86736369,NO,476
chr11,86782407,86783412,NO,1005
chr11,86809492,86810234,NO,742
chr11,87229354,87230148,NO,794
chr11,87840915,87842069,NO,1154
chr11,87983937,87984484,NO,547
chr11,88006524,88007088,NO,564
chr11,88015474,88016104,NO,630
chr11,88192116,88192947,NO,831
chr11,88321794,88322308,NO,514
chr11,88340034,88340774,NO,740
chr11,88347803,88348477,NO,674
chr11,88396586,88397348,NO,762
chr11,88505823,88506497,NO,674
chr11,88531991,88532870,NO,879
chr11,88550957,88552040,NO,1083
chr11,88718915,88719377,NO,462
chr11,88723433,88724318,NO,885
chr11,88793031,88793501,NO,470
chr11,88829276,88830722,NO,1446
chr11,88882173,88883238,NO,1065
chr11,88883355,88883890,NO,535
chr11,88907313,88907570,NO,257
chr11,88928843,88929776,NO,933
chr11,88961658,88962175,NO,517
chr11,89036253,89036889,NO,636
chr11,89103298,89103997,NO,699
chr11,89440396,89440938,NO,542
chr11,89472670,89473187,NO,517
chr11,89481182,89481872,NO,690
chr11,89485329,89485769,NO,440
chr11,89497024,89497587,NO,563
chr11,89857107,89857767,NO,660
chr11,89970941,89971558,NO,617
chr11,90252735,90253490,NO,755
chr11,91058133,91058662,NO,529
chr11,91067661,91068389,NO,728
chr11,92312416,92313288,NO,872
chr11,93469914,93470508,NO,594
chr11,93749460,93750030,NO,570
chr11,94024080,94025105,NO,1025
chr11,95172573,95173610,NO,1037
chr11,95173616,95173732,NO,116
chr11,95173803,95174382,NO,579
chr11,95418237,95418873,NO,636
chr11,95459172,95460001,NO,829
chr11,95482496,95483627,NO,1131
chr11,95565293,95566043,NO,750
chr11,95630191,95630796,NO,605
chr11,95824256,95825370,NO,1114
chr11,95841647,95842789,NO,1142
chr11,95878892,95879756,NO,864
chr11,95975203,95975967,NO,764
chr11,95991823,95992308,NO,485
chr11,96051354,96052219,NO,865
chr11,96064118,96064639,NO,521
chr11,96226698,96227052,NO,354
chr11,96236065,96236760,NO,695
chr11,96588597,96589396,NO,799
chr11,96593846,96594650,NO,804
chr11,96641262,96642250,NO,988
chr11,96657200,96658220,NO,1020
chr11,96712000,96712739,NO,739
chr11,97053223,97053840,NO,617
chr11,97084622,97085578,NO,956
chr11,97288778,97289452,NO,674
chr11,97428279,97428775,NO,496
chr11,97430331,97431003,NO,672
chr11,97440386,97440933,NO,547
chr11,97486767,97487595,NO,828
chr11,97593706,97594206,NO,500
chr11,97638286,97638942,NO,656
chr11,97918685,97919816,NO,1131
chr11,98062871,98063570,NO,699
chr11,98159879,98160740,NO,861
chr11,98653131,98654005,NO,874
chr11,98787666,98788235,NO,569
chr11,98956058,98956754,NO,696
chr11,98979131,98979838,NO,707
chr11,98983965,98984698,NO,733
chr11,99002752,99003400,NO,648
chr11,99105144,99105721,NO,577
chr11,99799152,99799681,NO,529
chr11,100057168,100057750,NO,582
chr11,100237096,100237806,NO,710
chr11,100394982,100396447,NO,1465
chr11,100477440,100478074,NO,634
chr11,100543843,100544428,NO,585
chr11,100860347,100861177,NO,830
chr11,101095150,101095901,NO,751
chr11,101168796,101169594,NO,798
chr11,101188000,101188651,NO,651
chr11,101340360,101341095,NO,735
chr11,101344888,101345658,NO,770
chr11,101409700,101410324,NO,624
chr11,101442692,101443650,NO,958
chr11,101543044,101543963,NO,919
chr11,101556819,101558192,NO,1373
chr11,101569761,101570392,NO,631
chr11,101646379,101647652,NO,1273
chr11,101648677,101649374,NO,697
chr11,102165282,102165871,NO,589
chr11,102400803,102401620,NO,817
chr11,102440468,102441271,NO,803
chr11,102464622,102465176,NO,554
chr11,102680774,102682365,NO,1591
chr11,102687699,102688178,NO,479
chr11,102904102,102904753,NO,651
chr11,102973458,102974493,NO,1035
chr11,103670358,103670979,NO,621
chr11,103690170,103690736,NO,566
chr11,103725479,103726147,NO,668
chr11,103796974,103797673,NO,699
chr11,104389464,104389973,NO,509
chr11,104461680,104462667,NO,987
chr11,104805937,104806520,NO,583
chr11,106130335,106130757,NO,422
chr11,106409592,106410325,NO,733
chr11,106434792,106435404,NO,612
chr11,106487078,106487594,NO,516
chr11,106534247,106534950,NO,703
chr11,106583770,106584923,NO,1153
chr11,106585419,106586166,NO,747
chr11,106880780,106881275,NO,495
chr11,106975028,106975772,NO,744
chr11,107070946,107071761,NO,815
chr11,107199087,107199700,NO,613
chr11,107213765,107214607,NO,842
chr11,107274396,107275072,NO,676
chr11,107372036,107372836,NO,800
chr11,107378464,107379089,NO,625
chr11,107392659,107393225,NO,566
chr11,107400201,107400918,NO,717
chr11,108130288,108130866,NO,578
chr11,108285157,108286105,NO,948
chr11,108346108,108346605,NO,497
chr11,108456352,108456905,NO,553
chr11,108930779,108931455,NO,676
chr11,108961868,108962488,NO,620
chr11,108971005,108971795,NO,790
chr11,109098906,109099563,NO,657
chr11,109212771,109213348,NO,577
chr11,109219729,109221337,NO,1608
chr11,109221844,109222498,NO,654
chr11,109337038,109337860,NO,822
chr11,109341264,109341696,NO,432
chr11,109763733,109764321,NO,588
chr11,110119001,110119595,NO,594
chr11,110642907,110643661,NO,754
chr11,110881235,110881863,NO,628
chr11,110884947,110885330,NO,383
chr11,110904378,110905140,NO,762
chr11,110943952,110944683,NO,731
chr11,110982664,110983124,NO,460
chr11,111157741,111158185,NO,444
chr11,111704928,111705706,NO,778
chr11,111993726,111994373,NO,647
chr11,112058847,112059530,NO,683
chr11,112672363,112673018,NO,655
chr11,112700852,112702057,NO,1205
chr11,112731618,112732548,NO,930
chr11,112733878,112734534,NO,656
chr11,112820696,112821428,NO,732
chr11,112981752,112982314,NO,562
chr11,113243765,113244658,NO,893
chr11,113450041,113450775,NO,734
chr11,113570971,113572300,NO,1329
chr11,113624772,113625402,NO,630
chr11,113990450,113990958,NO,508
chr11,114181348,114182119,NO,771
chr11,114340156,114340741,NO,585
chr11,114392482,114393048,NO,566
chr11,114432664,114433454,NO,790
chr11,114472814,114473390,NO,576
chr11,114552785,114553489,NO,704
chr11,114553893,114554586,NO,693
chr11,114734036,114734744,NO,708
chr11,114914158,114914820,NO,662
chr11,114932095,114932945,NO,850
chr11,115106930,115107538,NO,608
chr11,115273428,115274136,NO,708
chr11,116248331,116248708,NO,377
chr11,116272666,116273421,NO,755
chr11,116286146,116286746,NO,600
chr11,116288007,116288874,NO,867
chr11,116290428,116291508,NO,1080
chr11,116447490,116448378,NO,888
chr11,116743704,116744333,NO,629
chr11,116832053,116832755,NO,702
chr11,116861171,116862119,NO,948
chr11,116863143,116863727,NO,584
chr11,116984599,116985275,NO,676
chr11,117180985,117182314,NO,1329
chr11,117275265,117275826,NO,561
chr11,117299594,117300428,NO,834
chr11,117327996,117328778,NO,782
chr11,117405736,117406464,NO,728
chr11,117446723,117447405,NO,682
chr11,117462204,117463098,NO,894
chr11,117491004,117491614,NO,610
chr11,117499319,117500017,NO,698
chr11,117526275,117527036,NO,761
chr11,117736789,117737509,NO,720
chr11,118316203,118316827,NO,624
chr11,118335167,118335821,NO,654
chr11,118412770,118413495,NO,725
chr11,118471119,118471928,NO,809
chr11,118636780,118637293,NO,513
chr11,119017283,119018106,NO,823
chr11,119256568,119257332,NO,764
chr11,119433633,119434179,NO,546
chr11,119533166,119533902,NO,736
chr11,119714558,119714961,NO,403
chr11,119798926,119799586,NO,660
chr11,120009574,120010144,NO,570
chr11,120028881,120029808,NO,927
chr11,120092762,120093212,NO,450
chr11,120130992,120131673,NO,681
chr11,120565782,120566416,NO,634
chr11,120638338,120638912,NO,574
chr11,120640963,120641722,NO,759
chr11,120666726,120667498,NO,772
chr11,120687588,120688365,NO,777
chr11,120712708,120713477,NO,769
chr12,3124055,3124385,NO,330
chr12,3662473,3663268,NO,795
chr12,3689313,3689863,NO,550
chr12,3728553,3729203,NO,650
chr12,3738674,3739441,NO,767
chr12,3889637,3890588,NO,951
chr12,4099300,4099925,NO,625
chr12,4161793,4162299,NO,506
chr12,4358575,4359276,NO,701
chr12,4407945,4408537,NO,592
chr12,4513562,4514258,NO,696
chr12,4563582,4564537,NO,955
chr12,4904475,4905571,NO,1096
chr12,5074259,5074935,NO,676
chr12,5224547,5225073,NO,526
chr12,6602119,6602788,NO,669
chr12,8504710,8505271,NO,561
chr12,8947875,8949112,NO,1237
chr12,9285524,9285990,NO,466
chr12,10500662,10501104,NO,442
chr12,11048601,11048978,NO,377
chr12,12183991,12184803,NO,812
chr12,12588313,12588324,NO,11
chr12,12588638,12588979,NO,341
chr12,12731779,12732301,NO,522
chr12,12826439,12827258,NO,819
chr12,12834861,12835796,NO,935
chr12,12882069,12882829,NO,760
chr12,12885874,12886709,NO,835
chr12,12896579,12897292,NO,713
chr12,12916267,12917170,NO,903
chr12,12989653,12990420,NO,767
chr12,12993924,12994780,NO,856
chr12,13799729,13800275,NO,546
chr12,14095729,14096338,NO,609
chr12,14202344,14202759,NO,415
chr12,15456222,15456748,NO,526
chr12,15462705,15463109,NO,404
chr12,15821175,15821944,NO,769
chr12,15833685,15834231,NO,546
chr12,15859425,15859863,NO,438
chr12,16015946,16016489,NO,543
chr12,16033225,16033919,NO,694
chr12,16484104,16484840,NO,736
chr12,17206930,17207343,NO,413
chr12,17246101,17246447,NO,346
chr12,17280307,17281381,NO,1074
chr12,17639871,17640518,NO,647
chr12,17715921,17716596,NO,675
chr12,17745169,17745775,NO,606
chr12,21165618,21166202,NO,584
chr12,21173373,21174167,NO,794
chr12,21356119,21356826,NO,707
chr12,21424419,21425048,NO,629
chr12,21468349,21469263,NO,914
chr12,21494331,21494921,NO,590
chr12,25201048,25201780,NO,732
chr12,25409023,25409746,NO,723
chr12,25678190,25679007,NO,817
chr12,25680233,25680941,NO,708
chr12,25753489,25754230,NO,741
chr12,25809313,25810275,NO,962
chr12,26468151,26468603,NO,452
chr12,26581180,26581790,NO,610
chr12,27173078,27173721,NO,643
chr12,27227041,27227604,NO,563
chr12,27749714,27750420,NO,706
chr12,27762094,27762590,NO,496
chr12,27767267,27767881,NO,614
chr12,27767942,27768609,NO,667
chr12,27835638,27836463,NO,825
chr12,27996686,27997169,NO,483
chr12,28005427,28006023,NO,596
chr12,28074285,28074676,NO,391
chr12,29344279,29344824,NO,545
chr12,29481621,29482492,NO,871
chr12,29502073,29502826,NO,753
chr12,29780554,29781465,NO,911
chr12,30411838,30412212,NO,374
chr12,30624985,30625635,NO,650
chr12,30756287,30756798,NO,511
chr12,30801009,30801482,NO,473
chr12,31777393,31777944,NO,551
chr12,31892371,31892965,NO,594
chr12,31907308,31907988,NO,680
chr12,32292963,32293494,NO,531
chr12,32521051,32521702,NO,651
chr12,32853894,32854358,NO,464
chr12,33368270,33368673,NO,403
chr12,33509420,33509920,NO,500
chr12,33720309,33721052,NO,743
chr12,33814046,33814698,NO,652
chr12,33882228,33882626,NO,398
chr12,33905288,33905671,NO,383
chr12,33949885,33950502,NO,617
chr12,33957735,33958489,NO,754
chr12,34029546,34030197,NO,651
chr12,34111976,34112967,NO,991
chr12,34167598,34168188,NO,590
chr12,34904776,34905498,NO,722
chr12,35730495,35731263,NO,768
chr12,36326990,36327809,NO,819
chr12,36623240,36623802,NO,562
chr12,36962823,36963506,NO,683
chr12,38380573,38381177,NO,604
chr12,38500296,38501074,NO,778
chr12,39505938,39506266,NO,328
chr12,39510759,39511410,NO,651
chr12,39821261,39821918,NO,657
chr12,40394177,40394643,NO,466
chr12,40467323,40467984,NO,661
chr12,40614812,40615665,NO,853
chr12,40724179,40725294,NO,1115
chr12,41005727,41006267,NO,540
chr12,41008058,41008791,NO,733
chr12,41524452,41524839,NO,387
chr12,41563296,41564249,NO,953
chr12,41711176,41711707,NO,531
chr12,41721837,41722891,NO,1054
chr12,41779429,41780038,NO,609
chr12,41896545,41897132,NO,587
chr12,41986095,41986719,NO,624
chr12,42052445,42052789,NO,344
chr12,42112966,42113752,NO,786
chr12,42113948,42114572,NO,624
chr12,42285518,42286416,NO,898
chr12,42827994,42829429,NO,1435
chr12,42830787,42831174,NO,387
chr12,44305370,44305949,NO,579
chr12,44313321,44313721,NO,400
chr12,44326804,44327372,NO,568
chr12,45020987,45021894,NO,907
chr12,45593504,45594440,NO,936
chr12,45653281,45653710,NO,429
chr12,46600747,46601289,NO,542
chr12,46715501,46716294,NO,793
chr12,46723733,46724453,NO,720
chr12,46934183,46934818,NO,635
chr12,48230867,48231294,NO,427
chr12,48264831,48265411,NO,580
chr12,49391186,49391640,NO,454
chr12,50881710,50882141,NO,431
chr12,51871093,51871619,NO,526
chr12,52622379,52623096,NO,717
chr12,52772170,52772924,NO,754
chr12,52821210,52821852,NO,642
chr12,52958949,52959846,NO,897
chr12,53046078,53046806,NO,728
chr12,53192336,53192990,NO,654
chr12,53383981,53384608,NO,627
chr12,53496022,53496701,NO,679
chr12,53874976,53875523,NO,547
chr12,53972990,53973492,NO,502
chr12,54163782,54164641,NO,859
chr12,54568300,54569021,NO,721
chr12,54575348,54576125,NO,777
chr12,54779027,54779489,NO,462
chr12,55082569,55083010,NO,441
chr12,55147656,55148465,NO,809
chr12,55200341,55200892,NO,551
chr12,55203340,55203974,NO,634
chr12,55211610,55212640,NO,1030
chr12,55261005,55261697,NO,692
chr12,55279101,55279790,NO,689
chr12,55325769,55326544,NO,775
chr12,55621327,55621861,NO,534
chr12,55990473,55991203,NO,730
chr12,56486653,56487586,NO,933
chr12,56574184,56574829,NO,645
chr12,56640048,56640573,NO,525
chr12,56727163,56727906,NO,743
chr12,57034112,57035006,NO,894
chr12,57621203,57622035,NO,832
chr12,57622076,57622656,NO,580
chr12,58199859,58200568,NO,709
chr12,58572532,58573092,NO,560
chr12,58951724,58952220,NO,496
chr12,59574288,59575037,NO,749
chr12,59652118,59652904,NO,786
chr12,59776369,59776801,NO,432
chr12,60274134,60275214,NO,1080
chr12,60405494,60405992,NO,498
chr12,60606926,60607399,NO,473
chr12,60608347,60608969,NO,622
chr12,60813813,60814329,NO,516
chr12,62710618,62711621,NO,1003
chr12,62723989,62724712,NO,723
chr12,63808163,63808827,NO,664
chr12,64129027,64129736,NO,709
chr12,64569842,64570257,NO,415
chr12,64584994,64585575,NO,581
chr12,66211916,66212394,NO,478
chr12,66215743,66216292,NO,549
chr12,66305552,66306324,NO,772
chr12,66528978,66529972,NO,994
chr12,66694441,66695281,NO,840
chr12,67128506,67128996,NO,490
chr12,67220428,67221044,NO,616
chr12,67692530,67693273,NO,743
chr12,67768716,67769398,NO,682
chr12,70265691,70266182,NO,491
chr12,70831225,70831963,NO,738
chr12,70928819,70929645,NO,826
chr12,71650442,71650979,NO,537
chr12,71811945,71812554,NO,609
chr12,71919269,71919955,NO,686
chr12,72131274,72131824,NO,550
chr12,72289922,72290676,NO,754
chr12,72394625,72395342,NO,717
chr12,72397386,72398663,NO,1277
chr12,72449243,72450042,NO,799
chr12,72450923,72451513,NO,590
chr12,72549838,72550563,NO,725
chr12,72561427,72562282,NO,855
chr12,72576251,72576892,NO,641
chr12,72577152,72577779,NO,627
chr12,72633728,72634518,NO,790
chr12,73060152,73060913,NO,761
chr12,73151910,73152323,NO,413
chr12,73154610,73155174,NO,564
chr12,73750537,73751554,NO,1017
chr12,73752237,73752890,NO,653
chr12,73766180,73766775,NO,595
chr12,73788517,73789092,NO,575
chr12,73834977,73835623,NO,646
chr12,73846203,73846825,NO,622
chr12,73921745,73922444,NO,699
chr12,73954920,73955806,NO,886
chr12,74186448,74187579,NO,1131
chr12,74405284,74405891,NO,607
chr12,74423133,74423637,NO,504
chr12,74772562,74773127,NO,565
chr12,74820627,74821291,NO,664
chr12,75226668,75226977,NO,309
chr12,75423006,75423561,NO,555
chr12,75990065,75990810,NO,745
chr12,76620783,76621596,NO,813
chr12,76765083,76765824,NO,741
chr12,77172756,77173408,NO,652
chr12,77174808,77175537,NO,729
chr12,77315659,77316364,NO,705
chr12,77484962,77485658,NO,696
chr12,77507266,77507821,NO,555
chr12,77599726,77600284,NO,558
chr12,77648651,77649305,NO,654
chr12,77649973,77650778,NO,805
chr12,78002323,78003190,NO,867
chr12,78019790,78020401,NO,611
chr12,78065948,78066766,NO,818
chr12,78305808,78306373,NO,565
chr12,78891845,78892325,NO,480
chr12,79013785,79014520,NO,735
chr12,80097445,80098307,NO,862
chr12,80129129,80129520,NO,391
chr12,80136089,80136928,NO,839
chr12,80242228,80242806,NO,578
chr12,80726500,80727400,NO,900
chr12,80906403,80906909,NO,506
chr12,80952599,80953440,NO,841
chr12,81067386,81067949,NO,563
chr12,81110944,81112003,NO,1059
chr12,81124101,81124742,NO,641
chr12,81212072,81212968,NO,896
chr12,81213799,81214433,NO,634
chr12,81217459,81218304,NO,845
chr12,81317266,81317889,NO,623
chr12,81317975,81318604,NO,629
chr12,81324220,81324960,NO,740
chr12,81325143,81325657,NO,514
chr12,81372409,81373349,NO,940
chr12,81386816,81387438,NO,622
chr12,81728249,81728905,NO,656
chr12,81939585,81940306,NO,721
chr12,81945027,81945651,NO,624
chr12,81959183,81959611,NO,428
chr12,82022144,82022886,NO,742
chr12,82903888,82904419,NO,531
chr12,82917569,82918409,NO,840
chr12,83098387,83099026,NO,639
chr12,83294278,83294988,NO,710
chr12,83377621,83377990,NO,369
chr12,83426587,83427013,NO,426
chr12,83503624,83504019,NO,395
chr12,83610416,83611050,NO,634
chr12,83712471,83713286,NO,815
chr12,84896687,84897611,NO,924
chr12,84908032,84908400,NO,368
chr12,84910600,84911501,NO,901
chr12,84919818,84919876,NO,58
chr12,84965013,84965748,NO,735
chr12,85349930,85350505,NO,575
chr12,85370074,85370293,NO,219
chr12,85395735,85396391,NO,656
chr12,85542980,85543473,NO,493
chr12,85551682,85552631,NO,949
chr12,85828668,85829221,NO,553
chr12,85959743,85960368,NO,625
chr12,85965769,85966609,NO,840
chr12,85981457,85981955,NO,498
chr12,86482085,86482647,NO,562
chr12,86694990,86695439,NO,449
chr12,86961855,86962511,NO,656
chr12,87094107,87094807,NO,700
chr12,87290412,87291219,NO,807
chr12,87293780,87294193,NO,413
chr12,87528956,87529928,NO,972
chr12,88111676,88112468,NO,792
chr12,88142876,88143730,NO,854
chr12,88164828,88165719,NO,891
chr12,88208273,88208900,NO,627
chr12,88272118,88274195,NO,2077
chr12,88624567,88625201,NO,634
chr12,88629878,88630687,NO,809
chr12,88654068,88654599,NO,531
chr12,88658653,88659590,NO,937
chr12,89844318,89844731,NO,413
chr12,90149132,90149673,NO,541
chr12,91083658,91084145,NO,487
chr12,92821598,92822554,NO,956
chr12,92996893,92997624,NO,731
chr12,94055034,94055633,NO,599
chr12,95198729,95199502,NO,773
chr12,97855311,97855809,NO,498
chr12,98641107,98641768,NO,661
chr12,100249059,100250122,NO,1063
chr12,100468030,100468835,NO,805
chr12,100537142,100537711,NO,569
chr12,100537719,100538803,NO,1084
chr12,100580033,100580918,NO,885
chr12,100581389,100582113,NO,724
chr12,100582304,100582971,NO,667
chr12,100599161,100599939,NO,778
chr12,100600128,100600593,NO,465
chr12,100637715,100638133,NO,418
chr12,100650446,100651473,NO,1027
chr12,100850480,100850833,NO,353
chr12,101016353,101016931,NO,578
chr12,101310937,101311510,NO,573
chr12,101575664,101576434,NO,770
chr12,101772035,101772846,NO,811
chr12,101773267,101774026,NO,759
chr12,101789886,101790509,NO,623
chr12,101874962,101875614,NO,652
chr12,101958877,101959439,NO,562
chr12,101995486,101995986,NO,500
chr12,102069641,102070748,NO,1107
chr12,102234372,102235188,NO,816
chr12,102256843,102257522,NO,679
chr12,103100376,103101120,NO,744
chr12,103752762,103753480,NO,718
chr12,103968465,103969168,NO,703
chr12,103997082,103997697,NO,615
chr12,104019990,104020566,NO,576
chr12,105485657,105486168,NO,511
chr12,105500955,105501446,NO,491
chr12,105671262,105672068,NO,806
chr12,105691084,105691584,NO,500
chr12,105713088,105713766,NO,678
chr12,106001813,106002660,NO,847
chr12,106117788,106118232,NO,444
chr12,106153843,106154974,NO,1131
chr12,106200196,106200634,NO,438
chr12,106314574,106315309,NO,735
chr12,106323963,106324646,NO,683
chr12,106325276,106326230,NO,954
chr12,106337518,106338128,NO,610
chr12,106462467,106463587,NO,1120
chr12,106497185,106498014,NO,829
chr12,106577389,106577824,NO,435
chr12,106905526,106906293,NO,767
chr12,107250243,107250762,NO,519
chr12,107377959,107378570,NO,611
chr12,107413203,107413989,NO,786
chr12,107414086,107414450,NO,364
chr12,107464899,107465845,NO,946
chr12,107595955,107596534,NO,579
chr12,107684901,107685685,NO,784
chr12,107706433,107706710,NO,277
chr12,109097749,109098320,NO,571
chr12,109555330,109555939,NO,609
chr12,109558474,109559524,NO,1050
chr12,109950463,109951244,NO,781
chr12,109972471,109973321,NO,850
chr12,110197323,110197916,NO,593
chr12,110767147,110768196,NO,1049
chr12,111098608,111099103,NO,495
chr12,111119260,111119888,NO,628
chr12,111186191,111187278,NO,1087
chr12,111587862,111588362,NO,500
chr12,111925879,111926840,NO,961
chr12,111940531,111941453,NO,922
chr12,111992407,111992962,NO,555
chr12,112075298,112076240,NO,942
chr12,112559218,112559835,NO,617
chr12,112845971,112846743,NO,772
chr12,112908378,112909058,NO,680
chr12,112914198,112914863,NO,665
chr12,112966190,112966872,NO,682
chr12,113514717,113515546,NO,829
chr12,113795531,113795915,NO,384
chr12,114353069,114353967,NO,898
chr12,117645942,117646660,NO,718
chr12,117820097,117820755,NO,658
chr12,117879132,117879729,NO,597
chr12,118186483,118186997,NO,514
chr12,118266863,118267441,NO,578
chr12,118285924,118286804,NO,880
chr12,118411553,118412310,NO,757
chr12,118473471,118474188,NO,717
chr12,118478702,118479502,NO,800
chr12,118499402,118500059,NO,657
chr12,118898887,118899416,NO,529
chr12,118922421,118923246,NO,825
chr12,119758180,119759102,NO,922
chr12,119897694,119898609,NO,915
chr12,120004634,120005476,NO,842
chr12,120156176,120156793,NO,617
chr12,120476393,120476813,NO,420
chr13,3711486,3712254,NO,768
chr13,4079095,4079562,NO,467
chr13,4558109,4558745,NO,636
chr13,5443894,5444679,NO,785
chr13,5549351,5550008,NO,657
chr13,5696471,5696896,NO,425
chr13,5728094,5728632,NO,538
chr13,5877758,5878490,NO,732
chr13,5979237,5979676,NO,439
chr13,6465166,6465714,NO,548
chr13,6637621,6638226,NO,605
chr13,6858608,6859354,NO,746
chr13,6921342,6922184,NO,842
chr13,7006363,7007039,NO,676
chr13,7268383,7269208,NO,825
chr13,8191002,8191693,NO,691
chr13,8632889,8633560,NO,671
chr13,9012685,9013309,NO,624
chr13,9016315,9017021,NO,706
chr13,9141603,9142191,NO,588
chr13,9154265,9155002,NO,737
chr13,9307991,9308546,NO,555
chr13,9309820,9310728,NO,908
chr13,9389233,9390086,NO,853
chr13,9600446,9601096,NO,650
chr13,9631785,9632440,NO,655
chr13,11004530,11005147,NO,617
chr13,11191379,11192002,NO,623
chr13,11461505,11462162,NO,657
chr13,11854174,11854585,NO,411
chr13,12026612,12027135,NO,523
chr13,12071003,12071890,NO,887
chr13,12532872,12533783,NO,911
chr13,13739360,13740026,NO,666
chr13,14147738,14148421,NO,683
chr13,14262365,14262748,NO,383
chr13,14382253,14382717,NO,464
chr13,14508242,14508811,NO,569
chr13,14519059,14520087,NO,1028
chr13,14531691,14532335,NO,644
chr13,14532619,14533214,NO,595
chr13,15913941,15914913,NO,972
chr13,16785892,16786544,NO,652
chr13,16787989,16788927,NO,938
chr13,16861203,16861970,NO,767
chr13,16922065,16922763,NO,698
chr13,17157361,17157899,NO,538
chr13,17791823,17792717,NO,894
chr13,18554020,18554635,NO,615
chr13,18667181,18668005,NO,824
chr13,18933742,18934383,NO,641
chr13,19463886,19464630,NO,744
chr13,19720204,19721138,NO,934
chr13,20054771,20055503,NO,732
chr13,20089321,20089942,NO,621
chr13,20132694,20133451,NO,757
chr13,20188823,20189774,NO,951
chr13,20215714,20216392,NO,678
chr13,20275154,20275936,NO,782
chr13,20477004,20477893,NO,889
chr13,20531295,20531808,NO,513
chr13,20692024,20692770,NO,746
chr13,21027799,21028428,NO,629
chr13,21054917,21055332,NO,415
chr13,21077161,21078036,NO,875
chr13,21819716,21820326,NO,610
chr13,21840858,21841391,NO,533
chr13,21877978,21878848,NO,870
chr13,21882365,21883093,NO,728
chr13,22580788,22581302,NO,514
chr13,22933436,22933880,NO,444
chr13,22935952,22936728,NO,776
chr13,23583742,23584526,NO,784
chr13,23678018,23678743,NO,725
chr13,23687355,23687970,NO,615
chr13,23833718,23834547,NO,829
chr13,24093582,24094193,NO,611
chr13,24603866,24604614,NO,748
chr13,24609466,24610292,NO,826
chr13,24929573,24930214,NO,641
chr13,25093318,25093762,NO,444
chr13,25144469,25144958,NO,489
chr13,25366681,25367257,NO,576
chr13,25543376,25543897,NO,521
chr13,25731416,25732216,NO,800
chr13,26205657,26206190,NO,533
chr13,26216281,26216647,NO,366
chr13,28752796,28753421,NO,625
chr13,28872193,28872909,NO,716
chr13,28903406,28904045,NO,639
chr13,29080472,29080985,NO,513
chr13,29302443,29303054,NO,611
chr13,29369662,29370487,NO,825
chr13,29460406,29460958,NO,552
chr13,29462684,29463215,NO,531
chr13,29708683,29709341,NO,658
chr13,30157343,30157845,NO,502
chr13,30161219,30161767,NO,548
chr13,30172498,30173185,NO,687
chr13,30455889,30456322,NO,433
chr13,30879510,30880027,NO,517
chr13,31184215,31184637,NO,422
chr13,31820470,31821435,NO,965
chr13,32145260,32145962,NO,702
chr13,32914988,32915505,NO,517
chr13,34081574,34082204,NO,630
chr13,34130311,34131047,NO,736
chr13,34201201,34202268,NO,1067
chr13,34222647,34223581,NO,934
chr13,34225639,34226305,NO,666
chr13,34330052,34330825,NO,773
chr13,34335822,34336778,NO,956
chr13,34340045,34341319,NO,1274
chr13,34378990,34380067,NO,1077
chr13,34833515,34834222,NO,707
chr13,34918931,34919490,NO,559
chr13,34922377,34923093,NO,716
chr13,34943038,34943721,NO,683
chr13,35422834,35423176,NO,342
chr13,35628614,35629117,NO,503
chr13,35829899,35830675,NO,776
chr13,35831304,35831775,NO,471
chr13,35944462,35945603,NO,1141
chr13,35949071,35949752,NO,681
chr13,36189036,36189421,NO,385
chr13,36241101,36241542,NO,441
chr13,36355574,36356118,NO,544
chr13,36389444,36389912,NO,468
chr13,36995304,36996180,NO,876
chr13,37517038,37517688,NO,650
chr13,37527937,37528861,NO,924
chr13,37609198,37609865,NO,667
chr13,37865249,37865894,NO,645
chr13,38200726,38201594,NO,868
chr13,38215476,38216234,NO,758
chr13,38224876,38225657,NO,781
chr13,38917534,38918193,NO,659
chr13,38995959,38996515,NO,556
chr13,39607813,39608605,NO,792
chr13,40332662,40333318,NO,656
chr13,40353967,40354495,NO,528
chr13,40604552,40605192,NO,640
chr13,40618129,40619062,NO,933
chr13,40744402,40745809,NO,1407
chr13,40748109,40748983,NO,874
chr13,40809801,40810422,NO,621
chr13,40829219,40829741,NO,522
chr13,40959133,40959748,NO,615
chr13,40964093,40964971,NO,878
chr13,41012552,41013182,NO,630
chr13,41033100,41033593,NO,493
chr13,41037807,41039031,NO,1224
chr13,41039763,41040297,NO,534
chr13,41040834,41041267,NO,433
chr13,41065397,41066155,NO,758
chr13,41225966,41226540,NO,574
chr13,41240649,41241432,NO,783
chr13,41553771,41554634,NO,863
chr13,42704271,42704846,NO,575
chr13,42774615,42775237,NO,622
chr13,42775875,42776235,NO,360
chr13,42815577,42816073,NO,496
chr13,42967402,42968040,NO,638
chr13,43122877,43123369,NO,492
chr13,43278827,43279643,NO,816
chr13,43327508,43328147,NO,639
chr13,43388256,43388835,NO,579
chr13,43390563,43391175,NO,612
chr13,43395502,43396334,NO,832
chr13,43680461,43681255,NO,794
chr13,43709828,43710545,NO,717
chr13,43933075,43933564,NO,489
chr13,44067269,44067890,NO,621
chr13,44113894,44114700,NO,806
chr13,44180939,44181955,NO,1016
chr13,44217415,44217898,NO,483
chr13,44278166,44278672,NO,506
chr13,44477183,44477719,NO,536
chr13,44486383,44486726,NO,343
chr13,44503735,44504557,NO,822
chr13,44649678,44650550,NO,872
chr13,44773385,44774234,NO,849
chr13,44800270,44801323,NO,1053
chr13,44817274,44818308,NO,1034
chr13,44823651,44824484,NO,833
chr13,44842207,44842980,NO,773
chr13,44846801,44847828,NO,1027
chr13,44850650,44851426,NO,776
chr13,44946494,44947528,NO,1034
chr13,45401160,45402163,NO,1003
chr13,45414986,45415786,NO,800
chr13,45426996,45427596,NO,600
chr13,45469890,45470754,NO,864
chr13,45902509,45903160,NO,651
chr13,46356683,46357019,NO,336
chr13,46740481,46741505,NO,1024
chr13,47038450,47039267,NO,817
chr13,47950509,47951781,NO,1272
chr13,48225921,48226678,NO,757
chr13,48255289,48256284,NO,995
chr13,48302936,48303732,NO,796
chr13,48340502,48341344,NO,842
chr13,48347709,48348703,NO,994
chr13,48419440,48420056,NO,616
chr13,48623761,48624340,NO,579
chr13,48859021,48859895,NO,874
chr13,49108758,49109467,NO,709
chr13,49276801,49276814,NO,13
chr13,49276850,49277722,NO,872
chr13,49500735,49501215,NO,480
chr13,50535260,50535793,NO,533
chr13,50548734,50549423,NO,689
chr13,51147688,51148244,NO,556
chr13,51217805,51218510,NO,705
chr13,51220405,51221221,NO,816
chr13,51532468,51532991,NO,523
chr13,51587061,51587514,NO,453
chr13,51613060,51613815,NO,755
chr13,51825207,51826003,NO,796
chr13,51940931,51942277,NO,1346
chr13,52000200,52001211,NO,1011
chr13,52015693,52016983,NO,1290
chr13,52157170,52157763,NO,593
chr13,52317803,52318226,NO,423
chr13,52347463,52348186,NO,723
chr13,52420860,52421629,NO,769
chr13,52651386,52652176,NO,790
chr13,52657396,52658252,NO,856
chr13,52907792,52908580,NO,788
chr13,52975241,52975838,NO,597
chr13,53006529,53007163,NO,634
chr13,53044567,53044978,NO,411
chr13,53279190,53280121,NO,931
chr13,53329991,53330847,NO,856
chr13,53460261,53460804,NO,543
chr13,53556474,53557370,NO,896
chr13,54162877,54163531,NO,654
chr13,54213551,54214459,NO,908
chr13,54254380,54255276,NO,896
chr13,54294202,54294719,NO,517
chr13,54310523,54311969,NO,1446
chr13,54884318,54885163,NO,845
chr13,54919755,54920322,NO,567
chr13,55011635,55012182,NO,547
chr13,55348387,55349326,NO,939
chr13,56217332,56218174,NO,842
chr13,56244196,56245355,NO,1159
chr13,56317367,56317877,NO,510
chr13,56322321,56322967,NO,646
chr13,56323070,56323941,NO,871
chr13,56337329,56338194,NO,865
chr13,56353301,56353811,NO,510
chr13,56359314,56360028,NO,714
chr13,56360499,56361119,NO,620
chr13,56460652,56461256,NO,604
chr13,56472673,56473209,NO,536
chr13,56713179,56714077,NO,898
chr13,57254023,57255040,NO,1017
chr13,57333917,57334660,NO,743
chr13,57426008,57427180,NO,1172
chr13,57463743,57464587,NO,844
chr13,57596041,57596622,NO,581
chr13,57627202,57627679,NO,477
chr13,57704378,57705101,NO,723
chr13,58414803,58415574,NO,771
chr13,58557864,58558390,NO,526
chr13,58572552,58573686,NO,1134
chr13,58584057,58584653,NO,596
chr13,58869582,58869978,NO,396
chr13,59005952,59006893,NO,941
chr13,59013206,59013769,NO,563
chr13,59690911,59691486,NO,575
chr13,59971463,59971956,NO,493
chr13,60272270,60272721,NO,451
chr13,60728970,60729626,NO,656
chr13,62283511,62283884,NO,373
chr13,62345873,62346276,NO,403
chr13,62432609,62433500,NO,891
chr13,62790718,62791110,NO,392
chr13,62981153,62981755,NO,602
chr13,63003052,63003766,NO,714
chr13,63195927,63196922,NO,995
chr13,63272578,63273357,NO,779
chr13,63373285,63374440,NO,1155
chr13,63374722,63375520,NO,798
chr13,63394612,63395538,NO,926
chr13,63510351,63510929,NO,578
chr13,63597703,63598571,NO,868
chr13,63629801,63630768,NO,967
chr13,63631309,63632574,NO,1265
chr13,63642732,63643443,NO,711
chr13,63670190,63671046,NO,856
chr13,63820644,63821444,NO,800
chr13,63821659,63822444,NO,785
chr13,64033459,64034187,NO,728
chr13,64133061,64133377,NO,316
chr13,64667045,64667642,NO,597
chr13,65018562,65018982,NO,420
chr13,65275113,65275864,NO,751
chr13,66811831,66812374,NO,543
chr13,66978947,66979852,NO,905
chr13,67612723,67613403,NO,680
chr13,67899566,67900332,NO,766
chr13,67945216,67946077,NO,861
chr13,67958164,67959075,NO,911
chr13,69402260,69402872,NO,612
chr13,69725123,69725808,NO,685
chr13,69806150,69806662,NO,512
chr13,69842181,69843099,NO,918
chr13,70214120,70214464,NO,344
chr13,70263588,70264290,NO,702
chr13,70420045,70420423,NO,378
chr13,71117906,71118567,NO,661
chr13,71644967,71645858,NO,891
chr13,72435721,72436266,NO,545
chr13,72464000,72464462,NO,462
chr13,72483113,72484003,NO,890
chr13,72634673,72635045,NO,372
chr13,72767279,72767953,NO,674
chr13,72954687,72955667,NO,980
chr13,72990282,72990812,NO,530
chr13,73084684,73085425,NO,741
chr13,73236486,73237404,NO,918
chr13,73483482,73484109,NO,627
chr13,73919814,73920680,NO,866
chr13,74248339,74249045,NO,706
chr13,74536336,74537405,NO,1069
chr13,74568451,74569207,NO,756
chr13,74907917,74908546,NO,629
chr13,75505449,75505582,NO,133
chr13,75505704,75506131,NO,427
chr13,75781457,75781788,NO,331
chr13,75903138,75904184,NO,1046
chr13,76043430,76044115,NO,685
chr13,77687373,77688121,NO,748
chr13,78566904,78567512,NO,608
chr13,78721826,78722446,NO,620
chr13,80006813,80007218,NO,405
chr13,80862332,80863029,NO,697
chr13,81025875,81025976,NO,101
chr13,81795260,81796035,NO,775
chr13,82088060,82088507,NO,447
chr13,82767745,82768188,NO,443
chr13,83155610,83156119,NO,509
chr13,83880339,83881057,NO,718
chr13,84272116,84272534,NO,418
chr13,84424252,84424953,NO,701
chr13,84505526,84506079,NO,553
chr13,84891778,84892403,NO,625
chr13,84922981,84923737,NO,756
chr13,85175395,85176193,NO,798
chr13,85285893,85286782,NO,889
chr13,86320163,86320506,NO,343
chr13,87147279,87147717,NO,438
chr13,88752857,88753506,NO,649
chr13,89069140,89069725,NO,585
chr13,89377229,89377710,NO,481
chr13,89800973,89801793,NO,820
chr13,89865699,89866666,NO,967
chr13,90315177,90315622,NO,445
chr13,90385365,90386163,NO,798
chr13,91008599,91009247,NO,648
chr13,91011368,91011887,NO,519
chr13,91064620,91065354,NO,734
chr13,91318355,91318912,NO,557
chr13,91519571,91519965,NO,394
chr13,91954071,91954485,NO,414
chr13,93381777,93382383,NO,606
chr13,93473218,93473905,NO,687
chr13,94835380,94836182,NO,802
chr13,95135009,95135833,NO,824
chr13,95213242,95213902,NO,660
chr13,95315425,95316028,NO,603
chr13,95345700,95346608,NO,908
chr13,95369389,95370128,NO,739
chr13,95438130,95438882,NO,752
chr13,95476239,95477293,NO,1054
chr13,95627374,95628642,NO,1268
chr13,95981227,95981799,NO,572
chr13,95998779,95999210,NO,431
chr13,96102532,96102942,NO,410
chr13,96339199,96339748,NO,549
chr13,96589903,96590342,NO,439
chr13,96602539,96603362,NO,823
chr13,96906321,96906932,NO,611
chr13,96943726,96944281,NO,555
chr13,96958328,96958963,NO,635
chr13,97411644,97412165,NO,521
chr13,97429985,97430602,NO,617
chr13,97443596,97444388,NO,792
chr13,97445581,97446190,NO,609
chr13,97836707,97837573,NO,866
chr13,97866949,97867669,NO,720
chr13,97966165,97966926,NO,761
chr13,97977281,97977878,NO,597
chr13,98014519,98015236,NO,717
chr13,98087481,98088101,NO,620
chr13,98090128,98090981,NO,853
chr13,98264472,98265266,NO,794
chr13,98321898,98322735,NO,837
chr13,98357754,98358697,NO,943
chr13,98373353,98374325,NO,972
chr13,98386879,98387402,NO,523
chr13,98471470,98472004,NO,534
chr13,98494458,98495085,NO,627
chr13,98615109,98615759,NO,650
chr13,98729295,98729646,NO,351
chr13,98779208,98779998,NO,790
chr13,99076142,99077067,NO,925
chr13,99128227,99129162,NO,935
chr13,99491895,99492683,NO,788
chr13,99602753,99603310,NO,557
chr13,99746785,99747914,NO,1129
chr13,99785792,99787212,NO,1420
chr13,99860299,99860980,NO,681
chr13,99881747,99882479,NO,732
chr13,100093778,100094431,NO,653
chr13,100214086,100215146,NO,1060
chr13,100284416,100285117,NO,701
chr13,100563818,100564585,NO,767
chr13,101235074,101235566,NO,492
chr13,102004950,102005768,NO,818
chr13,102209038,102209873,NO,835
chr13,102218051,102218454,NO,403
chr13,102261795,102262434,NO,639
chr13,102571178,102571848,NO,670
chr13,102705099,102705741,NO,642
chr13,102875865,102876676,NO,811
chr13,103369931,103370565,NO,634
chr13,103445049,103446056,NO,1007
chr13,103539885,103540397,NO,512
chr13,103630037,103630526,NO,489
chr13,103685876,103686829,NO,953
chr13,103704877,103705787,NO,910
chr13,103747723,103748580,NO,857
chr13,103988735,103989365,NO,630
chr13,104457730,104458238,NO,508
chr13,104596398,104597140,NO,742
chr13,105370837,105371549,NO,712
chr13,105711658,105712054,NO,396
chr13,106046503,106047744,NO,1241
chr13,107223756,107224351,NO,595
chr13,107646433,107647017,NO,584
chr13,107923924,107923973,NO,49
chr13,108342291,108342677,NO,386
chr13,108451452,108452024,NO,572
chr13,108453721,108454262,NO,541
chr13,108505538,108506202,NO,664
chr13,108618805,108619490,NO,685
chr13,108709502,108710536,NO,1034
chr13,109078976,109079434,NO,458
chr13,109230133,109230571,NO,438
chr13,109863435,109864113,NO,678
chr13,110046886,110048008,NO,1122
chr13,110051167,110052389,NO,1222
chr13,110389895,110390601,NO,706
chr13,110401702,110402241,NO,539
chr13,110475047,110476013,NO,966
chr13,110565130,110565842,NO,712
chr13,110567009,110567903,NO,894
chr13,110568375,110569253,NO,878
chr13,110629770,110630911,NO,1141
chr13,110808686,110810254,NO,1568
chr13,110921589,110922206,NO,617
chr13,112163774,112164448,NO,674
chr13,112183659,112184206,NO,547
chr13,112187848,112188748,NO,900
chr13,112331160,112332064,NO,904
chr13,112645673,112645996,NO,323
chr13,112728901,112729671,NO,770
chr13,112769974,112770506,NO,532
chr13,113105661,113106161,NO,500
chr13,113206503,113207227,NO,724
chr13,113230066,113231347,NO,1281
chr13,113252258,113253581,NO,1323
chr13,113560495,113561434,NO,939
chr13,113576112,113576668,NO,556
chr13,113775800,113776394,NO,594
chr13,114014127,114014894,NO,767
chr13,114359512,114360338,NO,826
chr13,114397781,114398449,NO,668
chr13,114409027,114409794,NO,767
chr13,114496398,114497075,NO,677
chr13,114520854,114521696,NO,842
chr13,114526480,114526986,NO,506
chr13,114605878,114606785,NO,907
chr13,114640757,114641461,NO,704
chr13,114648728,114649347,NO,619
chr13,114816472,114817494,NO,1022
chr13,114840662,114841429,NO,767
chr13,115068884,115069433,NO,549
chr13,115083516,115083919,NO,403
chr13,115087667,115088446,NO,779
chr13,115093633,115094161,NO,528
chr13,115188883,115189673,NO,790
chr13,115189730,115190228,NO,498
chr13,115196457,115197833,NO,1376
chr13,115361815,115362434,NO,619
chr13,115890657,115891471,NO,814
chr13,117195281,117195734,NO,453
chr13,117500618,117501187,NO,569
chr13,118004296,118004900,NO,604
chr13,118174847,118175550,NO,703
chr13,119048223,119048865,NO,642
chr13,119563817,119564334,NO,517
chr14,8641601,8642239,NO,638
chr14,8739564,8740124,NO,560
chr14,8884374,8884849,NO,475
chr14,8887124,8887757,NO,633
chr14,8972158,8972648,NO,490
chr14,8972805,8973500,NO,695
chr14,9051276,9051941,NO,665
chr14,9148643,9149492,NO,849
chr14,9154530,9155048,NO,518
chr14,9215656,9216128,NO,472
chr14,9235645,9236312,NO,667
chr14,9292161,9292570,NO,409
chr14,9518648,9519184,NO,536
chr14,10151288,10152094,NO,806
chr14,10159835,10160317,NO,482
chr14,10465055,10465653,NO,598
chr14,10504065,10504825,NO,760
chr14,10531089,10531483,NO,394
chr14,11254609,11255339,NO,730
chr14,11367088,11367636,NO,548
chr14,11740487,11741020,NO,533
chr14,11871944,11872409,NO,465
chr14,11952754,11953437,NO,683
chr14,12039199,12039717,NO,518
chr14,12393076,12393757,NO,681
chr14,12470107,12470842,NO,735
chr14,12495986,12496832,NO,846
chr14,12505471,12506052,NO,581
chr14,12512103,12512794,NO,691
chr14,12531976,12532652,NO,676
chr14,12767015,12767618,NO,603
chr14,12807312,12807987,NO,675
chr14,12939841,12940448,NO,607
chr14,12947072,12947554,NO,482
chr14,13170276,13171164,NO,888
chr14,13190267,13190694,NO,427
chr14,13221646,13222012,NO,366
chr14,13522539,13523452,NO,913
chr14,13670360,13671413,NO,1053
chr14,13982065,13982706,NO,641
chr14,14301684,14302275,NO,591
chr14,14739538,14740050,NO,512
chr14,14868771,14869445,NO,674
chr14,14895071,14895829,NO,758
chr14,15465186,15465871,NO,685
chr14,16810586,16811530,NO,944
chr14,17267166,17267748,NO,582
chr14,18237984,18238467,NO,483
chr14,18528025,18528672,NO,647
chr14,19159762,19160472,NO,710
chr14,19261554,19261919,NO,365
chr14,19499084,19499426,NO,342
chr14,19628066,19628645,NO,579
chr14,20568680,20570203,NO,1523
chr14,20680357,20681087,NO,730
chr14,20809659,20810401,NO,742
chr14,20846651,20847117,NO,466
chr14,20867507,20868331,NO,824
chr14,21035558,21037265,NO,1707
chr14,21039970,21040919,NO,949
chr14,21296378,21296820,NO,442
chr14,21907820,21908596,NO,776
chr14,22218540,22219251,NO,711
chr14,22355477,22356178,NO,701
chr14,22823902,22824751,NO,849
chr14,22865214,22865879,NO,665
chr14,22877622,22878427,NO,805
chr14,23979576,23980402,NO,826
chr14,24216885,24217490,NO,605
chr14,24382293,24383041,NO,748
chr14,24963743,24964678,NO,935
chr14,24968000,24968585,NO,585
chr14,25072805,25073510,NO,705
chr14,25398462,25399019,NO,557
chr14,25745521,25746030,NO,509
chr14,26137169,26138011,NO,842
chr14,26182076,26182698,NO,622
chr14,26410307,26411097,NO,790
chr14,26423925,26424730,NO,805
chr14,26660282,26660905,NO,623
chr14,27424516,27425417,NO,901
chr14,27813452,27814113,NO,661
chr14,27879245,27880087,NO,842
chr14,27881006,27881714,NO,708
chr14,27907171,27907956,NO,785
chr14,28085475,28086802,NO,1327
chr14,28160203,28161280,NO,1077
chr14,28161668,28162432,NO,764
chr14,28181719,28182435,NO,716
chr14,28197605,28198415,NO,810
chr14,28482878,28483680,NO,802
chr14,28487102,28487731,NO,629
chr14,29051706,29052365,NO,659
chr14,29325817,29326550,NO,733
chr14,29341372,29342116,NO,744
chr14,29662318,29662960,NO,642
chr14,29768221,29768940,NO,719
chr14,29774455,29775046,NO,591
chr14,30018364,30019040,NO,676
chr14,30039103,30039615,NO,512
chr14,30608541,30608928,NO,387
chr14,30681999,30682571,NO,572
chr14,30763253,30764714,NO,1461
chr14,31227314,31227778,NO,464
chr14,31243303,31244279,NO,976
chr14,31387426,31388024,NO,598
chr14,31470534,31471189,NO,655
chr14,31530603,31531116,NO,513
chr14,31712876,31713688,NO,812
chr14,32712967,32713752,NO,785
chr14,32731355,32732244,NO,889
chr14,32746619,32747951,NO,1332
chr14,32919892,32920678,NO,786
chr14,33192677,33193495,NO,818
chr14,33667117,33667576,NO,459
chr14,33943982,33944647,NO,665
chr14,35125619,35126489,NO,870
chr14,35129094,35130054,NO,960
chr14,35136551,35137157,NO,606
chr14,35172860,35173552,NO,692
chr14,35266979,35267523,NO,544
chr14,35473724,35475250,NO,1526
chr14,35507004,35507579,NO,575
chr14,35586856,35587518,NO,662
chr14,35822008,35822773,NO,765
chr14,36388306,36388319,NO,13
chr14,37344397,37344898,NO,501
chr14,37727795,37728288,NO,493
chr14,37908776,37909202,NO,426
chr14,41466889,41467241,NO,352
chr14,41677714,41678643,NO,929
chr14,41705584,41706267,NO,683
chr14,41726775,41727533,NO,758
chr14,41771742,41772661,NO,919
chr14,45458340,45458936,NO,596
chr14,45470288,45470879,NO,591
chr14,45613834,45614475,NO,641
chr14,46064877,46065797,NO,920
chr14,46083463,46084104,NO,641
chr14,46113359,46113917,NO,558
chr14,46334038,46334457,NO,419
chr14,46842450,46843306,NO,856
chr14,47032071,47032749,NO,678
chr14,47099884,47100428,NO,544
chr14,48157486,48158415,NO,929
chr14,48192256,48193061,NO,805
chr14,48329258,48329799,NO,541
chr14,48632208,48632665,NO,457
chr14,48973678,48974291,NO,613
chr14,49124173,49124845,NO,672
chr14,49214008,49214632,NO,624
chr14,49320238,49321208,NO,970
chr14,49327101,49327566,NO,465
chr14,49328840,49329832,NO,992
chr14,49335885,49336861,NO,976
chr14,49349641,49350158,NO,517
chr14,49367940,49368693,NO,753
chr14,49372539,49373324,NO,785
chr14,49373471,49374704,NO,1233
chr14,49618309,49619035,NO,726
chr14,49709476,49710058,NO,582
chr14,49775102,49775686,NO,584
chr14,49811259,49811868,NO,609
chr14,49894799,49895618,NO,819
chr14,50067099,50068093,NO,994
chr14,50863311,50863687,NO,376
chr14,51402468,51403045,NO,577
chr14,51530585,51531538,NO,953
chr14,51558001,51558879,NO,878
chr14,51593278,51593864,NO,586
chr14,51599087,51599921,NO,834
chr14,51657525,51658234,NO,709
chr14,51683289,51684043,NO,754
chr14,52505644,52506090,NO,446
chr14,52512139,52512650,NO,511
chr14,52685699,52686443,NO,744
chr14,52903759,52904402,NO,643
chr14,54196511,54197063,NO,552
chr14,54270750,54271082,NO,332
chr14,54961458,54962021,NO,563
chr14,55002998,55003773,NO,775
chr14,55034351,55034932,NO,581
chr14,55666707,55667564,NO,857
chr14,55803264,55804104,NO,840
chr14,55976956,55977784,NO,828
chr14,56170013,56170832,NO,819
chr14,56321462,56322094,NO,632
chr14,56453893,56454720,NO,827
chr14,56581845,56582551,NO,706
chr14,57149547,57150164,NO,617
chr14,57164217,57164845,NO,628
chr14,57466943,57467669,NO,726
chr14,58148750,58149447,NO,697
chr14,58155844,58156587,NO,743
chr14,58351276,58352213,NO,937
chr14,58526985,58527852,NO,867
chr14,58706126,58706665,NO,539
chr14,58720088,58720827,NO,739
chr14,59274686,59276022,NO,1336
chr14,59989156,59989761,NO,605
chr14,60152591,60153190,NO,599
chr14,60178796,60179317,NO,521
chr14,60232967,60233330,NO,363
chr14,60329426,60330181,NO,755
chr14,60355670,60356562,NO,892
chr14,60425419,60425941,NO,522
chr14,60547557,60548197,NO,640
chr14,60836418,60837066,NO,648
chr14,61274229,61274887,NO,658
chr14,61380628,61381137,NO,509
chr14,61455450,61456218,NO,768
chr14,61576344,61577434,NO,1090
chr14,61600762,61601732,NO,970
chr14,61623820,61624703,NO,883
chr14,61641991,61642536,NO,545
chr14,61752861,61753638,NO,777
chr14,61757187,61757994,NO,807
chr14,62221688,62222494,NO,806
chr14,62275385,62276001,NO,616
chr14,62355574,62356145,NO,571
chr14,62414618,62415520,NO,902
chr14,62485806,62486236,NO,430
chr14,62950025,62950910,NO,885
chr14,62952936,62953666,NO,730
chr14,63392229,63393313,NO,1084
chr14,63556353,63556865,NO,512
chr14,63596804,63597357,NO,553
chr14,63691935,63692690,NO,755
chr14,64079381,64079955,NO,574
chr14,64204744,64205610,NO,866
chr14,64555119,64555912,NO,793
chr14,64558953,64559431,NO,478
chr14,65026904,65027759,NO,855
chr14,65213558,65214585,NO,1027
chr14,65766885,65767335,NO,450
chr14,65792359,65793030,NO,671
chr14,66083602,66084185,NO,583
chr14,66422334,66422947,NO,613
chr14,66498860,66499419,NO,559
chr14,66741005,66742036,NO,1031
chr14,66902737,66903245,NO,508
chr14,67306453,67306975,NO,522
chr14,67381333,67382047,NO,714
chr14,67644195,67644789,NO,594
chr14,67860925,67861543,NO,618
chr14,68155746,68156330,NO,584
chr14,68378472,68379540,NO,1068
chr14,68506004,68506872,NO,868
chr14,68511619,68512434,NO,815
chr14,68554515,68555154,NO,639
chr14,68559403,68560104,NO,701
chr14,68590144,68590987,NO,843
chr14,68608268,68609335,NO,1067
chr14,68700747,68701645,NO,898
chr14,69070405,69071028,NO,623
chr14,69174801,69175383,NO,582
chr14,70072185,70072933,NO,748
chr14,70751362,70752223,NO,861
chr14,71456398,71456797,NO,399
chr14,72906381,72906959,NO,578
chr14,73245592,73246305,NO,713
chr14,73246954,73247880,NO,926
chr14,73247914,73248667,NO,753
chr14,73619365,73619893,NO,528
chr14,73637897,73638790,NO,893
chr14,73735067,73735755,NO,688
chr14,75334071,75334773,NO,702
chr14,75703454,75704207,NO,753
chr14,75767173,75767635,NO,462
chr14,75775969,75776616,NO,647
chr14,75904849,75905676,NO,827
chr14,75940755,75941289,NO,534
chr14,76393300,76394046,NO,746
chr14,76398432,76399048,NO,616
chr14,76592034,76592471,NO,437
chr14,76666855,76667467,NO,612
chr14,76787628,76788402,NO,774
chr14,76855503,76856131,NO,628
chr14,76860978,76861856,NO,878
chr14,76958882,76959494,NO,612
chr14,77098349,77099290,NO,941
chr14,77639404,77640167,NO,763
chr14,77650297,77651186,NO,889
chr14,77663333,77664000,NO,667
chr14,77918993,77920084,NO,1091
chr14,78026747,78027348,NO,601
chr14,78192651,78193141,NO,490
chr14,78213730,78214397,NO,667
chr14,78247804,78248510,NO,706
chr14,78397538,78398140,NO,602
chr14,78637325,78637910,NO,585
chr14,78688437,78689388,NO,951
chr14,78838074,78838560,NO,486
chr14,78937419,78938329,NO,910
chr14,79057849,79058408,NO,559
chr14,79121670,79122462,NO,792
chr14,79127187,79127802,NO,615
chr14,79133349,79133915,NO,566
chr14,79134097,79134144,NO,47
chr14,79169911,79170861,NO,950
chr14,79418157,79419060,NO,903
chr14,79637702,79638205,NO,503
chr14,79677063,79678379,NO,1316
chr14,79964561,79965081,NO,520
chr14,79983072,79983942,NO,870
chr14,80455423,80456010,NO,587
chr14,81398787,81399194,NO,407
chr14,81878994,81879646,NO,652
chr14,82540329,82540807,NO,478
chr14,82866400,82867006,NO,606
chr14,83372398,83373318,NO,920
chr14,83408274,83408869,NO,595
chr14,84622849,84623497,NO,648
chr14,86795627,86796346,NO,719
chr14,86843891,86844547,NO,656
chr14,89724735,89725365,NO,630
chr14,89785119,89785809,NO,690
chr14,91877564,91878246,NO,682
chr14,91933841,91934821,NO,980
chr14,93225561,93226552,NO,991
chr14,93261916,93262756,NO,840
chr14,93482107,93483038,NO,931
chr14,95294592,95295208,NO,616
chr14,96273347,96273821,NO,474
chr14,97943863,97944196,NO,333
chr14,98472067,98472586,NO,519
chr14,98848663,98849333,NO,670
chr14,99306263,99306935,NO,672
chr14,99332445,99333186,NO,741
chr14,99438364,99439107,NO,743
chr14,99454072,99454776,NO,704
chr14,99506914,99507488,NO,574
chr14,99605767,99606365,NO,598
chr14,99665688,99666304,NO,616
chr14,99674178,99674952,NO,774
chr14,99677440,99678209,NO,769
chr14,99723756,99724385,NO,629
chr14,99812308,99812792,NO,484
chr14,99908819,99910125,NO,1306
chr14,100185274,100186215,NO,941
chr14,100666318,100666920,NO,602
chr14,100683617,100684501,NO,884
chr14,100749192,100749788,NO,596
chr14,100858254,100858679,NO,425
chr14,102062210,102062766,NO,556
chr14,102175814,102176510,NO,696
chr14,102186277,102186742,NO,465
chr14,102728738,102729096,NO,358
chr14,102868549,102868929,NO,380
chr14,103474469,103475168,NO,699
chr14,103477440,103477990,NO,550
chr14,103939112,103939646,NO,534
chr14,103954535,103955257,NO,722
chr14,104305470,104306447,NO,977
chr14,104736025,104736370,NO,345
chr14,104749935,104750401,NO,466
chr14,104830978,104831420,NO,442
chr14,105188589,105189053,NO,464
chr14,105572867,105573451,NO,584
chr14,105901061,105902082,NO,1021
chr14,106147330,106148163,NO,833
chr14,106223305,106223967,NO,662
chr14,106319658,106320994,NO,1336
chr14,106408197,106408599,NO,402
chr14,107379871,107380482,NO,611
chr14,111203239,111203690,NO,451
chr14,111515726,111516287,NO,561
chr14,111828363,111829204,NO,841
chr14,113568944,113569462,NO,518
chr14,114460658,114461203,NO,545
chr14,115605486,115605997,NO,511
chr14,117268418,117269325,NO,907
chr14,117281866,117282455,NO,589
chr14,117296997,117297731,NO,734
chr14,117326693,117327070,NO,377
chr14,117403728,117404279,NO,551
chr14,118236774,118237385,NO,611
chr14,118251891,118252607,NO,716
chr14,118629366,118630181,NO,815
chr14,118765534,118766163,NO,629
chr14,118768161,118768803,NO,642
chr14,118814999,118816000,NO,1001
chr14,118873137,118874014,NO,877
chr14,118965161,118965900,NO,739
chr14,119095941,119096739,NO,798
chr14,119150297,119150926,NO,629
chr14,119275665,119276378,NO,713
chr14,119279797,119280554,NO,757
chr14,119332449,119333029,NO,580
chr14,119376353,119377277,NO,924
chr14,119616552,119617351,NO,799
chr14,120432523,120433108,NO,585
chr14,120883645,120884276,NO,631
chr14,121320767,121321453,NO,686
chr14,121606847,121607638,NO,791
chr14,121618356,121619010,NO,654
chr14,121690328,121690688,NO,360
chr14,121708826,121709444,NO,618
chr14,121728527,121729020,NO,493
chr14,121839215,121839590,NO,375
chr14,121905233,121906137,NO,904
chr14,122007531,122008254,NO,723
chr14,122074878,122075640,NO,762
chr14,122113507,122114000,NO,493
chr14,122131287,122132066,NO,779
chr14,122628250,122628775,NO,525
chr14,122654538,122655892,NO,1354
chr14,122657260,122658688,NO,1428
chr14,122662116,122662867,NO,751
chr14,122666519,122667530,NO,1011
chr14,122676232,122677093,NO,861
chr14,122689571,122690159,NO,588
chr14,122729081,122729983,NO,902
chr14,122731088,122731911,NO,823
chr14,122741176,122741897,NO,721
chr14,122792262,122792916,NO,654
chr14,122815124,122816133,NO,1009
chr14,122832898,122833931,NO,1033
chr14,122866697,122868509,NO,1812
chr14,122873670,122874269,NO,599
chr14,123188906,123189617,NO,711
chr14,123256833,123257295,NO,462
chr14,123270861,123271474,NO,613
chr14,123465618,123465969,NO,351
chr14,124432499,124433014,NO,515
chr15,3698145,3698656,NO,511
chr15,4307762,4308130,NO,368
chr15,4844914,4845475,NO,561
chr15,5085003,5085509,NO,506
chr15,5502520,5503035,NO,515
chr15,5845702,5846088,NO,386
chr15,6505427,6506061,NO,634
chr15,6578275,6579299,NO,1024
chr15,6613763,6614774,NO,1011
chr15,6853441,6854087,NO,646
chr15,7031756,7032395,NO,639
chr15,7065153,7067504,NO,2351
chr15,7067856,7068694,NO,838
chr15,7231298,7231951,NO,653
chr15,7429911,7430678,NO,767
chr15,7480912,7481778,NO,866
chr15,8040386,8041290,NO,904
chr15,8108772,8109528,NO,756
chr15,8110413,8110883,NO,470
chr15,8378274,8378777,NO,503
chr15,8492188,8492664,NO,476
chr15,9064663,9065183,NO,520
chr15,9382412,9383128,NO,716
chr15,9827740,9828740,NO,1000
chr15,10529872,10530578,NO,706
chr15,10573044,10573343,NO,299
chr15,10596932,10597467,NO,535
chr15,10615155,10616035,NO,880
chr15,10616809,10617848,NO,1039
chr15,10640824,10641645,NO,821
chr15,10645500,10646341,NO,841
chr15,10653072,10653875,NO,803
chr15,10753784,10754388,NO,604
chr15,10906708,10907428,NO,720
chr15,11287157,11287640,NO,483
chr15,11391244,11391886,NO,642
chr15,11497790,11498457,NO,667
chr15,11513787,11514551,NO,764
chr15,11560509,11560987,NO,478
chr15,11686322,11686925,NO,603
chr15,11789938,11790382,NO,444
chr15,11961930,11962798,NO,868
chr15,12045435,12046215,NO,780
chr15,12133202,12134066,NO,864
chr15,12204781,12205449,NO,668
chr15,12243117,12243690,NO,573
chr15,12251956,12252382,NO,426
chr15,12353778,12354539,NO,761
chr15,12433241,12433917,NO,676
chr15,12582383,12582738,NO,355
chr15,12637779,12638557,NO,778
chr15,12642791,12643566,NO,775
chr15,12846036,12846694,NO,658
chr15,12891718,12892464,NO,746
chr15,13024416,13025124,NO,708
chr15,13141812,13142564,NO,752
chr15,13322873,13323515,NO,642
chr15,13362101,13362659,NO,558
chr15,15547452,15548404,NO,952
chr15,16060570,16061127,NO,557
chr15,16376179,16376793,NO,614
chr15,16559502,16559870,NO,368
chr15,16668815,16669249,NO,434
chr15,16978966,16979390,NO,424
chr15,18748130,18748646,NO,516
chr15,19325519,19326035,NO,516
chr15,19793747,19794400,NO,653
chr15,21295906,21296578,NO,672
chr15,23333731,23334563,NO,832
chr15,24459890,24460325,NO,435
chr15,24976274,24976665,NO,391
chr15,25165933,25166460,NO,527
chr15,25261487,25262528,NO,1041
chr15,25428014,25428727,NO,713
chr15,25562215,25562786,NO,571
chr15,25622278,25622796,NO,518
chr15,25839972,25840656,NO,684
chr15,27062408,27062913,NO,505
chr15,27412540,27413152,NO,612
chr15,27862888,27863444,NO,556
chr15,27925156,27925872,NO,716
chr15,27970966,27971672,NO,706
chr15,27980728,27981329,NO,601
chr15,28000620,28001311,NO,691
chr15,30001445,30001922,NO,477
chr15,30069296,30069921,NO,625
chr15,30312737,30313415,NO,678
chr15,30575539,30576081,NO,542
chr15,30837551,30838175,NO,624
chr15,31056444,31057382,NO,938
chr15,31223924,31224557,NO,633
chr15,31417110,31417544,NO,434
chr15,31471714,31472268,NO,554
chr15,31935661,31936171,NO,510
chr15,33983817,33984512,NO,695
chr15,34100455,34101187,NO,732
chr15,34437639,34438424,NO,785
chr15,34753949,34754861,NO,912
chr15,34840720,34841422,NO,702
chr15,34882313,34882733,NO,420
chr15,35379838,35380503,NO,665
chr15,35933682,35934449,NO,767
chr15,36171677,36172211,NO,534
chr15,36398678,36399364,NO,686
chr15,36920887,36921742,NO,855
chr15,36941214,36941629,NO,415
chr15,37011629,37012167,NO,538
chr15,37093724,37094529,NO,805
chr15,37167928,37168846,NO,918
chr15,37219143,37219897,NO,754
chr15,37331339,37331754,NO,415
chr15,37902734,37903393,NO,659
chr15,37906463,37907596,NO,1133
chr15,37989429,37990214,NO,785
chr15,38002430,38002960,NO,530
chr15,38007340,38008159,NO,819
chr15,38081149,38081802,NO,653
chr15,38083276,38084185,NO,909
chr15,38574213,38574882,NO,669
chr15,38635651,38636511,NO,860
chr15,38639950,38640731,NO,781
chr15,39478095,39478808,NO,713
chr15,39518437,39519239,NO,802
chr15,39552004,39552616,NO,612
chr15,39559657,39560831,NO,1174
chr15,39611770,39613283,NO,1513
chr15,39614323,39615194,NO,871
chr15,41183504,41184059,NO,555
chr15,41293082,41293724,NO,642
chr15,41489645,41490222,NO,577
chr15,41713795,41714584,NO,789
chr15,41792086,41792583,NO,497
chr15,42416799,42417136,NO,337
chr15,42505500,42506150,NO,650
chr15,43091171,43092051,NO,880
chr15,43361146,43361991,NO,845
chr15,44722766,44723134,NO,368
chr15,46159796,46160404,NO,608
chr15,48642187,48642824,NO,637
chr15,50416939,50417723,NO,784
chr15,50648916,50649557,NO,641
chr15,50731637,50732717,NO,1080
chr15,50795033,50795621,NO,588
chr15,50870510,50871115,NO,605
chr15,51128380,51128916,NO,536
chr15,51789533,51790375,NO,842
chr15,51831440,51832087,NO,647
chr15,51833639,51834503,NO,864
chr15,51844617,51845312,NO,695
chr15,52799158,52800025,NO,867
chr15,52997849,52998639,NO,790
chr15,53008176,53009017,NO,841
chr15,53173777,53174610,NO,833
chr15,53174790,53175470,NO,680
chr15,53756912,53757822,NO,910
chr15,54533846,54534433,NO,587
chr15,54746572,54747189,NO,617
chr15,54975159,54975709,NO,550
chr15,55095920,55096793,NO,873
chr15,55099186,55100307,NO,1121
chr15,55119856,55120647,NO,791
chr15,55149269,55149944,NO,675
chr15,55491454,55492059,NO,605
chr15,55688091,55688710,NO,619
chr15,56573900,56575358,NO,1458
chr15,57340910,57341629,NO,719
chr15,57587747,57588381,NO,634
chr15,57655718,57656346,NO,628
chr15,58052823,58053270,NO,447
chr15,58137668,58138514,NO,846
chr15,58244484,58245397,NO,913
chr15,58901790,58902516,NO,726
chr15,58914340,58915123,NO,783
chr15,59125623,59126736,NO,1113
chr15,59133342,59134218,NO,876
chr15,59192333,59193345,NO,1012
chr15,59220015,59220841,NO,826
chr15,59247496,59248202,NO,706
chr15,59461044,59461731,NO,687
chr15,59655344,59656079,NO,735
chr15,59815141,59815831,NO,690
chr15,60306608,60307048,NO,440
chr15,60386132,60386734,NO,602
chr15,60671085,60671973,NO,888
chr15,60729088,60729558,NO,470
chr15,61759164,61759881,NO,717
chr15,61810188,61811058,NO,870
chr15,61841217,61841740,NO,523
chr15,61842083,61842868,NO,785
chr15,61844062,61844889,NO,827
chr15,61978900,61979607,NO,707
chr15,61994476,61995088,NO,612
chr15,62790118,62791075,NO,957
chr15,62793408,62794238,NO,830
chr15,63855459,63856044,NO,585
chr15,63875669,63876141,NO,472
chr15,64873336,64874121,NO,785
chr15,65049528,65050036,NO,508
chr15,65069887,65070232,NO,345
chr15,65090150,65090933,NO,783
chr15,65557616,65558401,NO,785
chr15,65580914,65581693,NO,779
chr15,65775050,65775485,NO,435
chr15,65835469,65835883,NO,414
chr15,66272983,66273482,NO,499
chr15,66578011,66578555,NO,544
chr15,66902212,66903092,NO,880
chr15,68752023,68752528,NO,505
chr15,70754348,70754748,NO,400
chr15,71362468,71363199,NO,731
chr15,72681071,72681686,NO,615
chr15,72851301,72852157,NO,856
chr15,73013516,73014184,NO,668
chr15,73032149,73032698,NO,549
chr15,73243904,73244523,NO,619
chr15,73244574,73245132,NO,558
chr15,73400310,73400955,NO,645
chr15,73460935,73461616,NO,681
chr15,73482956,73483821,NO,865
chr15,73506509,73507277,NO,768
chr15,73606216,73606949,NO,733
chr15,73793379,73793854,NO,475
chr15,74044371,74044720,NO,349
chr15,74055551,74056262,NO,711
chr15,74056304,74056816,NO,512
chr15,74217789,74218625,NO,836
chr15,74361172,74362062,NO,890
chr15,74366019,74366659,NO,640
chr15,74482952,74483751,NO,799
chr15,74521588,74522452,NO,864
chr15,74611470,74611870,NO,400
chr15,75581461,75582363,NO,902
chr15,75708006,75708847,NO,841
chr15,75710698,75711581,NO,883
chr15,75719753,75721265,NO,1512
chr15,75731820,75732455,NO,635
chr15,75779200,75779811,NO,611
chr15,76219384,76219839,NO,455
chr15,76717318,76717880,NO,562
chr15,76762601,76762952,NO,351
chr15,76909283,76909985,NO,702
chr15,76932767,76933613,NO,846
chr15,76939581,76940288,NO,707
chr15,77032358,77033161,NO,803
chr15,77037327,77037987,NO,660
chr15,77678011,77678785,NO,774
chr15,77831694,77832264,NO,570
chr15,77919110,77919421,NO,311
chr15,78726841,78727700,NO,859
chr15,79120374,79121047,NO,673
chr15,79278426,79279059,NO,633
chr15,79349090,79349664,NO,574
chr15,79364853,79365437,NO,584
chr15,79732639,79733428,NO,789
chr15,79735194,79735747,NO,553
chr15,79739356,79739819,NO,463
chr15,79764871,79765650,NO,779
chr15,80407873,80408363,NO,490
chr15,80434439,80435005,NO,566
chr15,80449114,80450393,NO,1279
chr15,80559641,80560319,NO,678
chr15,80580961,80581371,NO,410
chr15,80727935,80728664,NO,729
chr15,80933854,80934442,NO,588
chr15,81352628,81353127,NO,499
chr15,81530381,81531523,NO,1142
chr15,81560234,81560989,NO,755
chr15,82050108,82050650,NO,542
chr15,82059574,82060103,NO,529
chr15,82400128,82400661,NO,533
chr15,83078331,83079121,NO,790
chr15,83159704,83160302,NO,598
chr15,83726221,83727031,NO,810
chr15,83809076,83809727,NO,651
chr15,84016374,84017112,NO,738
chr15,84019541,84020249,NO,708
chr15,84112359,84113083,NO,724
chr15,84230842,84231575,NO,733
chr15,84487996,84488581,NO,585
chr15,84496010,84496485,NO,475
chr15,85267577,85268075,NO,498
chr15,85668308,85668848,NO,540
chr15,85696253,85696964,NO,711
chr15,85835969,85836783,NO,814
chr15,86438512,86438894,NO,382
chr15,86503717,86504254,NO,537
chr15,88667887,88668722,NO,835
chr15,88723031,88723774,NO,743
chr15,88736441,88737402,NO,961
chr15,89308072,89308794,NO,722
chr15,89978971,89979615,NO,644
chr15,90019895,90020364,NO,469
chr15,90536421,90536947,NO,526
chr15,90848817,90849503,NO,686
chr15,90886302,90887037,NO,735
chr15,91602424,91602839,NO,415
chr15,91694699,91695086,NO,387
chr15,92239580,92240104,NO,524
chr15,92373543,92374118,NO,575
chr15,92534049,92534716,NO,667
chr15,93227987,93228712,NO,725
chr15,93319728,93320484,NO,756
chr15,93349772,93350655,NO,883
chr15,93351323,93352164,NO,841
chr15,94014227,94014834,NO,607
chr15,95414967,95415727,NO,760
chr15,95618532,95618978,NO,446
chr15,95961935,95962854,NO,919
chr15,95996466,95997001,NO,535
chr15,96009647,96010368,NO,721
chr15,96028129,96029133,NO,1004
chr15,96074871,96075888,NO,1017
chr15,96088203,96088677,NO,474
chr15,96163740,96164401,NO,661
chr15,96322341,96322889,NO,548
chr15,96432110,96432562,NO,452
chr15,96532896,96533663,NO,767
chr15,96552608,96553139,NO,531
chr15,96858203,96858958,NO,755
chr15,97659779,97660356,NO,577
chr15,97907205,97907789,NO,584
chr15,98056411,98057046,NO,635
chr15,98375480,98376240,NO,760
chr15,98652321,98653134,NO,813
chr15,98821850,98822436,NO,586
chr15,98828111,98828763,NO,652
chr15,99025446,99026003,NO,557
chr15,99669835,99670295,NO,460
chr15,99702760,99703985,NO,1225
chr15,99704828,99705639,NO,811
chr15,99771565,99772202,NO,637
chr15,99871865,99872478,NO,613
chr15,99897009,99897572,NO,563
chr15,100094078,100094500,NO,422
chr15,100304382,100305176,NO,794
chr15,100465610,100466358,NO,748
chr15,100912385,100913104,NO,719
chr15,101011436,101012029,NO,593
chr15,101107344,101108241,NO,897
chr15,102044350,102045008,NO,658
chr15,102073324,102074272,NO,948
chr15,102257166,102257950,NO,784
chr15,102523107,102523859,NO,752
chr15,102756622,102757268,NO,646
chr15,103022738,103023448,NO,710
chr16,3849599,3850539,NO,940
chr16,4013960,4014647,NO,687
chr16,4022623,4023170,NO,547
chr16,4031144,4031967,NO,823
chr16,4095746,4096219,NO,473
chr16,4276482,4277049,NO,567
chr16,4293020,4293913,NO,893
chr16,5252339,5252888,NO,549
chr16,5811068,5811507,NO,439
chr16,5812367,5812925,NO,558
chr16,6885969,6886488,NO,519
chr16,6964728,6965528,NO,800
chr16,7074667,7075533,NO,866
chr16,7404480,7405360,NO,880
chr16,7797100,7797899,NO,799
chr16,8188406,8189350,NO,944
chr16,8706305,8706997,NO,692
chr16,8723764,8724595,NO,831
chr16,8838873,8839455,NO,582
chr16,8881389,8882129,NO,740
chr16,9083561,9084307,NO,746
chr16,9149849,9150357,NO,508
chr16,9229881,9230687,NO,806
chr16,9264615,9265700,NO,1085
chr16,9284250,9285056,NO,806
chr16,9391107,9391674,NO,567
chr16,10001662,10002172,NO,510
chr16,10073024,10073618,NO,594
chr16,10236577,10237268,NO,691
chr16,10467742,10468498,NO,756
chr16,10530547,10530903,NO,356
chr16,10628075,10628650,NO,575
chr16,11260700,11261095,NO,395
chr16,11295553,11296173,NO,620
chr16,11359862,11361178,NO,1316
chr16,12768120,12768725,NO,605
chr16,12807092,12807763,NO,671
chr16,12878960,12879408,NO,448
chr16,12960666,12961565,NO,899
chr16,13084983,13085431,NO,448
chr16,13118831,13119478,NO,647
chr16,13119657,13120459,NO,802
chr16,13308870,13309578,NO,708
chr16,13323691,13324226,NO,535
chr16,13563472,13564014,NO,542
chr16,13722759,13723401,NO,642
chr16,13748796,13750023,NO,1227
chr16,13750041,13750536,NO,495
chr16,13768524,13769242,NO,718
chr16,13785839,13786611,NO,772
chr16,13951147,13952047,NO,900
chr16,14021036,14021823,NO,787
chr16,14123904,14124407,NO,503
chr16,15292898,15293606,NO,708
chr16,15587600,15588338,NO,738
chr16,15958625,15959200,NO,575
chr16,16086161,16086879,NO,718
chr16,16102978,16103883,NO,905
chr16,16277436,16277939,NO,503
chr16,16302093,16302827,NO,734
chr16,16684986,16685390,NO,404
chr16,16825494,16825966,NO,472
chr16,16826108,16826238,NO,130
chr16,17395222,17396041,NO,819
chr16,17630126,17630480,NO,354
chr16,17928738,17929621,NO,883
chr16,18242932,18243570,NO,638
chr16,18270834,18271338,NO,504
chr16,18387082,18387709,NO,627
chr16,18459984,18460519,NO,535
chr16,18479533,18480159,NO,626
chr16,18484900,18485544,NO,644
chr16,18558641,18559080,NO,439
chr16,18678090,18678774,NO,684
chr16,18715709,18716126,NO,417
chr16,19865217,19865850,NO,633
chr16,20130014,20130361,NO,347
chr16,20191139,20191864,NO,725
chr16,20382504,20383191,NO,687
chr16,20473690,20474311,NO,621
chr16,20480093,20480516,NO,423
chr16,20865892,20866322,NO,430
chr16,21163474,21164073,NO,599
chr16,21274151,21274948,NO,797
chr16,21701821,21702859,NO,1038
chr16,21995128,21996129,NO,1001
chr16,22015572,22016286,NO,714
chr16,22065449,22066146,NO,697
chr16,22075605,22076677,NO,1072
chr16,22139712,22140462,NO,750
chr16,22149632,22150383,NO,751
chr16,22160216,22161378,NO,1162
chr16,22185436,22186008,NO,572
chr16,22402575,22403156,NO,581
chr16,22441980,22442886,NO,906
chr16,22505621,22506386,NO,765
chr16,22637159,22637877,NO,718
chr16,22800387,22801126,NO,739
chr16,23030670,23031126,NO,456
chr16,23070872,23071467,NO,595
chr16,23262122,23262777,NO,655
chr16,23482263,23482731,NO,468
chr16,23607843,23608391,NO,548
chr16,24366256,24366857,NO,601
chr16,24443296,24444024,NO,728
chr16,24741051,24741644,NO,593
chr16,24875595,24876188,NO,593
chr16,25033083,25033577,NO,494
chr16,25038615,25039368,NO,753
chr16,25492812,25493291,NO,479
chr16,25516961,25517959,NO,998
chr16,25817643,25818375,NO,732
chr16,25871580,25872284,NO,704
chr16,26961686,26962548,NO,862
chr16,27149239,27149732,NO,493
chr16,28818809,28819275,NO,466
chr16,29474108,29474521,NO,413
chr16,29560189,29561002,NO,813
chr16,29683130,29684037,NO,907
chr16,29719938,29720602,NO,664
chr16,29722967,29723776,NO,809
chr16,29882871,29883926,NO,1055
chr16,29972413,29973355,NO,942
chr16,30062920,30063517,NO,597
chr16,30204010,30204805,NO,795
chr16,30280722,30281415,NO,693
chr16,30285619,30286306,NO,687
chr16,30407326,30408050,NO,724
chr16,30641286,30642065,NO,779
chr16,30645969,30646782,NO,813
chr16,30740250,30741864,NO,1614
chr16,30939670,30940454,NO,784
chr16,31169367,31170075,NO,708
chr16,31342495,31343646,NO,1151
chr16,31473204,31473737,NO,533
chr16,31546265,31546713,NO,448
chr16,31890807,31891593,NO,786
chr16,32291741,32292369,NO,628
chr16,32510789,32511503,NO,714
chr16,32513379,32514168,NO,789
chr16,32532654,32533224,NO,570
chr16,32637008,32637740,NO,732
chr16,32739990,32740371,NO,381
chr16,32741827,32742244,NO,417
chr16,33178393,33179116,NO,723
chr16,33246666,33247168,NO,502
chr16,33379458,33380156,NO,698
chr16,33428246,33429106,NO,860
chr16,33636498,33637099,NO,601
chr16,33644308,33644917,NO,609
chr16,33734394,33735323,NO,929
chr16,33760479,33761213,NO,734
chr16,33766275,33767052,NO,777
chr16,33844072,33845061,NO,989
chr16,33878056,33878826,NO,770
chr16,33979827,33980397,NO,570
chr16,34154943,34155521,NO,578
chr16,34175445,34176341,NO,896
chr16,34668393,34668902,NO,509
chr16,34692943,34693565,NO,622
chr16,34941733,34942266,NO,533
chr16,35145920,35146966,NO,1046
chr16,35237050,35237663,NO,613
chr16,35404877,35405518,NO,641
chr16,35541952,35542687,NO,735
chr16,35587840,35588620,NO,780
chr16,35729017,35729620,NO,603
chr16,35800035,35800664,NO,629
chr16,35829930,35830664,NO,734
chr16,35904188,35904706,NO,518
chr16,35966441,35966967,NO,526
chr16,36069406,36070168,NO,762
chr16,36531807,36532466,NO,659
chr16,36649131,36649858,NO,727
chr16,36674752,36675571,NO,819
chr16,36707729,36708660,NO,931
chr16,36821606,36822164,NO,558
chr16,38115081,38115826,NO,745
chr16,38150598,38151058,NO,460
chr16,38259870,38260372,NO,502
chr16,38407379,38408342,NO,963
chr16,38471677,38472430,NO,753
chr16,38558387,38558980,NO,593
chr16,38945186,38945937,NO,751
chr16,39102075,39102753,NO,678
chr16,40616605,40617235,NO,630
chr16,41633704,41634557,NO,853
chr16,42022418,42023340,NO,922
chr16,42277147,42277850,NO,703
chr16,42305576,42306663,NO,1087
chr16,42369393,42369909,NO,516
chr16,42498376,42498981,NO,605
chr16,42500489,42501774,NO,1285
chr16,42575415,42576298,NO,883
chr16,42719973,42720406,NO,433
chr16,42722887,42723365,NO,478
chr16,42770220,42770697,NO,477
chr16,42781366,42782883,NO,1517
chr16,43309931,43310714,NO,783
chr16,43385618,43386382,NO,764
chr16,43546641,43547134,NO,493
chr16,43603673,43604284,NO,611
chr16,43606984,43607563,NO,579
chr16,43800132,43801123,NO,991
chr16,43816337,43817156,NO,819
chr16,43854234,43854915,NO,681
chr16,44280736,44281450,NO,714
chr16,44568011,44568689,NO,678
chr16,44764246,44765115,NO,869
chr16,45726028,45726467,NO,439
chr16,46101707,46102361,NO,654
chr16,46500728,46501425,NO,697
chr16,48127010,48127474,NO,464
chr16,48283498,48284125,NO,627
chr16,48303474,48304185,NO,711
chr16,48309918,48311051,NO,1133
chr16,48422417,48423214,NO,797
chr16,48435503,48436369,NO,866
chr16,48475028,48475830,NO,802
chr16,48519668,48520077,NO,409
chr16,48608000,48609138,NO,1138
chr16,48613596,48614501,NO,905
chr16,49768417,49769082,NO,665
chr16,49803865,49804752,NO,887
chr16,49861220,49861331,NO,111
chr16,49861480,49862107,NO,627
chr16,50029775,50030297,NO,522
chr16,52718274,52718712,NO,438
chr16,53664696,53665324,NO,628
chr16,54910998,54911557,NO,559
chr16,56116172,56117074,NO,902
chr16,56227636,56228206,NO,570
chr16,57131559,57132134,NO,575
chr16,57242991,57243849,NO,858
chr16,57473514,57473956,NO,442
chr16,57575949,57576611,NO,662
chr16,58629901,58630579,NO,678
chr16,59545022,59545916,NO,894
chr16,59565288,59565830,NO,542
chr16,59567364,59568004,NO,640
chr16,59643496,59644072,NO,576
chr16,59928170,59928484,NO,314
chr16,63062672,63063315,NO,643
chr16,63806255,63807012,NO,757
chr16,64766788,64767304,NO,516
chr16,64884795,64886269,NO,1474
chr16,65529697,65530361,NO,664
chr16,65648992,65649650,NO,658
chr16,66617390,66617993,NO,603
chr16,67652801,67653335,NO,534
chr16,68628238,68628691,NO,453
chr16,69951725,69952564,NO,839
chr16,70447454,70448091,NO,637
chr16,71120952,71121289,NO,337
chr16,71835477,71836206,NO,729
chr16,72072130,72072811,NO,681
chr16,72194563,72195101,NO,538
chr16,72611560,72612022,NO,462
chr16,72693233,72694162,NO,929
chr16,72699297,72700124,NO,827
chr16,73096631,73097702,NO,1071
chr16,73120603,73121135,NO,532
chr16,74136274,74136876,NO,602
chr16,74375922,74376526,NO,604
chr16,74768518,74769070,NO,552
chr16,76319632,76320559,NO,927
chr16,76321629,76322603,NO,974
chr16,76354262,76354873,NO,611
chr16,76656335,76656938,NO,603
chr16,76685645,76686244,NO,599
chr16,77094469,77094826,NO,357
chr16,77400688,77401286,NO,598
chr16,78265196,78265951,NO,755
chr16,78275205,78275647,NO,442
chr16,78321656,78322142,NO,486
chr16,78490987,78491637,NO,650
chr16,78573987,78574492,NO,505
chr16,78827866,78828570,NO,704
chr16,78846115,78846720,NO,605
chr16,81481058,81481985,NO,927
chr16,84045617,84046043,NO,426
chr16,84825000,84825796,NO,796
chr16,85506182,85506691,NO,509
chr16,87208127,87208600,NO,473
chr16,88719927,88721036,NO,1109
chr16,89863227,89864132,NO,905
chr16,89945580,89946205,NO,625
chr16,90165344,90166356,NO,1012
chr16,90283267,90283824,NO,557
chr16,90299762,90300446,NO,684
chr16,90309808,90310830,NO,1022
chr16,90433650,90434189,NO,539
chr16,90437467,90438145,NO,678
chr16,90522624,90522678,NO,54
chr16,90522721,90522843,NO,122
chr16,90711695,90712415,NO,720
chr16,90902978,90903860,NO,882
chr16,91029547,91030268,NO,721
chr16,91181165,91181701,NO,536
chr16,91334617,91335226,NO,609
chr16,91379084,91379709,NO,625
chr16,91425885,91426508,NO,623
chr16,91432979,91433613,NO,634
chr16,91480485,91481228,NO,743
chr16,91564964,91565726,NO,762
chr16,91565803,91566318,NO,515
chr16,91661486,91662232,NO,746
chr16,91736477,91737426,NO,949
chr16,91812135,91812667,NO,532
chr16,91837199,91837988,NO,789
chr16,92541085,92541658,NO,573
chr16,93463633,93464248,NO,615
chr16,93807967,93808579,NO,612
chr16,93826367,93827291,NO,924
chr16,94391764,94392373,NO,609
chr16,94980857,94981860,NO,1003
chr16,95988579,95989352,NO,773
chr16,96174586,96175281,NO,695
chr16,96284914,96285860,NO,946
chr16,96304699,96305588,NO,889
chr16,96770430,96770823,NO,393
chr16,97167239,97167931,NO,692
chr16,97387587,97388168,NO,581
chr16,97542519,97543004,NO,485
chr16,97544084,97544918,NO,834
chr16,97717619,97717975,NO,356
chr16,98157035,98157554,NO,519
chr16,98217729,98218377,NO,648
chr17,3156954,3157471,NO,517
chr17,3460486,3461217,NO,731
chr17,3505359,3506411,NO,1052
chr17,3516348,3516954,NO,606
chr17,3551086,3551760,NO,674
chr17,3740843,3741243,NO,400
chr17,3879132,3879808,NO,676
chr17,4092052,4092763,NO,711
chr17,4163302,4163962,NO,660
chr17,4626028,4626720,NO,692
chr17,4948180,4949013,NO,833
chr17,4967054,4967857,NO,803
chr17,5014733,5015402,NO,669
chr17,5051974,5052809,NO,835
chr17,5204574,5205039,NO,465
chr17,5270940,5271544,NO,604
chr17,5324434,5325192,NO,758
chr17,5407856,5408403,NO,547
chr17,5416307,5417145,NO,838
chr17,5490301,5490994,NO,693
chr17,5660277,5661260,NO,983
chr17,5997846,5998681,NO,835
chr17,6963923,6964737,NO,814
chr17,6967728,6968459,NO,731
chr17,7040096,7040486,NO,390
chr17,7061618,7061987,NO,369
chr17,7064659,7065559,NO,900
chr17,7096524,7097257,NO,733
chr17,7409196,7409861,NO,665
chr17,7410940,7411646,NO,706
chr17,7444701,7445470,NO,769
chr17,7451235,7452109,NO,874
chr17,7721893,7722384,NO,491
chr17,7726202,7726965,NO,763
chr17,7727012,7728016,NO,1004
chr17,7992755,7993209,NO,454
chr17,8042962,8043504,NO,542
chr17,8432435,8432908,NO,473
chr17,8568963,8569332,NO,369
chr17,8607097,8607770,NO,673
chr17,8622775,8623465,NO,690
chr17,9391923,9392495,NO,572
chr17,9395283,9396104,NO,821
chr17,9596693,9597276,NO,583
chr17,9772406,9773514,NO,1108
chr17,9915488,9916199,NO,711
chr17,10047349,10047761,NO,412
chr17,10098541,10099333,NO,792
chr17,10271367,10271999,NO,632
chr17,10272616,10273031,NO,415
chr17,10527703,10528580,NO,877
chr17,10601431,10602091,NO,660
chr17,10624592,10625481,NO,889
chr17,10625493,10626311,NO,818
chr17,10634245,10635030,NO,785
chr17,10693553,10693904,NO,351
chr17,10693958,10694165,NO,207
chr17,10707424,10708049,NO,625
chr17,10760168,10760946,NO,778
chr17,10964962,10965415,NO,453
chr17,11260957,11261502,NO,545
chr17,11545725,11546621,NO,896
chr17,11706659,11707836,NO,1177
chr17,11726469,11727250,NO,781
chr17,12501568,12501882,NO,314
chr17,13191937,13192920,NO,983
chr17,14336522,14337258,NO,736
chr17,14355054,14355584,NO,530
chr17,14438331,14439315,NO,984
chr17,14829950,14831243,NO,1293
chr17,15326610,15327365,NO,755
chr17,15344012,15344763,NO,751
chr17,15344782,15345671,NO,889
chr17,15384508,15385475,NO,967
chr17,15513799,15514431,NO,632
chr17,15515574,15516371,NO,797
chr17,15517235,15518303,NO,1068
chr17,15518988,15519743,NO,755
chr17,15814586,15815365,NO,779
chr17,15883674,15884258,NO,584
chr17,16127038,16127735,NO,697
chr17,16863689,16864478,NO,789
chr17,17545293,17546041,NO,748
chr17,17561898,17562602,NO,704
chr17,17581192,17581882,NO,690
chr17,17586311,17587024,NO,713
chr17,17653274,17653956,NO,682
chr17,17749211,17749858,NO,647
chr17,17876336,17876810,NO,474
chr17,17876814,17876828,NO,14
chr17,17876881,17877324,NO,443
chr17,20443451,20443973,NO,522
chr17,20645081,20645542,NO,461
chr17,21929095,21929555,NO,460
chr17,22255594,22256501,NO,907
chr17,22882712,22883100,NO,388
chr17,23739864,23740605,NO,741
chr17,23758094,23758717,NO,623
chr17,23780427,23780792,NO,365
chr17,23832493,23833238,NO,745
chr17,23864226,23864239,NO,13
chr17,23926672,23927280,NO,608
chr17,24270829,24271635,NO,806
chr17,24276355,24277012,NO,657
chr17,24339885,24340488,NO,603
chr17,24931512,24932103,NO,591
chr17,24948066,24948868,NO,802
chr17,25542698,25543214,NO,516
chr17,25891931,25892657,NO,726
chr17,26732865,26734375,NO,1510
chr17,27146166,27146914,NO,748
chr17,27178022,27178616,NO,594
chr17,27315655,27316316,NO,661
chr17,27367186,27368216,NO,1030
chr17,27375429,27376186,NO,757
chr17,27377309,27378375,NO,1066
chr17,27552542,27553003,NO,461
chr17,27638391,27639320,NO,929
chr17,27719983,27720595,NO,612
chr17,27739724,27740516,NO,792
chr17,28077358,28077950,NO,592
chr17,28130913,28131914,NO,1001
chr17,28317168,28317281,NO,113
chr17,28921725,28922477,NO,752
chr17,29064123,29064650,NO,527
chr17,29117907,29118440,NO,533
chr17,29144582,29145786,NO,1204
chr17,29161503,29162528,NO,1025
chr17,29193407,29194392,NO,985
chr17,29323861,29324806,NO,945
chr17,29468250,29468797,NO,547
chr17,29536049,29536563,NO,514
chr17,29542230,29542967,NO,737
chr17,29565710,29566386,NO,676
chr17,29604381,29605075,NO,694
chr17,29613355,29613948,NO,593
chr17,29631024,29631722,NO,698
chr17,30016899,30017737,NO,838
chr17,30464239,30464651,NO,412
chr17,30515140,30515845,NO,705
chr17,30560075,30560717,NO,642
chr17,30720490,30720996,NO,506
chr17,31193891,31194814,NO,923
chr17,31250203,31251143,NO,940
chr17,31400783,31401841,NO,1058
chr17,31401889,31402502,NO,613
chr17,31403874,31404494,NO,620
chr17,31433655,31434293,NO,638
chr17,31444606,31445349,NO,743
chr17,31559866,31560635,NO,769
chr17,31725480,31726096,NO,616
chr17,31890124,31890746,NO,622
chr17,32267368,32267967,NO,599
chr17,32330938,32331519,NO,581
chr17,32432634,32433256,NO,622
chr17,32894107,32894668,NO,561
chr17,33038528,33039425,NO,897
chr17,33199935,33200606,NO,671
chr17,33493774,33494196,NO,422
chr17,33673394,33674039,NO,645
chr17,33736673,33737464,NO,791
chr17,34029161,34029875,NO,714
chr17,34477286,34478072,NO,786
chr17,34518711,34519357,NO,646
chr17,34700739,34701298,NO,559
chr17,35029917,35030696,NO,779
chr17,35087242,35087957,NO,715
chr17,35201745,35202505,NO,760
chr17,35213155,35214088,NO,933
chr17,35864765,35865071,NO,306
chr17,35893168,35893782,NO,614
chr17,35949111,35949972,NO,861
chr17,36075889,36076496,NO,607
chr17,36076755,36077343,NO,588
chr17,36236478,36236922,NO,444
chr17,36969445,36970239,NO,794
chr17,36980981,36981968,NO,987
chr17,37032745,37033279,NO,534
chr17,37164255,37165122,NO,867
chr17,37671940,37672580,NO,640
chr17,38127286,38128126,NO,840
chr17,38153113,38153843,NO,730
chr17,40564253,40564645,NO,392
chr17,40632512,40632765,NO,253
chr17,40722604,40723145,NO,541
chr17,41030157,41030736,NO,579
chr17,41036824,41037244,NO,420
chr17,41040833,41041657,NO,824
chr17,41207742,41208304,NO,562
chr17,43010751,43011486,NO,735
chr17,43037616,43038420,NO,804
chr17,43085628,43086164,NO,536
chr17,43334101,43334558,NO,457
chr17,43491408,43492146,NO,738
chr17,43500627,43501451,NO,824
chr17,43695349,43696079,NO,730
chr17,43848774,43849342,NO,568
chr17,44380957,44381622,NO,665
chr17,44609444,44610277,NO,833
chr17,45632352,45632887,NO,535
chr17,45743747,45744742,NO,995
chr17,45766523,45767400,NO,877
chr17,46010041,46010891,NO,850
chr17,46023226,46023926,NO,700
chr17,46134937,46135825,NO,888
chr17,46546132,46546562,NO,430
chr17,46929748,46930535,NO,787
chr17,46949017,46950128,NO,1111
chr17,47341672,47342052,NO,380
chr17,47702974,47703599,NO,625
chr17,47708346,47709143,NO,797
chr17,47846871,47847574,NO,703
chr17,47847621,47848163,NO,542
chr17,47849890,47850840,NO,950
chr17,47876080,47877026,NO,946
chr17,47925179,47925764,NO,585
chr17,47954758,47955462,NO,704
chr17,48013535,48014571,NO,1036
chr17,48024260,48025444,NO,1184
chr17,48035255,48035748,NO,493
chr17,48051371,48052260,NO,889
chr17,48112639,48113467,NO,828
chr17,48490125,48490512,NO,387
chr17,48573608,48574475,NO,867
chr17,48630033,48630565,NO,532
chr17,48632795,48633431,NO,636
chr17,48640247,48640724,NO,477
chr17,48755341,48756275,NO,934
chr17,49156718,49157227,NO,509
chr17,49172550,49173434,NO,884
chr17,49183309,49183960,NO,651
chr17,49746825,49747432,NO,607
chr17,50165709,50166333,NO,624
chr17,50207591,50208235,NO,644
chr17,50555833,50556266,NO,433
chr17,50565294,50566210,NO,916
chr17,50566935,50567478,NO,543
chr17,51058287,51058888,NO,601
chr17,51401962,51402381,NO,419
chr17,51601250,51601896,NO,646
chr17,51693839,51694310,NO,471
chr17,51834405,51835012,NO,607
chr17,51976160,51976876,NO,716
chr17,51978691,51979418,NO,727
chr17,52782058,52782605,NO,547
chr17,52867846,52868653,NO,807
chr17,53690666,53691346,NO,680
chr17,53700761,53701713,NO,952
chr17,53818129,53818740,NO,611
chr17,54535598,54536081,NO,483
chr17,56437658,56438221,NO,563
chr17,56972466,56973551,NO,1085
chr17,57008637,57009589,NO,952
chr17,57024159,57024743,NO,584
chr17,57025163,57025764,NO,601
chr17,57299171,57299595,NO,424
chr17,59071849,59072750,NO,901
chr17,61104893,61105562,NO,669
chr17,62458175,62459040,NO,865
chr17,63289207,63289910,NO,703
chr17,63357769,63358221,NO,452
chr17,63700224,63700646,NO,422
chr17,63882144,63883151,NO,1007
chr17,64162785,64163406,NO,621
chr17,64181448,64181994,NO,546
chr17,64280954,64281411,NO,457
chr17,64402746,64403604,NO,858
chr17,64409800,64410385,NO,585
chr17,65222655,65223552,NO,897
chr17,66217098,66217850,NO,752
chr17,66305463,66305913,NO,450
chr17,66453333,66453853,NO,520
chr17,66572885,66573590,NO,705
chr17,66626682,66627376,NO,694
chr17,66634344,66635030,NO,686
chr17,66688774,66689513,NO,739
chr17,66788570,66789373,NO,803
chr17,68043107,68043816,NO,709
chr17,68047670,68048284,NO,614
chr17,68060295,68061143,NO,848
chr17,68353194,68354191,NO,997
chr17,68559940,68560546,NO,606
chr17,69571122,69571824,NO,702
chr17,69626562,69627425,NO,863
chr17,70389956,70390583,NO,627
chr17,70752796,70753676,NO,880
chr17,71121396,71122345,NO,949
chr17,71128893,71129772,NO,879
chr17,71443625,71444416,NO,791
chr17,71522752,71523117,NO,365
chr17,72513404,72513967,NO,563
chr17,72906244,72907023,NO,779
chr17,73203354,73204014,NO,660
chr17,73231116,73231622,NO,506
chr17,73418075,73418714,NO,639
chr17,73505961,73506286,NO,325
chr17,74927087,74927097,NO,10
chr17,75087850,75088416,NO,566
chr17,75173588,75174376,NO,788
chr17,75323423,75323858,NO,435
chr17,75496545,75496987,NO,442
chr17,75571866,75572514,NO,648
chr17,75786694,75787322,NO,628
chr17,75920585,75921184,NO,599
chr17,75956321,75956983,NO,662
chr17,76482692,76483391,NO,699
chr17,76510750,76511674,NO,924
chr17,76899311,76899922,NO,611
chr17,78879019,78879685,NO,666
chr17,78907690,78908569,NO,879
chr17,79034830,79035621,NO,791
chr17,79313190,79313799,NO,609
chr17,79402251,79402968,NO,717
chr17,79459516,79460060,NO,544
chr17,79534360,79535064,NO,704
chr17,79741702,79742865,NO,1163
chr17,79764001,79764718,NO,717
chr17,79916313,79916938,NO,625
chr17,80053314,80054110,NO,796
chr17,80107256,80108090,NO,834
chr17,80145218,80146076,NO,858
chr17,80184873,80185331,NO,458
chr17,80550695,80551149,NO,454
chr17,80654456,80655048,NO,592
chr17,80817853,80818448,NO,595
chr17,80840871,80841615,NO,744
chr17,80896416,80897168,NO,752
chr17,80973682,80974488,NO,806
chr17,80998642,80999349,NO,707
chr17,81034851,81035886,NO,1035
chr17,81128692,81129358,NO,666
chr17,81185066,81185358,NO,292
chr17,81185414,81186019,NO,605
chr17,82671859,82672840,NO,981
chr17,82705585,82706182,NO,597
chr17,82730694,82731171,NO,477
chr17,83273277,83273829,NO,552
chr17,83565842,83566303,NO,461
chr17,83647629,83648239,NO,610
chr17,83760448,83761029,NO,581
chr17,83866230,83866983,NO,753
chr17,83868782,83869601,NO,819
chr17,83876301,83876943,NO,642
chr17,83967457,83967865,NO,408
chr17,84063945,84064754,NO,809
chr17,84097927,84098610,NO,683
chr17,84141894,84142778,NO,884
chr17,84149288,84150211,NO,923
chr17,84152265,84153370,NO,1105
chr17,84353678,84354219,NO,541
chr17,84355325,84356009,NO,684
chr17,84356226,84357053,NO,827
chr17,84403076,84403581,NO,505
chr17,84551590,84552084,NO,494
chr17,84582744,84583323,NO,579
chr17,84750255,84751372,NO,1117
chr17,84754063,84755094,NO,1031
chr17,84973133,84973893,NO,760
chr17,84995532,84996274,NO,742
chr17,85113028,85113809,NO,781
chr17,85115560,85116184,NO,624
chr17,85119898,85120401,NO,503
chr17,85144190,85144960,NO,770
chr17,85157484,85158365,NO,881
chr17,85500943,85501756,NO,813
chr17,85541798,85542737,NO,939
chr17,85548532,85549189,NO,657
chr17,85557429,85558983,NO,1554
chr17,85561901,85562926,NO,1025
chr17,85655951,85656869,NO,918
chr17,85748217,85748849,NO,632
chr17,86024223,86024893,NO,670
chr17,86045646,86046153,NO,507
chr17,86113617,86114081,NO,464
chr17,86165739,86166458,NO,719
chr17,86198417,86199053,NO,636
chr17,86535700,86536192,NO,492
chr17,86547699,86548495,NO,796
chr17,87061469,87062360,NO,891
chr17,87067297,87067900,NO,603
chr17,87150676,87151462,NO,786
chr17,87578502,87579107,NO,605
chr17,87870697,87871690,NO,993
chr17,87930591,87931316,NO,725
chr17,87957715,87958265,NO,550
chr17,88076955,88077637,NO,682
chr17,88372701,88373685,NO,984
chr17,88540694,88541450,NO,756
chr17,88655464,88656322,NO,858
chr17,88692433,88692747,NO,314
chr17,88705282,88706123,NO,841
chr17,88706199,88706284,NO,85
chr17,88706346,88706912,NO,566
chr17,88728053,88728756,NO,703
chr17,88744959,88745458,NO,499
chr17,88746081,88746825,NO,744
chr17,88803672,88804528,NO,856
chr17,88910071,88911020,NO,949
chr17,89151993,89152493,NO,500
chr17,89163183,89164041,NO,858
chr17,90333359,90333855,NO,496
chr17,90643569,90644036,NO,467
chr17,90789525,90790363,NO,838
chr17,91024056,91024776,NO,720
chr17,91030485,91031203,NO,718
chr17,91187097,91188097,NO,1000
chr17,91242377,91242952,NO,575
chr17,91243092,91243927,NO,835
chr17,91394602,91395330,NO,728
chr17,91535197,91535615,NO,418
chr17,93712550,93713015,NO,465
chr17,93881503,93882148,NO,645
chr17,95047155,95047737,NO,582
chr17,95265826,95266363,NO,537
chr18,3385402,3385870,NO,468
chr18,3821795,3822590,NO,795
chr18,4314678,4315459,NO,781
chr18,4403862,4404537,NO,675
chr18,4405746,4406236,NO,490
chr18,4891729,4892210,NO,481
chr18,5011502,5012053,NO,551
chr18,5012057,5012702,NO,645
chr18,5014859,5015470,NO,611
chr18,5163169,5163726,NO,557
chr18,5422738,5423501,NO,763
chr18,5694241,5694658,NO,417
chr18,5968799,5969169,NO,370
chr18,6302332,6302926,NO,594
chr18,6516515,6517140,NO,625
chr18,7671949,7672381,NO,432
chr18,7906484,7906980,NO,496
chr18,8136623,8137355,NO,732
chr18,8466512,8467146,NO,634
chr18,8523822,8524708,NO,886
chr18,9214813,9215576,NO,763
chr18,9216318,9216976,NO,658
chr18,9533145,9533596,NO,451
chr18,10049320,10049958,NO,638
chr18,10311009,10311663,NO,654
chr18,10460867,10461955,NO,1088
chr18,10503371,10504201,NO,830
chr18,10865886,10866730,NO,844
chr18,11214736,11215212,NO,476
chr18,11645272,11645958,NO,686
chr18,12002313,12002823,NO,510
chr18,12120087,12120830,NO,743
chr18,12179060,12179685,NO,625
chr18,12397312,12397800,NO,488
chr18,12397982,12398585,NO,603
chr18,12476125,12476582,NO,457
chr18,12544109,12544667,NO,558
chr18,12646127,12646692,NO,565
chr18,12682461,12682839,NO,378
chr18,12797614,12797946,NO,332
chr18,13003820,13004566,NO,746
chr18,13045338,13046163,NO,825
chr18,13192849,13193509,NO,660
chr18,13555548,13556263,NO,715
chr18,13747569,13748016,NO,447
chr18,13770603,13771206,NO,603
chr18,13870746,13871715,NO,969
chr18,13900598,13901258,NO,660
chr18,14832586,14833585,NO,999
chr18,14834955,14835577,NO,622
chr18,15221925,15222475,NO,550
chr18,15425795,15426201,NO,406
chr18,16196089,16196708,NO,619
chr18,16196912,16197018,NO,106
chr18,16338355,16338892,NO,537
chr18,16648969,16649565,NO,596
chr18,16773026,16773710,NO,684
chr18,16823969,16824385,NO,416
chr18,17389892,17390607,NO,715
chr18,17440623,17441578,NO,955
chr18,17577354,17577915,NO,561
chr18,17770771,17771442,NO,671
chr18,20379421,20379933,NO,512
chr18,20899101,20900111,NO,1010
chr18,21081347,21082114,NO,767
chr18,21101897,21102870,NO,973
chr18,21166528,21167302,NO,774
chr18,21186938,21187628,NO,690
chr18,21243235,21243710,NO,475
chr18,21376659,21377583,NO,924
chr18,21592258,21592923,NO,665
chr18,21931890,21932489,NO,599
chr18,22104162,22104603,NO,441
chr18,23671363,23671742,NO,379
chr18,23673928,23674603,NO,675
chr18,23700727,23701259,NO,532
chr18,23865614,23866168,NO,554
chr18,23973775,23974478,NO,703
chr18,24151920,24152681,NO,761
chr18,24326913,24327365,NO,452
chr18,24485215,24485720,NO,505
chr18,24533821,24534359,NO,538
chr18,24552560,24553186,NO,626
chr18,24560585,24561167,NO,582
chr18,24602700,24603242,NO,542
chr18,24788157,24788779,NO,622
chr18,24852810,24853284,NO,474
chr18,25026906,25027725,NO,819
chr18,25196358,25196921,NO,563
chr18,25547633,25548502,NO,869
chr18,25741496,25741947,NO,451
chr18,26157462,26158274,NO,812
chr18,26869594,26870021,NO,427
chr18,27884695,27885433,NO,738
chr18,28628775,28629537,NO,762
chr18,28663136,28663668,NO,532
chr18,28680807,28681461,NO,654
chr18,29563940,29564369,NO,429
chr18,29738523,29739583,NO,1060
chr18,29863186,29863838,NO,652
chr18,30280875,30282018,NO,1143
chr18,30411735,30412453,NO,718
chr18,30668369,30669522,NO,1153
chr18,30678979,30679447,NO,468
chr18,30849307,30850187,NO,880
chr18,30857481,30858280,NO,799
chr18,31132744,31133273,NO,529
chr18,31380823,31381742,NO,919
chr18,31407429,31408350,NO,921
chr18,31720538,31721027,NO,489
chr18,31751744,31752114,NO,370
chr18,31927201,31927880,NO,679
chr18,32812292,32812831,NO,539
chr18,33237995,33238478,NO,483
chr18,33571889,33572562,NO,673
chr18,33621690,33622128,NO,438
chr18,33913019,33913513,NO,494
chr18,33995227,33996105,NO,878
chr18,34049974,34050773,NO,799
chr18,34092107,34092836,NO,729
chr18,34109932,34110743,NO,811
chr18,34127870,34128623,NO,753
chr18,34157592,34158493,NO,901
chr18,34252622,34253150,NO,528
chr18,34291622,34292790,NO,1168
chr18,34701440,34701861,NO,421
chr18,34711279,34711955,NO,676
chr18,34714954,34715289,NO,335
chr18,34765471,34766340,NO,869
chr18,34884236,34884615,NO,379
chr18,34937293,34938906,NO,1613
chr18,34974854,34975391,NO,537
chr18,35230305,35230984,NO,679
chr18,35297498,35298380,NO,882
chr18,35455769,35456523,NO,754
chr18,35572234,35572800,NO,566
chr18,35614653,35615027,NO,374
chr18,35835467,35836170,NO,703
chr18,35838405,35839204,NO,799
chr18,35915171,35915710,NO,539
chr18,35917041,35917877,NO,836
chr18,35982138,35983371,NO,1233
chr18,36332847,36333325,NO,478
chr18,36575051,36576011,NO,960
chr18,36580201,36581026,NO,825
chr18,36663897,36664424,NO,527
chr18,36924103,36924650,NO,547
chr18,37892904,37893442,NO,538
chr18,37911821,37912317,NO,496
chr18,37931149,37931649,NO,500
chr18,38000290,38000857,NO,567
chr18,38092039,38092926,NO,887
chr18,38241293,38242034,NO,741
chr18,38304304,38305091,NO,787
chr18,38308057,38309020,NO,963
chr18,38334016,38335113,NO,1097
chr18,38569031,38569656,NO,625
chr18,38733177,38733845,NO,668
chr18,38902022,38902612,NO,590
chr18,39063292,39064285,NO,993
chr18,39065441,39066152,NO,711
chr18,39120500,39121137,NO,637
chr18,39132300,39133007,NO,707
chr18,39284353,39284914,NO,561
chr18,39323107,39323572,NO,465
chr18,39828465,39829080,NO,615
chr18,40388023,40388668,NO,645
chr18,41202901,41203233,NO,332
chr18,41939239,41939903,NO,664
chr18,42096304,42096963,NO,659
chr18,42432273,42432907,NO,634
chr18,42467480,42468237,NO,757
chr18,42523773,42524323,NO,550
chr18,42704732,42705347,NO,615
chr18,43304305,43304819,NO,514
chr18,43452194,43452774,NO,580
chr18,43884743,43885370,NO,627
chr18,44301873,44302578,NO,705
chr18,44538369,44538904,NO,535
chr18,44546566,44547262,NO,696
chr18,44724740,44725300,NO,560
chr18,45215577,45215884,NO,307
chr18,45788314,45789076,NO,762
chr18,46372262,46373122,NO,860
chr18,46873044,46873755,NO,711
chr18,46955025,46955776,NO,751
chr18,47040728,47041432,NO,704
chr18,47073936,47074706,NO,770
chr18,47128849,47129454,NO,605
chr18,47518017,47518632,NO,615
chr18,47634736,47635512,NO,776
chr18,47652330,47653114,NO,784
chr18,47655249,47656137,NO,888
chr18,47689964,47690713,NO,749
chr18,47728855,47729870,NO,1015
chr18,47807156,47807707,NO,551
chr18,47863110,47863919,NO,809
chr18,49386721,49387128,NO,407
chr18,49388664,49389158,NO,494
chr18,49906414,49907241,NO,827
chr18,49992787,49993420,NO,633
chr18,50151225,50152092,NO,867
chr18,51021191,51021722,NO,531
chr18,52092207,52092822,NO,615
chr18,53424773,53425562,NO,789
chr18,53570940,53571612,NO,672
chr18,54040568,54041174,NO,606
chr18,54286630,54287215,NO,585
chr18,54736215,54736795,NO,580
chr18,54878680,54879673,NO,993
chr18,54987343,54988511,NO,1168
chr18,55190426,55190931,NO,505
chr18,55348101,55348889,NO,788
chr18,55349826,55350496,NO,670
chr18,55582211,55582765,NO,554
chr18,55606292,55606869,NO,577
chr18,56625799,56626696,NO,897
chr18,56825964,56826659,NO,695
chr18,56904076,56905152,NO,1076
chr18,56913263,56913873,NO,610
chr18,57545670,57546214,NO,544
chr18,57627860,57628236,NO,376
chr18,57830641,57831663,NO,1022
chr18,57987336,57987826,NO,490
chr18,58036521,58036936,NO,415
chr18,58037388,58038122,NO,734
chr18,58041725,58042474,NO,749
chr18,59125300,59125984,NO,684
chr18,60136159,60136779,NO,620
chr18,60912740,60913213,NO,473
chr18,60926553,60927144,NO,591
chr18,60982542,60982953,NO,411
chr18,61194178,61195031,NO,853
chr18,61195673,61196405,NO,732
chr18,61395668,61396228,NO,560
chr18,62159758,62160427,NO,669
chr18,63286293,63286865,NO,572
chr18,63837128,63837711,NO,583
chr18,64023664,64024339,NO,675
chr18,64046736,64047254,NO,518
chr18,64083971,64084899,NO,928
chr18,64173410,64174163,NO,753
chr18,64178676,64179554,NO,878
chr18,64258581,64259079,NO,498
chr18,64544397,64545185,NO,788
chr18,64981116,64981739,NO,623
chr18,65092900,65093364,NO,464
chr18,65282092,65282862,NO,770
chr18,65575946,65576795,NO,849
chr18,65586873,65587598,NO,725
chr18,65737262,65738119,NO,857
chr18,65757317,65757970,NO,653
chr18,65772093,65772637,NO,544
chr18,65775754,65776280,NO,526
chr18,65820902,65821362,NO,460
chr18,65992612,65993372,NO,760
chr18,66083667,66085213,NO,1546
chr18,66100420,66101523,NO,1103
chr18,66182175,66182780,NO,605
chr18,66446527,66447254,NO,727
chr18,66563195,66563759,NO,564
chr18,66574282,66574984,NO,702
chr18,66586827,66587408,NO,581
chr18,66588605,66589384,NO,779
chr18,66620651,66621456,NO,805
chr18,66655716,66656250,NO,534
chr18,66995043,66995632,NO,589
chr18,67417969,67418818,NO,849
chr18,67500309,67500907,NO,598
chr18,67501001,67502062,NO,1061
chr18,67656826,67658259,NO,1433
chr18,67666084,67666825,NO,741
chr18,67720234,67720961,NO,727
chr18,67891863,67892618,NO,755
chr18,68089930,68090742,NO,812
chr18,68254826,68255517,NO,691
chr18,68300267,68300885,NO,618
chr18,68791996,68792559,NO,563
chr18,69083695,69084428,NO,733
chr18,69086995,69087570,NO,575
chr18,69298600,69299261,NO,661
chr18,69564074,69564497,NO,423
chr18,69722320,69722743,NO,423
chr18,69941506,69942458,NO,952
chr18,70699649,70700319,NO,670
chr18,71662816,71663269,NO,453
chr18,72713666,72714237,NO,571
chr18,72875142,72875582,NO,440
chr18,73376543,73376923,NO,380
chr18,74223279,74224086,NO,807
chr18,74397308,74397914,NO,606
chr18,75367669,75368423,NO,754
chr18,75369705,75370485,NO,780
chr18,75393244,75394069,NO,825
chr18,75452928,75453575,NO,647
chr18,75609066,75609780,NO,714
chr18,75624283,75625079,NO,796
chr18,76002451,76003166,NO,715
chr18,76006224,76006589,NO,365
chr18,76061002,76061835,NO,833
chr18,76794733,76795623,NO,890
chr18,76832964,76833528,NO,564
chr18,76833924,76834464,NO,540
chr18,76834846,76835327,NO,481
chr18,76931680,76932478,NO,798
chr18,77276308,77277535,NO,122
